2 0.13828125 0.59140625 0.1140625 0.2046875
1 0.03515625 0.58046875 0.0703125 0.18046875
1 0.1109375 0.46171875 0.0734375 0.18515625
1 0.2015625 0.48125 0.0703125 0.121875
0 0.24609375 0.41640625 0.06640625 0.12734375
1 0.153125 0.41015625 0.0578125 0.109375
1 0.178125 0.3421875 0.0484375 0.12421875
1 0.2640625 0.35390625 0.07265625 0.10703125
1 0.22734375 0.30234375 0.04296875 0.09765625
1 0.29609375 0.30625 0.04921875 0.09296875
1 0.3078125 0.265625 0.04609375 0.06953125
1 0.23984375 0.26328125 0.03515625 0.078125
1 0.48828125 0.4296875 0.08359375 0.121875
1 0.58203125 0.43125 0.07890625 0.13359375
1 0.55625 0.35078125 0.0609375 0.10078125
1 0.4796875 0.3578125 0.07109375 0.10546875
1 0.47265625 0.309375 0.0609375 0.09765625
1 0.49921875 0.26015625 0.0421875 0.084375
2 0.55703125 0.26484375 0.053125 0.10703125
1 0.5609375 0.30390625 0.06640625 0.09453125
1 0.690625 0.2640625 0.04609375 0.10234375
1 0.71484375 0.3171875 0.0765625 0.0859375
1 0.74453125 0.28046875 0.0515625 0.0609375
2 0.79375 0.3078125 0.04765625 0.09453125
0 0.75703125 0.35703125 0.05390625 0.09765625
0 0.83828125 0.37109375 0.0640625 0.09609375
1 0.81171875 0.415625 0.05546875 0.10234375
1 0.90234375 0.4359375 0.07265625 0.09765625
1 0.85625 0.49921875 0.06953125 0.1421875
1 0.94921875 0.50390625 0.065625 0.1125
0 0.95703125 0.62734375 0.0859375 0.1453125