2 0.05625 0.41953125 0.06328125 0.22734375
2 0.05625 0.32734375 0.0765625 0.13671875
2 0.121875 0.3125 0.059375 0.18515625
2 0.10625 0.2859375 0.06328125 0.11171875
2 0.165625 0.2640625 0.05625 0.1328125
2 0.21015625 0.215625 0.0453125 0.13671875
2 0.23671875 0.18984375 0.04765625 0.11171875
2 0.2453125 0.44921875 0.10546875 0.17890625
2 0.34296875 0.4453125 0.0875 0.16015625
2 0.3640625 0.3078125 0.07578125 0.20859375
2 0.40234375 0.15546875 0.0546875 0.1046875
2 0.36640625 0.16328125 0.04296875 0.09921875
2 0.340625 0.1921875 0.0421875 0.07890625
2 0.5671875 0.3421875 0.06015625 0.1109375
2 0.64765625 0.31015625 0.06171875 0.16875
2 0.71328125 0.4765625 0.08203125 0.1296875
2 0.52890625 0.175 0.03203125 0.11953125
2 0.51015625 0.16875 0.02734375 0.09296875
2 0.70625 0.20390625 0.03828125 0.1078125
2 0.7890625 0.3546875 0.06171875 0.1234375
2 0.86640625 0.42421875 0.06328125 0.196875
2 0.60078125 0.42734375 0.0484375 0.19375
0 0.58984375 0.2484375 0.05546875 0.10078125
1 0.2875 0.365625 0.06171875 0.13359375
1 0.3078125 0.29140625 0.03984375 0.0875
1 0.4046875 0.20625 0.05 0.0859375
1 0.53671875 0.23828125 0.03828125 0.07734375
1 0.55625 0.1796875 0.02421875 0.05703125
0 0.54140625 0.2953125 0.06640625 0.09609375
1 0.6625 0.21796875 0.0359375 0.07109375
1 0.79609375 0.28203125 0.04375 0.1234375
1 0.73828125 0.30546875 0.05703125 0.090625
1 0.753125 0.26171875 0.0328125 0.07578125
1 0.93359375 0.46875 0.06953125 0.13671875
0 0.69921875 0.26328125 0.0359375 0.07265625