1 0.2515625 0.4296875 0.08203125 0.19765625
1 0.3828125 0.3171875 0.07734375 0.16015625
1 0.28828125 0.3640625 0.05390625 0.11328125
1 0.3171875 0.2890625 0.05546875 0.09140625
1 0.23671875 0.20546875 0.03515625 0.07578125
1 0.3328125 0.234375 0.0453125 0.08125
1 0.40546875 0.20703125 0.0421875 0.07578125
1 0.39453125 0.23359375 0.04296875 0.0796875
1 0.35625 0.196875 0.034375 0.0671875
1 0.5578125 0.17578125 0.0328125 0.0625
1 0.52734375 0.23359375 0.03515625 0.0828125
1 0.5546875 0.26484375 0.06875 0.13359375
1 0.6390625 0.26875 0.05625 0.1234375
1 0.578125 0.35859375 0.06640625 0.1328125
1 0.61953125 0.4609375 0.08203125 0.146875
1 0.70703125 0.47109375 0.096875 0.1328125
1 0.93515625 0.47578125 0.065625 0.109375
0 0.87890625 0.46484375 0.0578125 0.128125
0 0.85234375 0.36875 0.0515625 0.09921875
0 0.80078125 0.37734375 0.0546875 0.09296875
1 0.74296875 0.3046875 0.0546875 0.1046875
1 0.7953125 0.2828125 0.04296875 0.1296875
1 0.7484375 0.259375 0.05546875 0.0609375
2 0.70546875 0.22265625 0.04296875 0.1484375
1 0.6671875 0.2203125 0.034375 0.06875
2 0.63828125 0.32578125 0.07265625 0.175
2 0.58828125 0.2125 0.04609375 0.09609375
2 0.51484375 0.1765625 0.03359375 0.09921875
2 0.40390625 0.14765625 0.0578125 0.11171875
2 0.3421875 0.44453125 0.078125 0.15859375
2 0.059375 0.40546875 0.06640625 0.22578125
2 0.06640625 0.33359375 0.06484375 0.128125
2 0.11484375 0.325 0.0703125 0.165625
2 0.10625 0.26953125 0.0640625 0.11953125
2 0.1671875 0.26875 0.06484375 0.1296875
2 0.209375 0.21953125 0.05234375 0.14296875
1 0.15859375 0.22734375 0.02890625 0.0609375