2 0.05703125 0.415625 0.06953125 0.22890625
2 0.240625 0.42578125 0.0859375 0.1875
2 0.35390625 0.46328125 0.08671875 0.1515625
2 0.6296875 0.42890625 0.090625 0.24296875
1 0.11875 0.36015625 0.05 0.12109375
1 0.05 0.3625 0.0609375 0.1046875
1 0.12109375 0.290625 0.0421875 0.09453125
1 0.17890625 0.2828125 0.04765625 0.10078125
1 0.2125 0.24140625 0.04140625 0.08125
1 0.2375 0.21015625 0.0375 0.06875
1 0.16640625 0.23984375 0.04140625 0.0828125
1 0.28828125 0.346875 0.05234375 0.11484375
1 0.36328125 0.3453125 0.065625 0.12265625
1 0.31015625 0.28125 0.05 0.0875
1 0.38203125 0.2890625 0.0546875 0.11171875
1 0.3359375 0.23828125 0.04140625 0.09765625
1 0.38125 0.2421875 0.03359375 0.0625
1 0.35078125 0.1984375 0.025 0.0625
1 0.36953125 0.1765625 0.02265625 0.0609375
1 0.40546875 0.20859375 0.0421875 0.07578125
1 0.4078125 0.16953125 0.0390625 0.07421875
1 0.51171875 0.178125 0.0328125 0.065625
1 0.559375 0.18671875 0.03828125 0.0609375
1 0.52109375 0.21171875 0.03046875 0.06875
1 0.5734375 0.21015625 0.0375 0.065625
1 0.58984375 0.240625 0.04921875 0.07734375
1 0.54765625 0.2890625 0.05859375 0.09140625
1 0.61796875 0.29921875 0.0515625 0.09453125
1 0.715625 0.4828125 0.08359375 0.15
1 0.87265625 0.47578125 0.05859375 0.13515625
1 0.9296875 0.465625 0.05625 0.128125
1 0.84609375 0.3734375 0.05 0.09140625
1 0.7875 0.378125 0.0578125 0.11484375
1 0.73984375 0.31015625 0.04609375 0.084375
1 0.79375 0.30546875 0.028125 0.0671875
1 0.753125 0.265625 0.0296875 0.07734375
1 0.70625 0.2625 0.0390625 0.07109375
1 0.66953125 0.2328125 0.03359375 0.06953125
1 0.72109375 0.2296875 0.02421875 0.065625
0 0.571875 0.36796875 0.05859375 0.1328125
0 0.665625 0.3671875 0.0609375 0.1078125