0 0.590625 0.24296875 0.0546875 0.084375
1 0.24453125 0.46796875 0.09609375 0.16171875
1 0.35234375 0.459375 0.09765625 0.1734375
1 0.27265625 0.37578125 0.075 0.128125
1 0.36484375 0.3578125 0.084375 0.12109375
1 0.31015625 0.29140625 0.05390625 0.09921875
1 0.36875 0.28046875 0.04921875 0.109375
1 0.39921875 0.246875 0.04296875 0.07734375
1 0.3390625 0.24140625 0.0375 0.07578125
1 0.0421875 0.46171875 0.06953125 0.125
1 0.05703125 0.36015625 0.06171875 0.10625
1 0.11640625 0.36015625 0.0546875 0.10625
1 0.11171875 0.29140625 0.05078125 0.09609375
1 0.165625 0.29609375 0.0484375 0.0890625
1 0.20859375 0.25234375 0.04296875 0.07421875
1 0.234375 0.21015625 0.04296875 0.059375
1 0.57265625 0.36015625 0.06171875 0.1265625
1 0.6578125 0.36875 0.059375 0.1109375
1 0.61875 0.4734375 0.08984375 0.13671875
1 0.54375 0.28515625 0.07109375 0.09296875
1 0.53671875 0.23203125 0.04375 0.0828125
1 0.66796875 0.22421875 0.03515625 0.06953125
1 0.6984375 0.2609375 0.0453125 0.06953125
1 0.74140625 0.31875 0.0515625 0.09609375
1 0.84921875 0.38828125 0.05625 0.0890625
1 0.878125 0.48984375 0.071875 0.11484375
1 0.93359375 0.47578125 0.0640625 0.12265625
1 0.803125 0.3140625 0.04921875 0.0890625
1 0.7515625 0.26171875 0.03203125 0.0671875
1 0.61484375 0.30078125 0.05546875 0.07734375
1 0.3625 0.1796875 0.03203125 0.0625
1 0.39609375 0.18671875 0.03203125 0.05078125
1 0.184375 0.2125 0.0328125 0.05859375