4 0.26328125 0.58984375 0.0953125 0.13671875
4 0.1921875 0.6453125 0.10390625 0.11796875
4 0.28515625 0.278125 0.05234375 0.10234375
4 0.3875 0.35546875 0.096875 0.1421875
4 0.3921875 0.28125 0.05703125 0.08515625
4 0.34140625 0.253125 0.05859375 0.0765625
4 0.46484375 0.19765625 0.05546875 0.06796875
4 0.49296875 0.16796875 0.0453125 0.0640625
4 0.53359375 0.16171875 0.05234375 0.05703125
4 0.31484375 0.1765625 0.04140625 0.075
4 0.65625 0.11796875 0.03984375 0.059375
0 0.115625 0.6421875 0.08359375 0.18671875
0 0.08125 0.5546875 0.0796875 0.11171875
0 0.51484375 0.09296875 0.04140625 0.0609375
0 0.54296875 0.08984375 0.03359375 0.06015625
3 0.4484375 0.3421875 0.059375 0.08125
1 0.62109375 0.12734375 0.034375 0.05390625
3 0.61171875 0.09921875 0.0328125 0.040625
1 0.2171875 0.46875 0.075 0.13671875
1 0.15703125 0.51875 0.06484375 0.1234375
1 0.1390625 0.43671875 0.075 0.08984375
1 0.07734375 0.478125 0.06328125 0.075
0 0.0671875 0.41015625 0.04375 0.08359375
0 0.10546875 0.37578125 0.0484375 0.0703125
1 0.165625 0.365625 0.06484375 0.08203125
1 0.3921875 0.22578125 0.04921875 0.07109375
1 0.5109375 0.37578125 0.06875 0.1203125
1 0.5546875 0.34609375 0.0515625 0.10859375
4 0.4875 0.30703125 0.04765625 0.09609375
1 0.53203125 0.27265625 0.05703125 0.096875
1 0.553125 0.2453125 0.04140625 0.0859375
1 0.6125 0.22421875 0.05546875 0.08515625
1 0.51328125 0.22421875 0.0453125 0.0796875
1 0.44140625 0.128125 0.04765625 0.05234375
1 0.38671875 0.1484375 0.04140625 0.05703125
1 0.34609375 0.16015625 0.03828125 0.05703125
4 0.34375 0.12578125 0.0390625 0.05703125
1 0.3734375 0.115625 0.034375 0.05546875
1 0.40546875 0.1125 0.03515625 0.0515625
1 0.5625 0.07578125 0.02890625 0.04765625
1 0.58359375 0.1046875 0.03671875 0.05703125
1 0.67578125 0.15 0.04921875 0.059375
1 0.69375 0.11875 0.03515625 0.0484375
1 0.70859375 0.1796875 0.0328125 0.0734375
1 0.7265625 0.17421875 0.0328125 0.0609375
1 0.7546875 0.159375 0.03828125 0.0703125
1 0.77109375 0.2203125 0.0390625 0.0796875
1 0.79296875 0.203125 0.03046875 0.06171875
1 0.7953125 0.17734375 0.034375 0.059375
1 0.33046875 0.3234375 0.05390625 0.08984375