4 0.259375 0.56484375 0.07578125 0.12890625
0 0.21171875 0.590625 0.08359375 0.1484375
4 0.10546875 0.39296875 0.0421875 0.10625
0 0.06640625 0.4125 0.0515625 0.09765625
0 0.11484375 0.6515625 0.07265625 0.1859375
4 0.28359375 0.27578125 0.04296875 0.09609375
4 0.38671875 0.3546875 0.0859375 0.14140625
4 0.34140625 0.2578125 0.0546875 0.07109375
4 0.4609375 0.19453125 0.04765625 0.06640625
4 0.48984375 0.1734375 0.0375 0.07109375
4 0.534375 0.165625 0.0421875 0.0640625
4 0.61875 0.23125 0.06796875 0.090625
4 0.653125 0.1171875 0.03359375 0.05625
3 0.4421875 0.34453125 0.05859375 0.08671875
1 0.21875 0.46796875 0.0671875 0.13359375
1 0.15859375 0.5125 0.0609375 0.12578125
1 0.08046875 0.5546875 0.0578125 0.13984375
1 0.1390625 0.44140625 0.075 0.11328125
1 0.07265625 0.48515625 0.05703125 0.08359375
1 0.16328125 0.3640625 0.0578125 0.06796875
1 0.3328125 0.325 0.04609375 0.08671875
1 0.51015625 0.378125 0.0625 0.15546875
1 0.5484375 0.34765625 0.05390625 0.1375
1 0.48828125 0.303125 0.05 0.09375
1 0.52578125 0.26875 0.03984375 0.09921875
1 0.56640625 0.2578125 0.05546875 0.10546875
1 0.5125 0.21953125 0.04765625 0.07578125
1 0.38515625 0.22265625 0.05078125 0.08046875
1 0.38828125 0.278125 0.04375 0.08203125
1 0.4375 0.1296875 0.04609375 0.05703125
1 0.384375 0.1484375 0.0375 0.0640625
1 0.3453125 0.1609375 0.0359375 0.06328125
4 0.31328125 0.17265625 0.04375 0.071875
4 0.34921875 0.13359375 0.03515625 0.05234375
1 0.37421875 0.11875 0.03203125 0.0671875
1 0.40078125 0.1125 0.03046875 0.05078125
0 0.515625 0.0953125 0.03125 0.06171875
0 0.540625 0.0859375 0.02265625 0.046875
1 0.559375 0.078125 0.02421875 0.05859375
1 0.5828125 0.10703125 0.0296875 0.05078125
1 0.62421875 0.1265625 0.0421875 0.06328125
1 0.61015625 0.09921875 0.02890625 0.0390625
0 0.67265625 0.13828125 0.03671875 0.07578125
1 0.690625 0.18828125 0.03515625 0.10625
0 0.69453125 0.12890625 0.021875 0.05546875
1 0.71484375 0.16640625 0.02578125 0.08046875
1 0.75234375 0.15859375 0.0328125 0.07421875
4 0.7703125 0.21875 0.04375 0.075
1 0.7984375 0.1984375 0.034375 0.06875