4 0.26171875 0.5875 0.08671875 0.134375
4 0.18828125 0.6453125 0.08125 0.12578125
4 0.284375 0.275 0.0453125 0.0953125
4 0.3859375 0.3546875 0.08671875 0.1421875
4 0.6546875 0.1171875 0.03203125 0.05390625
4 0.46015625 0.19609375 0.04765625 0.07109375
4 0.490625 0.17109375 0.03984375 0.06796875
4 0.34140625 0.25625 0.05625 0.0703125
0 0.11328125 0.64296875 0.071875 0.17734375
0 0.078125 0.56015625 0.05625 0.1171875
0 0.07421875 0.48203125 0.05390625 0.10703125
0 0.10390625 0.39296875 0.040625 0.06484375
0 0.07265625 0.41484375 0.04140625 0.08359375
0 0.51640625 0.09296875 0.034375 0.059375
0 0.5375 0.08828125 0.02109375 0.0484375
0 0.5796875 0.0984375 0.03046875 0.05703125
1 0.16328125 0.3625 0.059375 0.08203125
1 0.13828125 0.440625 0.07890625 0.11015625
1 0.21875 0.46875 0.06796875 0.13671875
1 0.15859375 0.50703125 0.0625 0.1265625
1 0.50859375 0.38359375 0.075 0.14296875
1 0.5546875 0.34375 0.0640625 0.12421875
4 0.484375 0.30546875 0.0484375 0.0953125
1 0.53203125 0.2703125 0.04921875 0.09140625
1 0.56484375 0.2609375 0.05390625 0.0796875
1 0.6109375 0.23203125 0.05546875 0.08828125
1 0.5140625 0.22265625 0.05546875 0.07890625
1 0.38828125 0.278125 0.0390625 0.08984375
1 0.334375 0.3234375 0.046875 0.08828125
1 0.38984375 0.2265625 0.04921875 0.071875
1 0.440625 0.12734375 0.046875 0.06015625
1 0.384375 0.14921875 0.040625 0.0609375
1 0.34609375 0.1625 0.03515625 0.06640625
1 0.3125 0.17265625 0.03984375 0.065625
1 0.3734375 0.11328125 0.03203125 0.04609375
1 0.40390625 0.11171875 0.028125 0.04765625
1 0.559375 0.07734375 0.02734375 0.0546875
1 0.60546875 0.09765625 0.03671875 0.04453125
1 0.625 0.1234375 0.040625 0.05234375
1 0.675 0.14609375 0.046875 0.06328125
1 0.70078125 0.13125 0.0234375 0.05703125
1 0.7140625 0.18203125 0.04765625 0.06875
1 0.72109375 0.16328125 0.02109375 0.06171875
1 0.75234375 0.159375 0.03828125 0.06640625
1 0.771875 0.2109375 0.03828125 0.0796875
1 0.79296875 0.19921875 0.028125 0.06484375
1 0.796875 0.18046875 0.02578125 0.06015625
3 0.44453125 0.34140625 0.06015625 0.08515625
4 0.5296875 0.16171875 0.053125 0.05078125