4 0.2609375 0.58984375 0.08671875 0.13515625
4 0.18671875 0.64921875 0.0921875 0.13359375
4 0.28515625 0.27734375 0.05078125 0.096875
4 0.34296875 0.259375 0.05859375 0.08125
4 0.38828125 0.35859375 0.08671875 0.14375
4 0.46171875 0.19296875 0.05390625 0.06796875
4 0.49375 0.17578125 0.05 0.06640625
4 0.53046875 0.16796875 0.0609375 0.05703125
4 0.6203125 0.2328125 0.0640625 0.09375
4 0.3140625 0.17421875 0.0453125 0.06953125
4 0.65390625 0.11484375 0.03671875 0.0546875
0 0.11484375 0.65078125 0.0828125 0.165625
0 0.10390625 0.3875 0.04140625 0.0625
0 0.390625 0.27890625 0.04921875 0.09375
0 0.5140625 0.09375 0.03671875 0.06875
0 0.53984375 0.08984375 0.02578125 0.0546875
3 0.44609375 0.340625 0.06953125 0.07578125
1 0.21796875 0.47109375 0.0734375 0.13203125
1 0.1578125 0.51796875 0.0625 0.12265625
1 0.07109375 0.540625 0.0609375 0.1296875
1 0.06953125 0.465625 0.05 0.0609375
1 0.14140625 0.4421875 0.08046875 0.1078125
1 0.1640625 0.365625 0.05625 0.07890625
1 0.06953125 0.41796875 0.04921875 0.0859375
1 0.33046875 0.325 0.05 0.08359375
1 0.5125 0.37109375 0.0765625 0.14921875
1 0.5484375 0.34453125 0.04453125 0.1234375
1 0.4875 0.303125 0.05859375 0.08671875
1 0.528125 0.271875 0.0578125 0.1
1 0.56484375 0.25703125 0.05 0.09140625
1 0.509375 0.2234375 0.0484375 0.078125
1 0.3875 0.22109375 0.059375 0.084375
1 0.346875 0.16328125 0.034375 0.06484375
1 0.3859375 0.146875 0.04765625 0.06484375
1 0.43671875 0.12890625 0.05078125 0.05546875
1 0.4046875 0.11015625 0.028125 0.04375
1 0.375 0.1109375 0.03984375 0.05234375
1 0.34375 0.12734375 0.02734375 0.04609375
1 0.56328125 0.07734375 0.0328125 0.05078125
1 0.58125 0.09921875 0.02578125 0.05234375
1 0.6265625 0.1203125 0.04140625 0.05859375
1 0.61328125 0.0984375 0.0296875 0.05
1 0.678125 0.1453125 0.04921875 0.0609375
1 0.69609375 0.1296875 0.0296875 0.06328125
1 0.7046875 0.18046875 0.034375 0.0671875
1 0.71796875 0.16953125 0.02265625 0.0625
1 0.74921875 0.16015625 0.03515625 0.06953125
4 0.77265625 0.2171875 0.04375 0.08671875
1 0.79453125 0.2 0.03203125 0.0671875