4 0.26875 0.5890625 0.09921875 0.13203125
4 0.190625 0.64453125 0.08515625 0.12109375
4 0.28203125 0.27578125 0.046875 0.096875
4 0.34140625 0.25546875 0.05234375 0.065625
4 0.3921875 0.35234375 0.10546875 0.14453125
4 0.46328125 0.1953125 0.05390625 0.06953125
4 0.49609375 0.171875 0.03984375 0.06796875
4 0.5359375 0.165625 0.05546875 0.0640625
4 0.31484375 0.1734375 0.05 0.0765625
1 0.34765625 0.159375 0.0390625 0.05078125
1 0.3328125 0.125 0.0203125 0.0453125
3 0.4484375 0.34453125 0.0640625 0.084375
4 0.0984375 0.37890625 0.059375 0.06875
1 0.628125 0.125 0.04609375 0.05546875
4 0.65625 0.115625 0.0375 0.05
1 0.76875 0.21875 0.04453125 0.06015625
1 0.79765625 0.19921875 0.0359375 0.05546875
1 0.7125 0.17890625 0.04453125 0.06484375
1 0.7296875 0.1625 0.02890625 0.0546875
1 0.75390625 0.15546875 0.03359375 0.06171875
1 0.6765625 0.14765625 0.0453125 0.05703125
1 0.69375 0.12265625 0.0328125 0.05078125
1 0.5828125 0.0984375 0.0359375 0.0484375
1 0.6109375 0.0984375 0.03515625 0.04296875
0 0.51875 0.096875 0.03203125 0.0671875
0 0.5421875 0.0875 0.03125 0.04765625
1 0.5640625 0.07890625 0.03828125 0.0515625
0 0.39140625 0.275 0.0421875 0.078125
0 0.1078125 0.6609375 0.0890625 0.16484375
1 0.08125 0.5484375 0.06640625 0.1234375
1 0.16171875 0.5109375 0.0671875 0.1296875
1 0.215625 0.4671875 0.06875 0.12734375
1 0.1390625 0.440625 0.084375 0.10703125
1 0.07421875 0.4796875 0.06015625 0.084375
1 0.07109375 0.41484375 0.053125 0.084375
1 0.159375 0.3515625 0.06875 0.0796875
1 0.33359375 0.32265625 0.053125 0.08359375
1 0.51484375 0.375 0.0765625 0.140625
1 0.55 0.346875 0.04453125 0.10625
1 0.4890625 0.29921875 0.05546875 0.078125
1 0.525 0.265625 0.04609375 0.09375
1 0.55859375 0.2515625 0.0421875 0.0953125
1 0.61328125 0.228125 0.0640625 0.0859375
1 0.51328125 0.22109375 0.046875 0.08046875
1 0.39140625 0.22109375 0.04921875 0.0640625
1 0.3875 0.14765625 0.04609375 0.05234375
1 0.37578125 0.11015625 0.0265625 0.046875
1 0.40703125 0.1109375 0.03359375 0.04453125
1 0.43828125 0.12578125 0.05078125 0.0515625