1 0.06875 0.4125 0.0359375 0.08203125
0 0.10859375 0.38828125 0.0515625 0.06953125
1 0.16171875 0.36328125 0.06171875 0.07890625
1 0.07109375 0.534375 0.0625 0.16171875
1 0.1390625 0.43984375 0.07734375 0.0984375
1 0.1578125 0.51875 0.06875 0.1328125
1 0.2203125 0.46328125 0.0765625 0.1359375
0 0.1171875 0.64375 0.0765625 0.17890625
4 0.18984375 0.6484375 0.084375 0.1234375
4 0.26328125 0.58828125 0.08515625 0.1453125
4 0.38515625 0.35546875 0.08359375 0.146875
4 0.28359375 0.2765625 0.04453125 0.1078125
4 0.65390625 0.11796875 0.034375 0.06171875
4 0.4609375 0.19375 0.04609375 0.06953125
4 0.49140625 0.171875 0.034375 0.071875
1 0.7703125 0.21015625 0.0375 0.08046875
1 0.7953125 0.196875 0.034375 0.0609375
1 0.79453125 0.16875 0.02109375 0.03828125
1 0.753125 0.15703125 0.03515625 0.06640625
0 0.73046875 0.16015625 0.02578125 0.05859375
1 0.703125 0.18515625 0.040625 0.08359375
1 0.6765625 0.14609375 0.0453125 0.0625
1 0.69765625 0.1265625 0.021875 0.0609375
1 0.625 0.12421875 0.04453125 0.05625
0 0.60703125 0.0921875 0.03359375 0.05078125
0 0.57578125 0.0984375 0.03046875 0.05859375
0 0.53984375 0.08828125 0.028125 0.0546875
0 0.51640625 0.09296875 0.0296875 0.0703125
1 0.5625 0.078125 0.02578125 0.05390625
1 0.43671875 0.12890625 0.05234375 0.05625
1 0.43828125 0.13046875 0.04375 0.059375
1 0.403125 0.11328125 0.03359375 0.04921875
1 0.384375 0.1453125 0.0390625 0.06328125
1 0.3734375 0.11640625 0.03359375 0.05859375
4 0.346875 0.16015625 0.03984375 0.06015625
1 0.35 0.13125 0.0296875 0.04609375
1 0.31328125 0.17265625 0.0375 0.0671875
4 0.53359375 0.1640625 0.046875 0.0609375
1 0.38984375 0.2265625 0.0453125 0.07109375
4 0.34140625 0.25625 0.05390625 0.06796875
1 0.390625 0.27890625 0.04140625 0.08984375
1 0.33125 0.31953125 0.05078125 0.07890625
1 0.484375 0.303125 0.04765625 0.09375
1 0.51171875 0.22109375 0.05390625 0.07421875
1 0.525 0.2703125 0.04140625 0.1015625
1 0.5640625 0.25234375 0.04765625 0.09609375
1 0.6140625 0.23125 0.05390625 0.08828125
1 0.55234375 0.34140625 0.05234375 0.12265625
1 0.51015625 0.37734375 0.07421875 0.140625
3 0.44296875 0.340625 0.06015625 0.0828125