4 0.25546875 0.57421875 0.08125 0.134375
0 0.20625 0.5921875 0.07421875 0.16171875
0 0.0671875 0.41796875 0.05078125 0.10234375
0 0.11328125 0.64140625 0.07265625 0.16875
0 0.52421875 0.09765625 0.03515625 0.04921875
0 0.5375 0.08671875 0.0265625 0.0609375
0 0.69296875 0.18515625 0.03671875 0.10234375
4 0.10546875 0.4 0.04765625 0.09453125
4 0.2859375 0.27578125 0.04765625 0.09453125
4 0.38671875 0.35546875 0.084375 0.14296875
4 0.33984375 0.2609375 0.05234375 0.07734375
4 0.4609375 0.19375 0.04609375 0.0734375
4 0.49140625 0.17578125 0.03671875 0.075
4 0.53515625 0.16328125 0.04375 0.06015625
3 0.44375 0.34453125 0.06015625 0.09140625
4 0.31484375 0.1734375 0.04375 0.0765625
4 0.65546875 0.11640625 0.03359375 0.05
4 0.3875 0.2921875 0.0390625 0.08125
1 0.21796875 0.47109375 0.0640625 0.128125
1 0.15859375 0.51875 0.0640625 0.13125
1 0.0796875 0.56328125 0.0578125 0.13203125
1 0.07265625 0.48515625 0.05703125 0.078125
1 0.140625 0.44609375 0.0796875 0.11015625
1 0.159375 0.36328125 0.0640625 0.071875
1 0.33203125 0.325 0.0453125 0.1015625
1 0.50859375 0.37421875 0.0609375 0.14296875
1 0.5484375 0.3484375 0.053125 0.1296875
1 0.48515625 0.2984375 0.04296875 0.0890625
1 0.52421875 0.271875 0.040625 0.09296875
1 0.56640625 0.25390625 0.053125 0.0953125
1 0.61640625 0.2390625 0.06171875 0.0953125
1 0.51171875 0.22109375 0.053125 0.08515625
1 0.44140625 0.13046875 0.05390625 0.0609375
1 0.3890625 0.221875 0.0546875 0.0875
1 0.38671875 0.14921875 0.0375 0.0640625
1 0.34609375 0.15703125 0.03359375 0.059375
4 0.35 0.13515625 0.03125 0.059375
1 0.371875 0.11640625 0.0296875 0.059375
1 0.39921875 0.11484375 0.03203125 0.0453125
1 0.56328125 0.07890625 0.03125 0.0578125
1 0.584375 0.1046875 0.0375 0.046875
1 0.62265625 0.12421875 0.040625 0.06015625
1 0.61171875 0.0984375 0.0375 0.05
1 0.675 0.146875 0.0421875 0.06328125
1 0.6984375 0.128125 0.025 0.06953125
0 0.71640625 0.16171875 0.03046875 0.07734375
1 0.7546875 0.15546875 0.03828125 0.07421875
1 0.771875 0.21328125 0.04375 0.07734375
1 0.79375 0.196875 0.03125 0.059375