4 0.2578125 0.57109375 0.0921875 0.14453125
1 0.07421875 0.48359375 0.059375 0.078125
0 0.06640625 0.42109375 0.05390625 0.08984375
4 0.103125 0.4015625 0.046875 0.075
4 0.284375 0.27890625 0.0484375 0.0953125
1 0.334375 0.32734375 0.05 0.08359375
4 0.3421875 0.26015625 0.059375 0.0765625
4 0.38671875 0.353125 0.0953125 0.13515625
4 0.4625 0.1953125 0.05859375 0.06953125
4 0.48984375 0.17734375 0.03984375 0.07421875
1 0.5125 0.2234375 0.05078125 0.08125
4 0.53125 0.1671875 0.059375 0.0640625
4 0.31171875 0.175 0.04140625 0.065625
4 0.62109375 0.23203125 0.0640625 0.08359375
1 0.6234375 0.125 0.04296875 0.05390625
1 0.609375 0.09921875 0.03671875 0.05078125
1 0.6734375 0.14453125 0.0484375 0.06640625
4 0.65546875 0.11640625 0.03515625 0.05078125
0 0.190625 0.60625 0.059375 0.14765625
0 0.11328125 0.64921875 0.08125 0.1703125
0 0.15703125 0.51875 0.0609375 0.121875
0 0.51875 0.09453125 0.034375 0.0609375
0 0.5421875 0.0921875 0.02734375 0.05703125
1 0.2171875 0.475 0.07109375 0.13203125
1 0.08125 0.54453125 0.05390625 0.12109375
1 0.134375 0.44765625 0.06953125 0.10546875
1 0.1625 0.36953125 0.0609375 0.07109375
1 0.51015625 0.37421875 0.07109375 0.14609375
1 0.546875 0.346875 0.065625 0.1390625
3 0.44453125 0.34296875 0.065625 0.08125
1 0.4859375 0.303125 0.05390625 0.08671875
1 0.51953125 0.27265625 0.04375 0.09375
1 0.5609375 0.25546875 0.05390625 0.09375
1 0.3875 0.2734375 0.03984375 0.08125
1 0.38828125 0.225 0.0640625 0.08359375
1 0.3453125 0.1625 0.034375 0.0609375
1 0.384375 0.14765625 0.046875 0.0625
1 0.44140625 0.12890625 0.046875 0.05546875
1 0.57109375 0.10546875 0.03984375 0.065625
1 0.559375 0.075 0.028125 0.05078125
1 0.69296875 0.18359375 0.03984375 0.08515625
1 0.69921875 0.13828125 0.028125 0.05546875
0 0.7234375 0.17265625 0.03828125 0.05859375
1 0.76796875 0.21484375 0.04375 0.07421875
1 0.75703125 0.159375 0.03984375 0.06796875
1 0.79296875 0.19921875 0.03515625 0.0625