4 0.259375 0.57109375 0.078125 0.121875
0 0.06640625 0.41484375 0.05703125 0.09375
4 0.1078125 0.40078125 0.0453125 0.08203125
4 0.2875 0.278125 0.05234375 0.096875
1 0.33359375 0.321875 0.05703125 0.09765625
4 0.34375 0.25390625 0.05078125 0.06796875
4 0.38515625 0.353125 0.08828125 0.1265625
4 0.3859375 0.29375 0.04140625 0.0765625
1 0.565625 0.25703125 0.0484375 0.10234375
4 0.6203125 0.23203125 0.06640625 0.08984375
4 0.31484375 0.17265625 0.05 0.078125
1 0.584375 0.10546875 0.03828125 0.0484375
1 0.62734375 0.1234375 0.04375 0.05390625
4 0.653125 0.115625 0.03984375 0.05234375
4 0.459375 0.19375 0.046875 0.07265625
4 0.48828125 0.17421875 0.05078125 0.0609375
1 0.509375 0.22265625 0.046875 0.08515625
4 0.5328125 0.165625 0.05703125 0.06953125
0 0.21328125 0.59140625 0.090625 0.14609375
0 0.11171875 0.64609375 0.08671875 0.1703125
0 0.16015625 0.51328125 0.0640625 0.1234375
0 0.51953125 0.09453125 0.03515625 0.06953125
0 0.53984375 0.08515625 0.03125 0.05390625
3 0.4453125 0.34453125 0.05546875 0.08359375
1 0.21484375 0.46953125 0.078125 0.1234375
1 0.08515625 0.553125 0.065625 0.13515625
1 0.0734375 0.47890625 0.05234375 0.07421875
1 0.140625 0.4421875 0.07109375 0.10390625
1 0.1640625 0.3703125 0.0609375 0.078125
1 0.5125 0.38046875 0.065625 0.159375
1 0.54375 0.35 0.05390625 0.140625
1 0.4859375 0.30078125 0.0453125 0.08125
1 0.5234375 0.26953125 0.04375 0.08359375
1 0.38515625 0.221875 0.05078125 0.07421875
1 0.34453125 0.15859375 0.03828125 0.06640625
1 0.38515625 0.15078125 0.0484375 0.07421875
1 0.43984375 0.12890625 0.05859375 0.0625
1 0.5703125 0.08046875 0.0328125 0.06640625
1 0.6078125 0.09921875 0.03671875 0.0453125
0 0.6734375 0.1421875 0.03984375 0.08515625
1 0.69453125 0.1828125 0.03671875 0.08984375
1 0.69296875 0.12578125 0.028125 0.0640625
1 0.71484375 0.165625 0.0328125 0.08125
1 0.75078125 0.15703125 0.03828125 0.05859375
1 0.77265625 0.2140625 0.0453125 0.075
1 0.79609375 0.19921875 0.0296875 0.059375