4 0.26484375 0.59453125 0.103125 0.1453125
4 0.1921875 0.64609375 0.09375 0.12890625
4 0.28671875 0.2734375 0.05078125 0.1015625
4 0.390625 0.35703125 0.0890625 0.13984375
4 0.48984375 0.303125 0.0578125 0.09140625
4 0.3921875 0.278125 0.05234375 0.08203125
4 0.34453125 0.2546875 0.05390625 0.07734375
4 0.4625 0.19453125 0.04765625 0.06796875
4 0.49453125 0.1734375 0.04296875 0.06484375
4 0.5359375 0.16640625 0.04453125 0.05859375
1 0.62421875 0.1265625 0.04453125 0.05
4 0.65546875 0.1203125 0.0390625 0.05859375
0 0.11484375 0.64296875 0.08046875 0.16796875
0 0.07890625 0.55625 0.08359375 0.12265625
1 0.16171875 0.51171875 0.06328125 0.15
1 0.221875 0.4703125 0.0796875 0.13828125
1 0.1359375 0.434375 0.07734375 0.0984375
1 0.078125 0.47421875 0.0609375 0.078125
1 0.06953125 0.4125 0.03984375 0.078125
1 0.10703125 0.38125 0.040625 0.06953125
1 0.165625 0.36796875 0.071875 0.08984375
1 0.334375 0.32734375 0.0578125 0.09375
1 0.5125 0.3875 0.08046875 0.11328125
1 0.5640625 0.34609375 0.046875 0.1015625
1 0.53203125 0.2734375 0.05859375 0.10546875
1 0.559375 0.25 0.04140625 0.09296875
1 0.59453125 0.23125 0.04765625 0.08828125
1 0.51015625 0.2171875 0.046875 0.071875
3 0.44453125 0.340625 0.0625 0.07578125
1 0.71015625 0.18359375 0.05078125 0.08203125
1 0.7234375 0.17109375 0.025 0.0640625
1 0.75703125 0.16171875 0.0421875 0.0796875
1 0.77578125 0.209375 0.0375 0.07421875
1 0.79609375 0.19921875 0.03671875 0.06875
1 0.67890625 0.14609375 0.0484375 0.05625
1 0.6953125 0.12890625 0.0328125 0.0625
1 0.5171875 0.1015625 0.03125 0.0734375
1 0.54140625 0.0890625 0.03046875 0.053125
1 0.58125 0.09921875 0.03046875 0.046875
3 0.609375 0.096875 0.0359375 0.046875
1 0.5640625 0.0828125 0.03125 0.0609375
1 0.3765625 0.109375 0.03671875 0.04765625
1 0.40703125 0.109375 0.03125 0.04453125
1 0.44296875 0.13125 0.04609375 0.05703125
1 0.3859375 0.15078125 0.04296875 0.053125
1 0.31640625 0.1765625 0.04765625 0.065625
1 0.3421875 0.153125 0.03984375 0.06484375