4 0.2640625 0.58515625 0.09609375 0.13515625
4 0.19296875 0.64453125 0.09765625 0.12421875
4 0.28515625 0.27421875 0.04765625 0.09609375
4 0.384375 0.35625 0.0875 0.140625
4 0.48984375 0.30390625 0.0515625 0.09375
4 0.53515625 0.16015625 0.0515625 0.06171875
4 0.49375 0.1703125 0.05 0.06796875
4 0.46328125 0.19765625 0.05546875 0.0703125
4 0.31484375 0.1703125 0.04609375 0.0671875
1 0.628125 0.1234375 0.04375 0.05859375
4 0.65625 0.11796875 0.0390625 0.05390625
0 0.51640625 0.09375 0.034375 0.0578125
0 0.5421875 0.08984375 0.02890625 0.05
0 0.159375 0.51328125 0.06171875 0.13828125
0 0.11171875 0.64375 0.071875 0.15234375
0 0.10625 0.38046875 0.0453125 0.0625
4 0.3953125 0.28203125 0.05234375 0.08984375
0 0.43984375 0.125 0.04296875 0.05859375
3 0.45 0.3421875 0.06484375 0.07890625
1 0.77265625 0.2234375 0.0453125 0.0625
1 0.796875 0.19921875 0.03515625 0.05
1 0.8125 0.18125 0.03671875 0.0703125
1 0.71796875 0.175 0.0484375 0.06640625
1 0.73125 0.16640625 0.025 0.06484375
1 0.75625 0.1578125 0.03984375 0.06953125
1 0.6765625 0.15 0.04921875 0.05703125
1 0.703125 0.1296875 0.03203125 0.05625
1 0.5828125 0.0984375 0.03671875 0.05078125
1 0.61015625 0.1 0.028125 0.03828125
1 0.56328125 0.07734375 0.03046875 0.04921875
1 0.6140625 0.23046875 0.05546875 0.09609375
1 0.55625 0.2546875 0.046875 0.10078125
1 0.553125 0.35546875 0.0515625 0.1359375
1 0.5125 0.38515625 0.0796875 0.1375
1 0.5234375 0.26484375 0.04921875 0.1
1 0.51328125 0.2203125 0.05546875 0.07890625
1 0.39140625 0.22265625 0.04375 0.0703125
1 0.3359375 0.321875 0.059375 0.08203125
1 0.34375 0.2546875 0.04921875 0.06796875
1 0.38359375 0.1484375 0.03828125 0.05625
1 0.34609375 0.16328125 0.04375 0.06484375
1 0.371875 0.11171875 0.03359375 0.0484375
1 0.40703125 0.1140625 0.0359375 0.046875
1 0.2234375 0.46875 0.075 0.14140625
1 0.0828125 0.54921875 0.065625 0.12265625
1 0.07734375 0.47734375 0.0578125 0.07578125
1 0.06796875 0.41015625 0.040625 0.0890625
1 0.159375 0.34921875 0.0609375 0.09765625