4 0.259375 0.58125 0.0875 0.1453125
4 0.19375 0.60859375 0.08046875 0.1640625
4 0.2828125 0.2765625 0.04453125 0.09375
4 0.3859375 0.3546875 0.084375 0.13984375
4 0.3390625 0.25703125 0.04921875 0.071875
4 0.4609375 0.19609375 0.04921875 0.06875
4 0.4890625 0.1703125 0.03671875 0.06953125
4 0.53359375 0.1640625 0.04453125 0.065625
4 0.346875 0.1609375 0.0296875 0.071875
4 0.34609375 0.134375 0.03203125 0.0515625
4 0.65234375 0.11484375 0.0328125 0.05859375
4 0.61875 0.23046875 0.065625 0.09296875
4 0.76953125 0.21171875 0.03671875 0.08125
3 0.446875 0.3453125 0.059375 0.08359375
0 0.51796875 0.10078125 0.0390625 0.0515625
0 0.540625 0.0859375 0.02265625 0.05234375
0 0.3859375 0.275 0.0625 0.0921875
0 0.38671875 0.21484375 0.04921875 0.0796875
0 0.11484375 0.64140625 0.07578125 0.17265625
1 0.07265625 0.534375 0.0609375 0.15234375
0 0.0796875 0.45546875 0.04453125 0.09296875
0 0.10625 0.384375 0.03984375 0.0625
1 0.159375 0.5125 0.05859375 0.13984375
1 0.21953125 0.4671875 0.0703125 0.13828125
1 0.1421875 0.44453125 0.07890625 0.109375
1 0.06875 0.415625 0.03984375 0.07265625
1 0.16171875 0.3671875 0.05703125 0.07265625
1 0.33203125 0.3234375 0.046875 0.084375
1 0.50703125 0.371875 0.06640625 0.13984375
1 0.5515625 0.34609375 0.0515625 0.12734375
1 0.565625 0.2515625 0.0484375 0.0921875
1 0.5265625 0.271875 0.04140625 0.103125
1 0.48828125 0.30546875 0.04375 0.0875
1 0.5109375 0.22109375 0.046875 0.075
4 0.3140625 0.175 0.040625 0.0765625
1 0.3828125 0.14765625 0.040625 0.0671875
1 0.4375 0.125 0.0453125 0.06171875
1 0.37109375 0.11171875 0.028125 0.0546875
1 0.40078125 0.11171875 0.02734375 0.05234375
1 0.56484375 0.07890625 0.03203125 0.0640625
1 0.58203125 0.10234375 0.02890625 0.05546875
1 0.609375 0.10078125 0.03359375 0.04453125
1 0.6265625 0.125 0.03671875 0.05390625
1 0.67265625 0.14609375 0.034375 0.05859375
1 0.69140625 0.18046875 0.034375 0.090625
1 0.69765625 0.13125 0.0265625 0.0671875
1 0.715625 0.17109375 0.0265625 0.0671875
1 0.74765625 0.159375 0.03515625 0.07109375
1 0.79296875 0.196875 0.02734375 0.0703125