1 0.5125 0.38359375 0.0734375 0.134375
1 0.5578125 0.3546875 0.0421875 0.1203125
1 0.16015625 0.51796875 0.06015625 0.1375
0 0.21875 0.4734375 0.0765625 0.1484375
1 0.140625 0.44140625 0.08125 0.1109375
1 0.16640625 0.36328125 0.0546875 0.08515625
1 0.38984375 0.2265625 0.04609375 0.07421875
1 0.33515625 0.328125 0.05 0.103125
1 0.52890625 0.271875 0.053125 0.0953125
1 0.559375 0.2515625 0.034375 0.0984375
1 0.5125 0.22265625 0.04609375 0.08515625
4 0.5328125 0.15859375 0.0546875 0.06796875
1 0.43984375 0.1265625 0.0515625 0.06796875
1 0.38359375 0.15 0.04453125 0.06484375
1 0.31171875 0.17578125 0.0375 0.06796875
1 0.34609375 0.16171875 0.034375 0.06796875
1 0.3734375 0.1140625 0.03046875 0.05234375
1 0.40546875 0.11328125 0.03046875 0.05078125
1 0.31796875 0.14375 0.0265625 0.04921875
1 0.56484375 0.0796875 0.0265625 0.06328125
1 0.58203125 0.10078125 0.03203125 0.06640625
1 0.609375 0.10078125 0.03125 0.04765625
1 0.6234375 0.125 0.0359375 0.06484375
1 0.6734375 0.15 0.0484375 0.06171875
1 0.70625 0.17421875 0.034375 0.07109375
1 0.6921875 0.12890625 0.0203125 0.06328125
1 0.7296875 0.16328125 0.03046875 0.06484375
1 0.75234375 0.15703125 0.03359375 0.07109375
1 0.77265625 0.22421875 0.0375 0.06953125
1 0.79765625 0.2 0.03203125 0.06015625
1 0.7921875 0.17421875 0.02265625 0.04296875
3 0.446875 0.34375 0.05625 0.09140625
4 0.38671875 0.353125 0.0875 0.1390625
4 0.2625 0.58984375 0.08671875 0.1421875
4 0.18984375 0.65 0.0828125 0.1203125
4 0.28125 0.28046875 0.04375 0.10625
4 0.34375 0.25703125 0.05546875 0.09375
4 0.490625 0.30390625 0.053125 0.09296875
4 0.4609375 0.19296875 0.0484375 0.06640625
4 0.4921875 0.171875 0.03203125 0.075
4 0.6546875 0.11796875 0.034375 0.05546875
0 0.54140625 0.09140625 0.025 0.0578125
0 0.51640625 0.09140625 0.0328125 0.05859375
0 0.59375 0.22578125 0.040625 0.09375
4 0.39296875 0.27890625 0.05078125 0.08671875
4 0.346875 0.13203125 0.03203125 0.0546875
0 0.11484375 0.6453125 0.07890625 0.19140625
0 0.08125 0.5578125 0.08359375 0.134375
1 0.07265625 0.4859375 0.05546875 0.08984375
0 0.1015625 0.39375 0.046875 0.08359375
1 0.06796875 0.4109375 0.04375 0.09375