4 0.2578125 0.57265625 0.08203125 0.1359375
4 0.07265625 0.48984375 0.05546875 0.09453125
4 0.3390625 0.259375 0.05546875 0.07734375
4 0.38671875 0.34765625 0.0890625 0.1359375
4 0.38828125 0.2921875 0.0375 0.07890625
4 0.621875 0.2328125 0.06328125 0.0875
4 0.46171875 0.1953125 0.0484375 0.06640625
4 0.49140625 0.171875 0.034375 0.07109375
4 0.534375 0.1640625 0.04609375 0.065625
4 0.3125 0.171875 0.040625 0.075
1 0.34453125 0.16171875 0.0390625 0.06953125
4 0.35234375 0.1328125 0.02890625 0.05625
4 0.6515625 0.1171875 0.04140625 0.05390625
0 0.2 0.6015625 0.06484375 0.1421875
0 0.115625 0.6484375 0.075 0.1734375
0 0.153125 0.51328125 0.0578125 0.1265625
0 0.19609375 0.47265625 0.05859375 0.12890625
0 0.1046875 0.3875 0.040625 0.071875
0 0.275 0.271875 0.05390625 0.11953125
0 0.3859375 0.2234375 0.04921875 0.0875
0 0.5125 0.09140625 0.02890625 0.07109375
0 0.53828125 0.09296875 0.03125 0.05859375
3 0.44375 0.34296875 0.0578125 0.08203125
1 0.1375 0.44453125 0.06484375 0.10703125
1 0.0890625 0.584375 0.07109375 0.121875
1 0.0640625 0.4171875 0.04453125 0.0875
1 0.1578125 0.35703125 0.07109375 0.06953125
1 0.3296875 0.3203125 0.04296875 0.09609375
1 0.48515625 0.29609375 0.046875 0.103125
1 0.5109375 0.37421875 0.0671875 0.15390625
1 0.5484375 0.3484375 0.053125 0.12265625
1 0.528125 0.278125 0.0359375 0.08671875
1 0.56875 0.2546875 0.04921875 0.10234375
1 0.5109375 0.2234375 0.0453125 0.078125
1 0.4375 0.1296875 0.04296875 0.065625
1 0.38203125 0.1484375 0.0359375 0.06640625
1 0.37421875 0.1140625 0.02890625 0.053125
1 0.4015625 0.1125 0.0328125 0.05703125
1 0.5625 0.0796875 0.0296875 0.05546875
1 0.58203125 0.1046875 0.03125 0.05078125
1 0.60859375 0.09921875 0.0265625 0.046875
1 0.62109375 0.1125 0.034375 0.06328125
4 0.66875 0.14296875 0.040625 0.06796875
1 0.69296875 0.18046875 0.03046875 0.09296875
1 0.6828125 0.12578125 0.01953125 0.075
1 0.71328125 0.16484375 0.03046875 0.078125
1 0.75234375 0.1609375 0.0375 0.06796875
1 0.77109375 0.2203125 0.0421875 0.06875
1 0.771875 0.184375 0.021875 0.04921875
1 0.79609375 0.190625 0.02890625 0.08828125