4 0.2625 0.59140625 0.0875 0.13515625
4 0.190625 0.64375 0.084375 0.1203125
4 0.3421875 0.25859375 0.0546875 0.06953125
4 0.28125 0.27265625 0.0484375 0.09453125
4 0.3875 0.353125 0.08359375 0.1359375
4 0.46171875 0.19375 0.04609375 0.06796875
4 0.5328125 0.165625 0.05 0.059375
4 0.48828125 0.17265625 0.03359375 0.078125
4 0.31328125 0.17421875 0.0453125 0.06796875
1 0.34609375 0.16484375 0.03671875 0.05703125
4 0.34921875 0.13125 0.03828125 0.04921875
4 0.65625 0.11640625 0.03984375 0.04765625
0 0.1109375 0.640625 0.071875 0.159375
0 0.10625 0.38515625 0.0453125 0.06875
3 0.4453125 0.3453125 0.053125 0.08125
0 0.515625 0.09140625 0.03671875 0.065625
0 0.54140625 0.08984375 0.03671875 0.05390625
1 0.2171875 0.46953125 0.06953125 0.1328125
1 0.15703125 0.5203125 0.0625 0.12109375
1 0.07109375 0.54140625 0.06015625 0.14453125
1 0.13984375 0.440625 0.078125 0.10859375
1 0.0734375 0.46875 0.0484375 0.05859375
1 0.06875 0.41484375 0.0515625 0.084375
1 0.1625 0.3640625 0.06484375 0.0765625
1 0.33359375 0.32421875 0.0453125 0.084375
1 0.5109375 0.38125 0.0671875 0.1328125
1 0.55625 0.34453125 0.053125 0.11953125
1 0.48828125 0.3 0.053125 0.078125
1 0.53046875 0.26796875 0.05546875 0.0875
1 0.56015625 0.25390625 0.04375 0.09765625
1 0.61015625 0.2328125 0.05390625 0.0734375
1 0.509375 0.21953125 0.0484375 0.07265625
1 0.3890625 0.23125 0.04296875 0.0578125
1 0.3859375 0.15 0.0546875 0.0640625
1 0.43671875 0.12890625 0.0515625 0.0546875
1 0.40546875 0.10859375 0.03515625 0.0421875
1 0.375 0.11171875 0.03359375 0.0453125
1 0.56171875 0.08046875 0.0265625 0.05625
1 0.58046875 0.09375 0.028125 0.0625
1 0.609375 0.09609375 0.03125 0.04765625
1 0.62578125 0.12109375 0.04296875 0.0515625
1 0.6796875 0.1484375 0.0515625 0.06875
1 0.6984375 0.1296875 0.03046875 0.06328125
1 0.70703125 0.1859375 0.04375 0.06875
1 0.7296875 0.1703125 0.02421875 0.06796875
1 0.7515625 0.1609375 0.03046875 0.0671875
1 0.765625 0.2125 0.03671875 0.078125
1 0.79765625 0.203125 0.03359375 0.06640625
1 0.79296875 0.1734375 0.01875 0.04375