4 0.2609375 0.5875 0.08515625 0.134375
4 0.1875 0.6453125 0.078125 0.1171875
4 0.39296875 0.2796875 0.04609375 0.08984375
4 0.38515625 0.35234375 0.08515625 0.1390625
4 0.2828125 0.275 0.04609375 0.09453125
4 0.34609375 0.1609375 0.03359375 0.06171875
4 0.3125 0.17421875 0.0390625 0.06953125
4 0.6546875 0.115625 0.03046875 0.0484375
4 0.61875 0.22890625 0.06484375 0.08359375
4 0.4859375 0.303125 0.0484375 0.090625
0 0.1140625 0.63984375 0.0734375 0.1671875
0 0.5140625 0.09140625 0.03046875 0.06171875
0 0.53828125 0.08828125 0.025 0.05078125
4 0.459375 0.19453125 0.046875 0.0671875
4 0.490625 0.17421875 0.040625 0.07421875
4 0.534375 0.16328125 0.04140625 0.0625
1 0.7734375 0.209375 0.04921875 0.07734375
1 0.7953125 0.19921875 0.03359375 0.0609375
1 0.74921875 0.15859375 0.03515625 0.065625
1 0.70390625 0.1828125 0.03359375 0.06015625
1 0.7015625 0.1265625 0.0265625 0.0609375
1 0.6765625 0.14765625 0.04609375 0.06171875
1 0.625 0.125 0.0390625 0.053125
1 0.6109375 0.09765625 0.03203125 0.0453125
1 0.56328125 0.0796875 0.03203125 0.0578125
1 0.58515625 0.10390625 0.03046875 0.0484375
1 0.56328125 0.25078125 0.04921875 0.08984375
1 0.55078125 0.3484375 0.05078125 0.11015625
1 0.509375 0.371875 0.07265625 0.13515625
1 0.5265625 0.2734375 0.04140625 0.096875
3 0.44375 0.33984375 0.05546875 0.07890625
1 0.509375 0.221875 0.0484375 0.07578125
1 0.33203125 0.3203125 0.0453125 0.08125
1 0.34140625 0.25625 0.0578125 0.0671875
1 0.3890625 0.225 0.04375 0.06796875
1 0.43671875 0.1265625 0.04765625 0.05703125
1 0.38359375 0.15 0.03515625 0.059375
1 0.4 0.1125 0.0265625 0.0453125
1 0.37265625 0.1125 0.028125 0.0484375
4 0.346875 0.13359375 0.0359375 0.05234375
1 0.21875 0.4625 0.07109375 0.13671875
1 0.159375 0.51328125 0.0578125 0.13125
1 0.1421875 0.44296875 0.08125 0.1109375
1 0.16171875 0.36640625 0.05703125 0.075
1 0.10625 0.3890625 0.04375 0.06875
1 0.07265625 0.528125 0.05703125 0.15625
1 0.06875 0.4125 0.0375 0.0765625