0 0.21796875 0.471875 0.065625 0.15
0 0.16015625 0.51484375 0.06484375 0.14140625
0 0.08125 0.5546875 0.0796875 0.1171875
0 0.115625 0.64609375 0.07734375 0.1859375
0 0.10546875 0.38203125 0.04140625 0.07421875
4 0.4890625 0.1734375 0.03828125 0.07890625
0 0.51484375 0.09765625 0.0359375 0.06953125
4 0.53359375 0.16171875 0.0453125 0.06796875
0 0.5390625 0.08828125 0.02734375 0.05703125
4 0.26171875 0.590625 0.0890625 0.14140625
4 0.1859375 0.646875 0.08125 0.12421875
4 0.2828125 0.27265625 0.04609375 0.09921875
4 0.3859375 0.35703125 0.0875 0.14453125
4 0.3953125 0.2796875 0.0484375 0.0890625
4 0.46171875 0.19140625 0.0546875 0.07421875
4 0.65625 0.1171875 0.03671875 0.05859375
1 0.13984375 0.44609375 0.08203125 0.1203125
1 0.07265625 0.478125 0.0546875 0.0796875
1 0.06875 0.41484375 0.03671875 0.08203125
1 0.16484375 0.3640625 0.0625 0.08671875
1 0.33515625 0.32421875 0.05625 0.09296875
4 0.33828125 0.26015625 0.05703125 0.08203125
1 0.39140625 0.2265625 0.05234375 0.07734375
3 0.44375 0.34453125 0.05703125 0.0890625
4 0.484375 0.30703125 0.0515625 0.09921875
1 0.5125 0.38515625 0.07265625 0.13671875
1 0.55703125 0.3546875 0.05234375 0.11640625
1 0.5296875 0.27109375 0.04921875 0.10390625
1 0.55625 0.25390625 0.04453125 0.10390625
1 0.5953125 0.23046875 0.05078125 0.10625
1 0.5125 0.221875 0.05234375 0.0859375
1 0.440625 0.12734375 0.0421875 0.06171875
1 0.38515625 0.14921875 0.03984375 0.0640625
1 0.34765625 0.16171875 0.0390625 0.06796875
1 0.31484375 0.17578125 0.03671875 0.07734375
1 0.31796875 0.14453125 0.02734375 0.05859375
1 0.3484375 0.13125 0.0328125 0.05390625
1 0.37109375 0.11875 0.03046875 0.0515625
1 0.40234375 0.1140625 0.02890625 0.04921875
1 0.5640625 0.08125 0.03203125 0.06171875
1 0.58203125 0.10390625 0.03359375 0.05859375
1 0.60625 0.0984375 0.0359375 0.04921875
1 0.62265625 0.1265625 0.04140625 0.0640625
1 0.6765625 0.1484375 0.0453125 0.07265625
1 0.69453125 0.12421875 0.025 0.075
0 0.71328125 0.1765625 0.0484375 0.0765625
0 0.73046875 0.1671875 0.0265625 0.05859375
1 0.75859375 0.15859375 0.0390625 0.07421875
1 0.77109375 0.221875 0.04375 0.07109375
1 0.79921875 0.2015625 0.03515625 0.065625
1 0.79375 0.16640625 0.0203125 0.040625