4 0.26171875 0.58671875 0.08671875 0.1328125
4 0.18671875 0.64375 0.07890625 0.1203125
4 0.38515625 0.35390625 0.084375 0.1390625
4 0.2828125 0.27421875 0.04765625 0.09765625
4 0.34140625 0.25625 0.05859375 0.06484375
4 0.46015625 0.1921875 0.046875 0.06328125
4 0.4890625 0.1703125 0.03125 0.0703125
4 0.53359375 0.16484375 0.0453125 0.06171875
4 0.65546875 0.11484375 0.03359375 0.05078125
0 0.115625 0.64140625 0.078125 0.17734375
0 0.0703125 0.53125 0.059375 0.16328125
3 0.44375 0.34296875 0.05625 0.08671875
0 0.515625 0.09375 0.03203125 0.06484375
0 0.5390625 0.0859375 0.0203125 0.05390625
1 0.79453125 0.19921875 0.02890625 0.0625
1 0.79140625 0.1671875 0.01953125 0.03359375
1 0.771875 0.21171875 0.0453125 0.08359375
1 0.75234375 0.159375 0.0265625 0.06015625
1 0.73125 0.1703125 0.0328125 0.06875
1 0.70390625 0.18671875 0.03984375 0.0765625
1 0.69921875 0.1296875 0.021875 0.06640625
1 0.67578125 0.146875 0.046875 0.0609375
1 0.625 0.121875 0.04140625 0.0515625
1 0.60859375 0.0953125 0.03359375 0.04921875
1 0.58125 0.09375 0.0296875 0.059375
1 0.5625 0.0796875 0.02421875 0.05703125
1 0.6125 0.23046875 0.0515625 0.08671875
1 0.55390625 0.34296875 0.05390625 0.1203125
1 0.51015625 0.3765625 0.0734375 0.13515625
1 0.56015625 0.240625 0.0359375 0.075
1 0.53125 0.2703125 0.05078125 0.09375
1 0.5109375 0.2203125 0.0515625 0.08046875
1 0.4875 0.30234375 0.05546875 0.0875
1 0.390625 0.2765625 0.0484375 0.0796875
1 0.334375 0.3234375 0.05 0.0796875
1 0.3890625 0.2265625 0.0484375 0.07109375
1 0.43828125 0.12734375 0.04921875 0.06015625
1 0.38359375 0.14921875 0.0390625 0.065625
1 0.3453125 0.1625 0.0359375 0.06875
1 0.3125 0.171875 0.03984375 0.0734375
1 0.40234375 0.11171875 0.03203125 0.0453125
1 0.3734375 0.1125 0.034375 0.05546875
1 0.34921875 0.13125 0.0265625 0.04140625
1 0.21796875 0.46640625 0.075 0.13515625
1 0.15625 0.51171875 0.06328125 0.13828125
1 0.13984375 0.440625 0.075 0.103125
1 0.1609375 0.3625 0.06171875 0.084375
1 0.10625 0.38671875 0.0453125 0.06953125
1 0.0703125 0.41328125 0.046875 0.084375