4 0.26171875 0.58671875 0.08359375 0.1328125
4 0.18671875 0.64140625 0.08359375 0.1234375
4 0.284375 0.2765625 0.04453125 0.0953125
4 0.38671875 0.35546875 0.084375 0.14609375
4 0.4875 0.30546875 0.04609375 0.0953125
4 0.39296875 0.27734375 0.0484375 0.0875
1 0.33046875 0.328125 0.05625 0.1125
4 0.34296875 0.25546875 0.059375 0.0734375
4 0.46171875 0.1921875 0.04765625 0.0703125
4 0.49140625 0.16875 0.034375 0.0703125
4 0.53359375 0.1640625 0.04453125 0.06171875
4 0.6546875 0.11640625 0.0359375 0.05859375
1 0.440625 0.1265625 0.04765625 0.05625
1 0.38515625 0.14921875 0.04296875 0.05859375
1 0.34453125 0.15703125 0.03359375 0.0703125
1 0.3140625 0.1734375 0.04140625 0.07578125
1 0.3171875 0.14140625 0.02578125 0.05390625
1 0.34609375 0.12734375 0.03125 0.05703125
1 0.3734375 0.11484375 0.02734375 0.05859375
1 0.40078125 0.11328125 0.0265625 0.05
1 0.390625 0.22265625 0.04453125 0.07421875
1 0.5109375 0.22109375 0.04921875 0.0796875
1 0.52890625 0.26796875 0.0546875 0.10390625
1 0.5546875 0.24296875 0.0359375 0.08671875
1 0.5953125 0.22734375 0.04609375 0.096875
1 0.55625 0.3515625 0.04921875 0.11328125
1 0.5140625 0.38515625 0.06875 0.12421875
3 0.4421875 0.34140625 0.0546875 0.07890625
1 0.56484375 0.07890625 0.028125 0.05
1 0.5828125 0.103125 0.03046875 0.06484375
1 0.60703125 0.09921875 0.03515625 0.0515625
1 0.62421875 0.12578125 0.0390625 0.0546875
1 0.67578125 0.14765625 0.04453125 0.0625
1 0.69609375 0.1234375 0.0203125 0.059375
1 0.70546875 0.178125 0.0375 0.07421875
1 0.72421875 0.16640625 0.025 0.05859375
1 0.75390625 0.16015625 0.0359375 0.06796875
1 0.796875 0.20078125 0.03359375 0.06171875
1 0.76953125 0.209375 0.04375 0.078125
1 0.2171875 0.4671875 0.06953125 0.1375
1 0.16015625 0.5078125 0.05625 0.14140625
1 0.075 0.484375 0.05625 0.07734375
1 0.140625 0.44375 0.0734375 0.11796875
1 0.1640625 0.36640625 0.05703125 0.07734375
0 0.10625 0.38046875 0.0421875 0.0765625
1 0.0671875 0.41484375 0.0484375 0.0796875
0 0.115625 0.64609375 0.075 0.1796875
0 0.0828125 0.5609375 0.07578125 0.1375
0 0.51796875 0.09453125 0.03515625 0.065625
0 0.5390625 0.090625 0.028125 0.0546875