4 0.2625 0.5890625 0.0875 0.1359375
4 0.18671875 0.64609375 0.07890625 0.12265625
4 0.2828125 0.275 0.0453125 0.0953125
4 0.3859375 0.35234375 0.08515625 0.1359375
4 0.459375 0.19453125 0.04765625 0.065625
4 0.4890625 0.171875 0.03359375 0.07109375
4 0.53203125 0.16328125 0.04296875 0.05859375
4 0.3125 0.17265625 0.0375 0.0703125
4 0.34609375 0.16171875 0.03203125 0.06015625
4 0.34765625 0.13359375 0.034375 0.0515625
4 0.65390625 0.11640625 0.03046875 0.05234375
4 0.76953125 0.21328125 0.0390625 0.0734375
4 0.62109375 0.23125 0.06484375 0.0890625
3 0.4421875 0.34296875 0.05546875 0.084375
0 0.11484375 0.63671875 0.0734375 0.16640625
0 0.10546875 0.3859375 0.0390625 0.06484375
0 0.3890625 0.27578125 0.040625 0.0859375
0 0.51484375 0.090625 0.028125 0.06015625
0 0.5375 0.08828125 0.02578125 0.05078125
1 0.796875 0.203125 0.0390625 0.06953125
1 0.7484375 0.1609375 0.03515625 0.06875
1 0.70078125 0.1875 0.03671875 0.06953125
1 0.7125 0.14609375 0.01953125 0.03203125
1 0.6953125 0.12734375 0.02421875 0.065625
1 0.67578125 0.14609375 0.04453125 0.059375
1 0.62578125 0.12578125 0.040625 0.05390625
1 0.61015625 0.0984375 0.0328125 0.046875
1 0.5828125 0.1046875 0.03203125 0.04921875
1 0.56484375 0.08046875 0.03203125 0.05625
1 0.54765625 0.34453125 0.05 0.12421875
1 0.50859375 0.37578125 0.08046875 0.15625
1 0.56640625 0.253125 0.05 0.09609375
1 0.52734375 0.271875 0.04296875 0.1
1 0.484375 0.30078125 0.04453125 0.07890625
1 0.5125 0.22265625 0.05625 0.08125
1 0.3328125 0.3234375 0.0453125 0.0859375
4 0.340625 0.25625 0.05390625 0.065625
1 0.38671875 0.21796875 0.053125 0.08828125
1 0.43828125 0.12734375 0.04453125 0.06171875
1 0.38515625 0.14765625 0.04140625 0.06484375
1 0.39921875 0.11015625 0.025 0.04765625
1 0.37265625 0.1140625 0.02890625 0.05078125
1 0.21953125 0.46640625 0.071875 0.13984375
1 0.1578125 0.5140625 0.05703125 0.13046875
1 0.0703125 0.53359375 0.0546875 0.15703125
1 0.1421875 0.44140625 0.0828125 0.11015625
1 0.16171875 0.36484375 0.05859375 0.07734375
1 0.06796875 0.4140625 0.0375 0.08046875