4 0.25625 0.56640625 0.084375 0.1375
4 0.2828125 0.275 0.0484375 0.1
4 0.38984375 0.35546875 0.090625 0.1453125
4 0.340625 0.259375 0.05625 0.07265625
4 0.4625 0.19609375 0.0484375 0.06640625
4 0.4875 0.171875 0.03125 0.06875
4 0.534375 0.16484375 0.04140625 0.06640625
4 0.621875 0.23203125 0.06328125 0.08671875
4 0.34765625 0.1625 0.04296875 0.0671875
4 0.3140625 0.17265625 0.04453125 0.07109375
4 0.346875 0.13125 0.03828125 0.0546875
4 0.6546875 0.11484375 0.03359375 0.0578125
4 0.77265625 0.2125 0.0390625 0.08125
1 0.79453125 0.19921875 0.02734375 0.0640625
1 0.753125 0.15859375 0.03359375 0.071875
1 0.721875 0.171875 0.03359375 0.0609375
1 0.69453125 0.1890625 0.0359375 0.096875
1 0.6734375 0.14453125 0.03515625 0.059375
1 0.69765625 0.12734375 0.02734375 0.06328125
1 0.62578125 0.12578125 0.0375 0.0578125
1 0.6109375 0.0984375 0.03203125 0.03984375
1 0.58203125 0.10234375 0.0359375 0.0609375
0 0.51953125 0.09921875 0.03515625 0.0609375
0 0.53984375 0.08671875 0.02109375 0.0515625
1 0.55859375 0.07734375 0.025 0.0578125
1 0.43828125 0.12890625 0.0515625 0.05625
1 0.384375 0.14765625 0.03984375 0.065625
1 0.37109375 0.11484375 0.028125 0.053125
1 0.403125 0.11171875 0.02890625 0.05703125
0 0.38828125 0.27421875 0.0578125 0.09375
0 0.38359375 0.2234375 0.0578125 0.07734375
1 0.33125 0.3203125 0.04296875 0.08359375
3 0.44609375 0.34296875 0.059375 0.084375
1 0.4859375 0.30390625 0.04609375 0.09296875
1 0.5265625 0.27421875 0.040625 0.1015625
1 0.5640625 0.2546875 0.05078125 0.09609375
1 0.5109375 0.21875 0.05 0.08203125
1 0.5515625 0.3484375 0.05234375 0.12421875
1 0.5109375 0.3765625 0.0703125 0.15234375
0 0.19296875 0.59453125 0.06796875 0.15859375
0 0.115625 0.6453125 0.0828125 0.18046875
0 0.078125 0.52890625 0.06328125 0.15078125
1 0.1609375 0.51953125 0.06953125 0.1390625
1 0.21875 0.4640625 0.06640625 0.1328125
0 0.14453125 0.43984375 0.078125 0.1203125
0 0.078125 0.46953125 0.04921875 0.0953125
1 0.07109375 0.415625 0.040625 0.07890625
0 0.10390625 0.384375 0.03828125 0.06015625
1 0.1625 0.36640625 0.0625 0.07578125