4 0.26328125 0.5890625 0.0859375 0.13984375
4 0.1875 0.646875 0.08125 0.1265625
4 0.28359375 0.275 0.04296875 0.096875
4 0.340625 0.25703125 0.0546875 0.0796875
1 0.3484375 0.159375 0.03671875 0.06484375
4 0.35 0.13046875 0.03125 0.05703125
4 0.3875 0.3578125 0.08203125 0.14296875
4 0.3921875 0.28046875 0.04765625 0.08828125
1 0.3328125 0.32109375 0.04609375 0.08515625
4 0.48515625 0.30546875 0.04296875 0.09140625
4 0.53359375 0.1640625 0.04609375 0.06171875
4 0.49140625 0.171875 0.040625 0.06875
4 0.46015625 0.19453125 0.04609375 0.06640625
4 0.6546875 0.11796875 0.03203125 0.05625
0 0.11484375 0.64765625 0.0765625 0.19921875
0 0.08203125 0.5578125 0.0765625 0.1296875
0 0.1015625 0.396875 0.04296875 0.0734375
0 0.0703125 0.409375 0.03671875 0.071875
0 0.5171875 0.09375 0.034375 0.06171875
0 0.5390625 0.090625 0.025 0.0515625
1 0.21640625 0.46796875 0.07109375 0.13828125
1 0.159375 0.51640625 0.0578125 0.13125
1 0.13984375 0.4453125 0.0828125 0.115625
1 0.16484375 0.3640625 0.05546875 0.07890625
1 0.07109375 0.46796875 0.0578125 0.09921875
1 0.5140625 0.384375 0.0703125 0.12734375
1 0.55859375 0.3515625 0.04765625 0.1125
3 0.44140625 0.34453125 0.0546875 0.0859375
1 0.53046875 0.275 0.05078125 0.10078125
1 0.55625 0.25234375 0.040625 0.09921875
1 0.60625 0.22890625 0.05546875 0.08828125
1 0.51171875 0.221875 0.05078125 0.075
1 0.38984375 0.22578125 0.04453125 0.07109375
1 0.4375 0.128125 0.04609375 0.059375
1 0.4015625 0.1140625 0.0296875 0.0484375
1 0.38359375 0.14921875 0.03984375 0.0625
1 0.375 0.11640625 0.0296875 0.05859375
1 0.3140625 0.1734375 0.040625 0.06875
1 0.31953125 0.14453125 0.025 0.04921875
1 0.56328125 0.0796875 0.0296875 0.0640625
1 0.5828125 0.10234375 0.03046875 0.0609375
1 0.6109375 0.09921875 0.0328125 0.0421875
1 0.6265625 0.125 0.03828125 0.05078125
1 0.69765625 0.128125 0.02421875 0.06328125
1 0.67578125 0.14453125 0.046875 0.06484375
1 0.7109375 0.18125 0.0390625 0.071875
1 0.73046875 0.16875 0.0265625 0.0609375
1 0.7546875 0.1578125 0.0359375 0.06875
1 0.796875 0.20234375 0.03671875 0.06328125
1 0.79140625 0.16875 0.0234375 0.03984375
1 0.771875 0.22265625 0.03984375 0.059375