4 0.1859375 0.484375 0.11328125 0.17578125
4 0.09296875 0.5484375 0.12109375 0.16484375
1 0.1359375 0.33125 0.09765625 0.1734375
1 0.05390625 0.39453125 0.08515625 0.1546875
1 0.04375 0.2921875 0.0875 0.128125
1 0.0671875 0.20078125 0.08125 0.0953125
1 0.2765625 0.14765625 0.06640625 0.10546875
1 0.503125 0.2078125 0.09921875 0.19453125
1 0.47421875 0.12265625 0.07421875 0.11484375
1 0.52890625 0.0765625 0.06640625 0.121875
1 0.5765625 0.05390625 0.06796875 0.1078125
1 0.54296875 0.17265625 0.07109375 0.14609375
3 0.41796875 0.1703125 0.075 0.09921875
4 0.21484375 0.0890625 0.07265625 0.12890625
4 0.34296875 0.17578125 0.1125 0.16484375
4 0.28828125 0.06171875 0.0796875 0.0953125
0 0.34921875 0.084375 0.07109375 0.1125
4 0.63828125 0.0421875 0.08671875 0.08359375