4 0.2578125 0.5671875 0.08046875 0.1359375
4 0.3859375 0.35390625 0.09140625 0.13671875
4 0.3875 0.2921875 0.03515625 0.071875
4 0.28671875 0.27421875 0.04609375 0.09140625
4 0.340625 0.2546875 0.05 0.07890625
4 0.4609375 0.19453125 0.04765625 0.06640625
4 0.490625 0.1703125 0.03125 0.0703125
4 0.534375 0.16328125 0.04375 0.0609375
4 0.62109375 0.23125 0.065625 0.08125
4 0.3140625 0.17109375 0.03984375 0.07265625
1 0.34453125 0.16171875 0.0296875 0.0625
4 0.35234375 0.13125 0.02890625 0.053125
4 0.6546875 0.1171875 0.0359375 0.04453125
0 0.1984375 0.603125 0.0640625 0.1515625
0 0.06484375 0.40859375 0.05 0.0984375
0 0.1078125 0.37265625 0.040625 0.090625
0 0.115625 0.640625 0.071875 0.17421875
0 0.509375 0.09453125 0.025 0.0765625
0 0.53671875 0.090625 0.03203125 0.05390625
3 0.44453125 0.34140625 0.0578125 0.08828125
1 0.21484375 0.46640625 0.065625 0.13046875
1 0.15 0.5234375 0.06171875 0.1125
1 0.08359375 0.5546875 0.0578125 0.13046875
1 0.075 0.47890625 0.05703125 0.07890625
1 0.13984375 0.4390625 0.07421875 0.10390625
1 0.16015625 0.35234375 0.06484375 0.08125
1 0.3296875 0.315625 0.04453125 0.0890625
1 0.38515625 0.22578125 0.05390625 0.090625
1 0.51015625 0.3765625 0.06640625 0.15390625
1 0.54765625 0.34609375 0.05625 0.13359375
1 0.48828125 0.303125 0.04765625 0.0875
1 0.5296875 0.2796875 0.040625 0.084375
1 0.56875 0.2578125 0.04609375 0.0953125
1 0.509375 0.21875 0.046875 0.0765625
1 0.38359375 0.15 0.03828125 0.065625
1 0.4390625 0.12734375 0.04765625 0.0640625
1 0.4046875 0.1140625 0.02890625 0.04765625
1 0.37265625 0.115625 0.02890625 0.05625
1 0.56328125 0.08203125 0.03125 0.06015625
1 0.584375 0.1046875 0.034375 0.053125
1 0.6109375 0.1015625 0.034375 0.05625
1 0.625 0.12265625 0.040625 0.0578125
1 0.6703125 0.14921875 0.040625 0.06015625
1 0.68359375 0.1265625 0.02734375 0.07890625
0 0.7 0.18671875 0.0359375 0.0890625
0 0.7515625 0.15859375 0.03515625 0.07265625
0 0.76953125 0.2171875 0.04375 0.08125
0 0.7953125 0.18828125 0.03125 0.06875