4 0.25859375 0.57265625 0.07734375 0.1390625
4 0.10703125 0.40234375 0.04453125 0.09140625
4 0.2171875 0.48046875 0.0671875 0.134375
4 0.38828125 0.35703125 0.0921875 0.14375
4 0.28671875 0.271875 0.0484375 0.0984375
4 0.3421875 0.2578125 0.0484375 0.07421875
4 0.459375 0.1984375 0.04375 0.07265625
4 0.4890625 0.1734375 0.03828125 0.07578125
4 0.5359375 0.165625 0.04375 0.06640625
4 0.6203125 0.2296875 0.06328125 0.09296875
4 0.3140625 0.1734375 0.0421875 0.07265625
0 0.1984375 0.60625 0.06484375 0.153125
0 0.115625 0.64765625 0.07265625 0.16640625
4 0.38515625 0.29140625 0.0390625 0.07265625
3 0.4421875 0.3421875 0.06171875 0.08671875
0 0.50859375 0.09375 0.025 0.07578125
0 0.5375 0.090625 0.02734375 0.05078125
0 0.6515625 0.1140625 0.0328125 0.0515625
0 0.6859375 0.12890625 0.02421875 0.06875
0 0.6671875 0.13828125 0.03203125 0.07578125
0 0.70234375 0.18671875 0.03125 0.0765625
1 0.1515625 0.51875 0.0640625 0.13828125
1 0.08046875 0.55546875 0.05546875 0.13984375
1 0.0734375 0.4828125 0.05234375 0.07734375
1 0.13984375 0.44375 0.08359375 0.11015625
1 0.159375 0.35390625 0.06015625 0.08515625
1 0.06484375 0.4140625 0.05 0.096875
1 0.33046875 0.32421875 0.04453125 0.09765625
1 0.3859375 0.22265625 0.05234375 0.08671875
1 0.509375 0.37578125 0.0625 0.1484375
1 0.5453125 0.3453125 0.05078125 0.12890625
1 0.48828125 0.30390625 0.05 0.0890625
1 0.52890625 0.278125 0.03671875 0.08125
1 0.5671875 0.253125 0.05 0.1015625
1 0.50859375 0.22265625 0.0484375 0.07890625
1 0.384375 0.14296875 0.0453125 0.05546875
1 0.346875 0.16015625 0.0390625 0.06875
1 0.43984375 0.1265625 0.0453125 0.06171875
4 0.35234375 0.13203125 0.02890625 0.05078125
1 0.37109375 0.11484375 0.025 0.0578125
1 0.40234375 0.1140625 0.03125 0.04765625
1 0.5640625 0.08046875 0.03203125 0.05546875
1 0.58359375 0.10234375 0.03046875 0.0546875
1 0.6203125 0.11953125 0.034375 0.0640625
1 0.7171875 0.16328125 0.02109375 0.07578125
1 0.75078125 0.1578125 0.0375 0.07578125
1 0.77109375 0.21484375 0.0390625 0.0828125
1 0.79375 0.18671875 0.0265625 0.07109375