4 0.26328125 0.58984375 0.0859375 0.140625
4 0.18984375 0.646875 0.08203125 0.1265625
4 0.284375 0.27734375 0.04453125 0.1015625
1 0.33125 0.3234375 0.05390625 0.128125
4 0.34140625 0.2546875 0.053125 0.0765625
4 0.4609375 0.19140625 0.04765625 0.071875
4 0.49375 0.1703125 0.04375 0.07890625
4 0.3859375 0.35234375 0.08671875 0.1375
1 0.62421875 0.12734375 0.0390625 0.07265625
4 0.65546875 0.11796875 0.034375 0.0578125
4 0.53359375 0.1625 0.04921875 0.06015625
0 0.115625 0.63984375 0.071875 0.175
0 0.07734375 0.54453125 0.07421875 0.10234375
0 0.10390625 0.37734375 0.0484375 0.08203125
0 0.06953125 0.40703125 0.03828125 0.08203125
0 0.51875 0.096875 0.0390625 0.07734375
0 0.5390625 0.090625 0.0296875 0.06640625
1 0.221875 0.4671875 0.06640625 0.1390625
1 0.15859375 0.515625 0.0625 0.12890625
1 0.14140625 0.4453125 0.0765625 0.11875
1 0.07421875 0.48046875 0.0546875 0.10390625
1 0.16484375 0.365625 0.05703125 0.09140625
4 0.3953125 0.27890625 0.0515625 0.08671875
1 0.38984375 0.2265625 0.04609375 0.08203125
3 0.4421875 0.34453125 0.05859375 0.0890625
1 0.515625 0.3828125 0.06796875 0.14921875
1 0.55625 0.35 0.0515625 0.12109375
4 0.49140625 0.30546875 0.0515625 0.09453125
1 0.528125 0.27421875 0.0515625 0.0984375
1 0.55703125 0.246875 0.0375 0.09453125
1 0.6125 0.22734375 0.05234375 0.09921875
1 0.7703125 0.21015625 0.03984375 0.07578125
1 0.79765625 0.20078125 0.0328125 0.06953125
1 0.79296875 0.16875 0.02265625 0.0453125
1 0.75390625 0.15703125 0.0359375 0.06953125
1 0.70703125 0.18125 0.040625 0.0765625
1 0.7265625 0.17265625 0.02890625 0.06328125
1 0.69765625 0.13046875 0.02421875 0.07265625
1 0.67890625 0.14921875 0.04453125 0.05859375
1 0.5875 0.10859375 0.03671875 0.07265625
1 0.6109375 0.1 0.03203125 0.05546875
1 0.5625 0.08046875 0.02734375 0.0578125
1 0.440625 0.12890625 0.04453125 0.05859375
1 0.38359375 0.14921875 0.0375 0.06484375
1 0.3421875 0.16328125 0.03515625 0.06875
1 0.3140625 0.1734375 0.0421875 0.071875
1 0.31953125 0.1453125 0.02578125 0.0546875
1 0.34375 0.12734375 0.03515625 0.0671875
1 0.3734375 0.11796875 0.03125 0.0609375
1 0.40078125 0.1125 0.0296875 0.05