4 0.2515625 0.56640625 0.090625 0.140625
0 0.1921875 0.59765625 0.05859375 0.153125
0 0.11171875 0.64609375 0.08359375 0.1734375
0 0.1359375 0.44140625 0.075 0.10390625
0 0.10703125 0.38828125 0.05 0.0640625
4 0.38828125 0.35546875 0.0953125 0.13984375
0 0.39296875 0.27734375 0.0609375 0.08984375
0 0.51640625 0.103125 0.03828125 0.06953125
0 0.53984375 0.08984375 0.03125 0.05859375
4 0.28203125 0.2796875 0.0515625 0.09921875
4 0.6234375 0.2296875 0.0640625 0.08671875
4 0.4625 0.196875 0.0515625 0.06953125
4 0.4953125 0.17578125 0.04453125 0.07109375
1 0.5109375 0.221875 0.0421875 0.0796875
4 0.53359375 0.16875 0.05703125 0.05859375
1 0.6265625 0.125 0.040625 0.05
4 0.6546875 0.115625 0.0390625 0.05859375
1 0.21796875 0.4609375 0.071875 0.11796875
1 0.159375 0.51875 0.06640625 0.11796875
1 0.07421875 0.5390625 0.06484375 0.15078125
0 0.07421875 0.4578125 0.0515625 0.084375
1 0.065625 0.4171875 0.04453125 0.08203125
1 0.1609375 0.36484375 0.05703125 0.0796875
1 0.3296875 0.32421875 0.04609375 0.08046875
4 0.34140625 0.25625 0.0515625 0.065625
1 0.38515625 0.22421875 0.05546875 0.08046875
3 0.446875 0.34453125 0.0609375 0.0875
1 0.50859375 0.37578125 0.071875 0.13359375
1 0.54921875 0.3484375 0.05546875 0.11796875
1 0.48984375 0.30234375 0.0546875 0.09140625
1 0.52578125 0.2734375 0.046875 0.09609375
1 0.5640625 0.25546875 0.046875 0.08984375
4 0.31484375 0.1734375 0.04453125 0.06640625
1 0.346875 0.159375 0.0375 0.06640625
1 0.38125 0.146875 0.0453125 0.065625
1 0.43984375 0.128125 0.05 0.05546875
1 0.37265625 0.1109375 0.03671875 0.0390625
1 0.40390625 0.11171875 0.03046875 0.04453125
1 0.56015625 0.0796875 0.0328125 0.05546875
1 0.58359375 0.10234375 0.0375 0.053125
1 0.61015625 0.09921875 0.03671875 0.04140625
1 0.67421875 0.15 0.05078125 0.0578125
1 0.68984375 0.1796875 0.0328125 0.0796875
1 0.69375 0.12734375 0.03359375 0.05859375
1 0.72421875 0.16953125 0.03828125 0.059375
1 0.7515625 0.15546875 0.03671875 0.06796875
4 0.77265625 0.21484375 0.0421875 0.08046875
1 0.7921875 0.19921875 0.0390625 0.06953125