1 0.03671875 0.46328125 0.06875 0.12265625
1 0.25390625 0.45859375 0.078125 0.1546875
1 0.365625 0.47265625 0.07578125 0.15859375
1 0.37265625 0.346875 0.06875 0.11796875
1 0.2734375 0.353125 0.05859375 0.09453125
1 0.115625 0.28828125 0.04296875 0.0875
1 0.06171875 0.35859375 0.05703125 0.11171875
1 0.3078125 0.2890625 0.04921875 0.0890625
1 0.334375 0.2421875 0.0421875 0.0828125
1 0.40859375 0.2125 0.0546875 0.06953125
1 0.41484375 0.17734375 0.034375 0.0609375
1 0.23828125 0.2125 0.03828125 0.05859375
1 0.2109375 0.2515625 0.046875 0.06953125
1 0.1140625 0.36640625 0.053125 0.103125
1 0.20234375 0.209375 0.0359375 0.04921875
1 0.71796875 0.4765625 0.06484375 0.1296875
1 0.925 0.46796875 0.05703125 0.1234375
0 0.8703125 0.48515625 0.06875 0.09609375
1 0.80234375 0.38203125 0.05078125 0.09765625
1 0.859375 0.38984375 0.06171875 0.109375
1 0.74453125 0.309375 0.05859375 0.0828125
1 0.7 0.2640625 0.03125 0.059375
1 0.753125 0.26484375 0.02421875 0.0609375
1 0.5546875 0.1828125 0.03359375 0.065625
1 0.5765625 0.2125 0.03359375 0.04921875
2 0.7796875 0.284375 0.05 0.12109375
2 0.7109375 0.20703125 0.03828125 0.07890625
2 0.6671875 0.21875 0.0390625 0.06953125
2 0.62578125 0.3046875 0.05703125 0.1765625
2 0.575 0.325 0.071875 0.13671875
2 0.61328125 0.24453125 0.0453125 0.12265625
2 0.5484375 0.28125 0.065625 0.09921875
2 0.52265625 0.17265625 0.0390625 0.10078125
2 0.3765625 0.1578125 0.0296875 0.07109375
2 0.35234375 0.1765625 0.03515625 0.11484375
2 0.37890625 0.27109375 0.0578125 0.11953125
2 0.175 0.25859375 0.053125 0.15546875