2 0.04140625 0.42578125 0.0703125 0.20234375
2 0.11875 0.32421875 0.05234375 0.17890625
2 0.0609375 0.3390625 0.0578125 0.13359375
2 0.11484375 0.24921875 0.04296875 0.1453125
2 0.17109375 0.24375 0.05078125 0.16484375
2 0.16328125 0.2125 0.03984375 0.1015625
2 0.2484375 0.46015625 0.08515625 0.13984375
2 0.3640625 0.46953125 0.103125 0.16484375
2 0.259375 0.3484375 0.07109375 0.109375
2 0.30703125 0.284375 0.0546875 0.109375
2 0.38828125 0.26328125 0.05703125 0.13125
2 0.4078125 0.16328125 0.05078125 0.09609375
2 0.4 0.19375 0.04375 0.07890625
2 0.628125 0.4703125 0.06796875 0.13125
2 0.7265625 0.41171875 0.0640625 0.2328125
2 0.6453125 0.31328125 0.05078125 0.1890625
2 0.58203125 0.334375 0.071875 0.15859375
2 0.62109375 0.25625 0.0390625 0.13671875
2 0.53125 0.253125 0.06171875 0.15703125
2 0.5046875 0.159375 0.03359375 0.07109375
2 0.7109375 0.19375 0.04296875 0.1078125
2 0.74296875 0.27265625 0.03828125 0.14140625
2 0.7875 0.3015625 0.04609375 0.09296875
2 0.803125 0.37734375 0.04140625 0.1046875
2 0.840625 0.34453125 0.05078125 0.14140625
1 0.86875 0.47578125 0.05859375 0.128125
1 0.921875 0.47109375 0.0546875 0.13515625
1 0.7 0.25703125 0.0390625 0.06875
1 0.66640625 0.22734375 0.03671875 0.0609375
1 0.59609375 0.25078125 0.03046875 0.0671875
1 0.57890625 0.21015625 0.03515625 0.05078125
1 0.559375 0.17734375 0.025 0.04921875
1 0.365625 0.35625 0.075 0.14140625
1 0.3375 0.240625 0.04765625 0.084375
2 0.3515625 0.18046875 0.0375 0.09609375
1 0.23203125 0.215625 0.0359375 0.0640625
1 0.1953125 0.2078125 0.03203125 0.0859375
1 0.20703125 0.253125 0.0328125 0.07578125