2 0.04140625 0.43671875 0.06953125 0.171875
1 0.11953125 0.3578125 0.053125 0.09609375
1 0.06875 0.35234375 0.046875 0.12265625
1 0.11640625 0.290625 0.04140625 0.0859375
1 0.165625 0.29140625 0.03671875 0.08125
1 0.2015625 0.24765625 0.0453125 0.0640625
1 0.16796875 0.228125 0.03828125 0.07421875
1 0.1984375 0.209375 0.034375 0.06953125
1 0.23359375 0.21015625 0.0359375 0.05703125
1 0.2453125 0.46015625 0.05859375 0.128125
2 0.37265625 0.41796875 0.078125 0.259375
1 0.2671875 0.37265625 0.05859375 0.07578125
1 0.37265625 0.34609375 0.0640625 0.11484375
0 0.30703125 0.29140625 0.0546875 0.09296875
1 0.37421875 0.2796875 0.0515625 0.0875
1 0.32734375 0.2421875 0.04140625 0.07734375
1 0.39453125 0.23984375 0.03828125 0.065625
1 0.4 0.20234375 0.04296875 0.06953125
1 0.35390625 0.19921875 0.034375 0.0671875
1 0.36484375 0.1796875 0.03125 0.0625
1 0.40546875 0.1765625 0.0328125 0.05859375
1 0.509375 0.1765625 0.02578125 0.05546875
1 0.55625 0.17734375 0.02734375 0.05546875
1 0.51796875 0.21484375 0.0359375 0.07109375
1 0.57421875 0.203125 0.0328125 0.07109375
1 0.534375 0.23671875 0.03984375 0.0796875
1 0.59375 0.24609375 0.04609375 0.08125
1 0.54296875 0.2828125 0.05859375 0.09453125
1 0.578125 0.36171875 0.05859375 0.11171875
2 0.62734375 0.30859375 0.04765625 0.18046875
2 0.6421875 0.39921875 0.07421875 0.2359375
1 0.71953125 0.47890625 0.06328125 0.12265625
1 0.6671875 0.215625 0.0359375 0.07265625
2 0.70546875 0.20546875 0.03515625 0.1109375
1 0.69609375 0.2625 0.040625 0.0828125
2 0.740625 0.28125 0.04375 0.125
1 0.77421875 0.29921875 0.0359375 0.09765625
1 0.80078125 0.3890625 0.05078125 0.090625
1 0.84765625 0.384375 0.05078125 0.090625
1 0.865625 0.4859375 0.05234375 0.1015625