2 0.0890625 0.71015625 0.08984375 0.340625
2 0.21953125 0.765625 0.1015625 0.165625
2 0.253125 0.62265625 0.09453125 0.253125
2 0.13828125 0.6609375 0.08203125 0.1515625
2 0.18125 0.60078125 0.07421875 0.1296875
2 0.2609375 0.465625 0.0640625 0.1515625
2 0.40234375 0.74921875 0.11328125 0.2078125
2 0.409375 0.6484375 0.09296875 0.1703125
2 0.5234375 0.64296875 0.090625 0.16484375
2 0.5078125 0.534375 0.08359375 0.1109375
2 0.52109375 0.52109375 0.071875 0.09921875
2 0.52109375 0.45 0.06953125 0.16875
2 0.61640625 0.44921875 0.05703125 0.13828125
2 0.65546875 0.5578125 0.07265625 0.1953125
2 0.6578125 0.48515625 0.0546875 0.16484375
2 0.7265625 0.490625 0.0609375 0.17734375
1 0.29609375 0.6 0.06640625 0.13984375
1 0.2296875 0.5390625 0.053125 0.109375
1 0.3203125 0.53125 0.0625 0.13359375
1 0.3328125 0.48828125 0.04140625 0.09140625
1 0.43984375 0.584375 0.053125 0.1234375
1 0.44140625 0.521875 0.0515625 0.10625
1 0.440625 0.48828125 0.053125 0.10625
1 0.53515625 0.76640625 0.11328125 0.1671875
1 0.7015625 0.6625 0.0796875 0.1515625
1 0.7484375 0.7640625 0.09609375 0.15703125
1 0.80703125 0.65546875 0.0671875 0.13515625
1 0.86640625 0.76875 0.09765625 0.171875
2 0.7609375 0.57734375 0.07265625 0.13515625
1 0.696875 0.48046875 0.03984375 0.1046875