1 0.74609375 0.7953125 0.12109375 0.153125
1 0.86796875 0.79375 0.11015625 0.1234375
1 0.8015625 0.6859375 0.0984375 0.13515625
1 0.69453125 0.6984375 0.1078125 0.09296875
1 0.778125 0.603125 0.09140625 0.109375
1 0.66875 0.6078125 0.0890625 0.11796875
1 0.740625 0.5390625 0.08671875 0.0890625
1 0.653125 0.5328125 0.05859375 0.09921875
1 0.71171875 0.49140625 0.06171875 0.09140625
1 0.634375 0.49453125 0.0546875 0.0890625
1 0.5375 0.76328125 0.13203125 0.16171875
1 0.528125 0.671875 0.11640625 0.1328125
1 0.515625 0.61015625 0.103125 0.09296875
1 0.52578125 0.5453125 0.084375 0.09765625
1 0.52421875 0.50234375 0.07109375 0.084375
1 0.39921875 0.78203125 0.1109375 0.18203125
1 0.41171875 0.68984375 0.11015625 0.1015625
1 0.43125 0.59296875 0.084375 0.1265625
1 0.4390625 0.53515625 0.071875 0.11171875
1 0.440625 0.503125 0.08203125 0.10078125
1 0.325 0.49453125 0.06328125 0.103125
0 0.2578125 0.49296875 0.0609375 0.11484375
1 0.31328125 0.56875 0.0671875 0.09140625
1 0.23046875 0.55703125 0.05859375 0.10625
1 0.2890625 0.60546875 0.0765625 0.09921875
1 0.24140625 0.66484375 0.1265625 0.15859375
1 0.2140625 0.79921875 0.1375 0.165625
1 0.071875 0.76953125 0.115625 0.2140625
1 0.146875 0.67421875 0.08046875 0.1484375
1 0.19296875 0.6140625 0.07734375 0.09921875