1 0.8796875 0.65234375 0.0859375 0.18828125
1 0.9359375 0.5109375 0.084375 0.165625
1 0.8234375 0.30390625 0.0578125 0.121875
1 0.340625 0.26328125 0.065625 0.1375
1 0.30078125 0.340625 0.075 0.1390625
1 0.10546875 0.85234375 0.15234375 0.25625
1 0.48046875 0.4515625 0.0953125 0.165625
2 0.04609375 0.58984375 0.0921875 0.19765625
2 0.1765625 0.60234375 0.11484375 0.20859375
2 0.12734375 0.45625 0.07421875 0.1484375
2 0.234375 0.45703125 0.10859375 0.1734375
2 0.20390625 0.3390625 0.07890625 0.1359375
2 0.25390625 0.25 0.06015625 0.12421875
2 0.471875 0.334375 0.065625 0.140625
2 0.4921875 0.26796875 0.05 0.1125
2 0.55859375 0.3515625 0.0703125 0.146875
2 0.57109375 0.27734375 0.0609375 0.12421875
2 0.58671875 0.4625 0.07265625 0.1421875
2 0.61015625 0.61015625 0.096875 0.21328125
2 0.48203125 0.6109375 0.096875 0.196875
2 0.4421875 0.8671875 0.13359375 0.26484375
2 0.63046875 0.87578125 0.1203125 0.2484375
2 0.83203125 0.49609375 0.08046875 0.16875
2 0.88203125 0.390625 0.05390625 0.13203125
2 0.76796875 0.37578125 0.071875 0.15234375
2 0.7421875 0.30546875 0.05234375 0.13359375