1 0.746875 0.76953125 0.08828125 0.14140625
1 0.8671875 0.7703125 0.125 0.1515625
1 0.8046875 0.66640625 0.08671875 0.14296875
1 0.6953125 0.66875 0.071875 0.1296875
1 0.66171875 0.59453125 0.0734375 0.1234375
1 0.76171875 0.590625 0.09453125 0.12265625
1 0.66015625 0.528125 0.0625 0.11953125
1 0.7515625 0.484375 0.0671875 0.17578125
1 0.7015625 0.484375 0.05 0.09453125
1 0.634375 0.48828125 0.07578125 0.11171875
1 0.521875 0.65234375 0.10234375 0.1546875
1 0.5265625 0.58828125 0.05390625 0.1109375
0 0.5171875 0.54453125 0.0671875 0.1109375
0 0.5234375 0.484375 0.06171875 0.1109375
1 0.5328125 0.75703125 0.115625 0.18046875
1 0.40703125 0.79375 0.1203125 0.20546875
1 0.41484375 0.6671875 0.10234375 0.17890625
1 0.4421875 0.5890625 0.06484375 0.1296875
1 0.43671875 0.54375 0.07265625 0.1234375
1 0.32421875 0.53984375 0.053125 0.1109375
1 0.303125 0.59453125 0.0640625 0.14375
1 0.2578125 0.65859375 0.08046875 0.1703125
1 0.0921875 0.76953125 0.09453125 0.2171875
1 0.15078125 0.66640625 0.065625 0.1515625
1 0.190625 0.5984375 0.06171875 0.128125
0 0.23203125 0.54453125 0.0640625 0.128125
2 0.25625 0.4890625 0.0609375 0.11953125
2 0.32421875 0.4734375 0.06796875 0.15
2 0.215625 0.771875 0.1046875 0.17890625
2 0.44140625 0.4625 0.0609375 0.1515625