2 0.2640625 0.4515625 0.05703125 0.1890625
2 0.3296875 0.45703125 0.05546875 0.175
2 0.22265625 0.5109375 0.08828125 0.17734375
2 0.2484375 0.62578125 0.09296875 0.22109375
2 0.21875 0.76171875 0.10078125 0.17578125
2 0.390625 0.7625 0.13828125 0.18046875
2 0.4109375 0.6546875 0.11328125 0.16328125
2 0.528125 0.73984375 0.11796875 0.2125
2 0.509375 0.56171875 0.0875 0.16328125
2 0.528125 0.46328125 0.059375 0.16484375
2 0.440625 0.45 0.0625 0.16875
2 0.6296875 0.4671875 0.06953125 0.13125
2 0.72890625 0.5078125 0.0765625 0.1484375
2 0.65234375 0.5765625 0.09453125 0.165625
2 0.65703125 0.503125 0.0734375 0.14375
2 0.86328125 0.76640625 0.0890625 0.16171875
1 0.7515625 0.77109375 0.08203125 0.16171875
1 0.69140625 0.66484375 0.10078125 0.1453125
1 0.80390625 0.67265625 0.096875 0.1546875
1 0.759375 0.58671875 0.0640625 0.11640625
1 0.5265625 0.66171875 0.09296875 0.1703125
2 0.43203125 0.584375 0.07578125 0.13828125
1 0.43671875 0.528125 0.0671875 0.11328125
1 0.30078125 0.59921875 0.06640625 0.15
1 0.31875 0.54296875 0.05078125 0.11640625
1 0.090625 0.7671875 0.0875 0.1890625
1 0.15234375 0.6765625 0.0796875 0.171875
1 0.19140625 0.59765625 0.05078125 0.1265625