1 0.78671875 0.30546875 0.04765625 0.1078125
2 0.70859375 0.27109375 0.06328125 0.1921875
1 0.71484375 0.21640625 0.04140625 0.0828125
1 0.6515625 0.20703125 0.04609375 0.090625
1 0.56171875 0.20078125 0.059375 0.1046875
1 0.61484375 0.34609375 0.07421875 0.13359375
1 0.5140625 0.3515625 0.06953125 0.15
1 0.396875 0.17578125 0.0703125 0.16328125
2 0.36953125 0.32421875 0.0921875 0.190625
1 0.38828125 0.284375 0.075 0.11171875
1 0.3859375 0.24375 0.06015625 0.0859375
1 0.27734375 0.36171875 0.071875 0.14140625
1 0.3 0.29375 0.0515625 0.11953125
2 0.253125 0.4328125 0.08203125 0.22578125
2 0.38671875 0.43046875 0.08671875 0.175
2 0.3015625 0.19921875 0.06171875 0.16875
2 0.3265625 0.1609375 0.0453125 0.16484375
2 0.4859375 0.1765625 0.059375 0.15546875
2 0.5046875 0.26640625 0.06953125 0.16015625
2 0.58515625 0.2421875 0.0609375 0.19375
2 0.65859375 0.39921875 0.09609375 0.2140625
2 0.56484375 0.390625 0.07734375 0.2375
2 0.81953125 0.45546875 0.06953125 0.13359375
2 0.83203125 0.35625 0.07890625 0.1859375
2 0.90703125 0.4609375 0.0640625 0.14140625
2 0.75546875 0.3671875 0.0703125 0.14140625