2 0.63515625 0.88203125 0.12890625 0.2359375
2 0.60703125 0.61015625 0.1015625 0.21640625
2 0.47890625 0.6046875 0.096875 0.21328125
2 0.184375 0.5953125 0.10078125 0.21640625
2 0.23671875 0.4390625 0.10078125 0.1703125
2 0.74296875 0.3 0.07109375 0.1203125
2 0.9359375 0.509375 0.07890625 0.15390625
1 0.88359375 0.65546875 0.08828125 0.19140625
1 0.45546875 0.8609375 0.125 0.2515625
1 0.48203125 0.45390625 0.0984375 0.1671875
1 0.59140625 0.46015625 0.10234375 0.15546875
1 0.56015625 0.35390625 0.06953125 0.1484375
1 0.47734375 0.3375 0.07890625 0.1453125
1 0.496875 0.26953125 0.05859375 0.12734375
1 0.57109375 0.2765625 0.06953125 0.1203125
1 0.759375 0.36953125 0.065625 0.15546875
1 0.82421875 0.3109375 0.0546875 0.12734375
1 0.85390625 0.390625 0.059375 0.12890625
1 0.82109375 0.48671875 0.071875 0.16171875
1 0.11484375 0.85078125 0.121875 0.22109375
1 0.06328125 0.59296875 0.10078125 0.2046875
1 0.14296875 0.45078125 0.065625 0.1203125
1 0.2171875 0.33671875 0.06484375 0.1203125
1 0.3 0.33046875 0.075 0.1453125
1 0.3390625 0.2703125 0.06171875 0.13203125
1 0.26015625 0.253125 0.06484375 0.12421875