2 0.0984375 0.85234375 0.1375 0.22109375
2 0.46015625 0.871875 0.1109375 0.25625
2 0.81484375 0.30625 0.05703125 0.1375
1 0.0609375 0.596875 0.10703125 0.2046875
1 0.19140625 0.5890625 0.11015625 0.2
1 0.12265625 0.4515625 0.06328125 0.1453125
1 0.171875 0.296875 0.0734375 0.2
1 0.25078125 0.25859375 0.05703125 0.1171875
1 0.25234375 0.440625 0.06484375 0.1734375
1 0.30234375 0.3265625 0.06796875 0.15234375
1 0.3421875 0.26015625 0.065625 0.1171875
1 0.4890625 0.27109375 0.06015625 0.11875
1 0.575 0.28046875 0.06640625 0.12890625
2 0.56171875 0.346875 0.0640625 0.1453125
1 0.47421875 0.35078125 0.075 0.15390625
1 0.4859375 0.4453125 0.08828125 0.1765625
1 0.5859375 0.4625 0.0828125 0.1359375
1 0.47890625 0.60859375 0.10703125 0.19296875
1 0.61328125 0.61328125 0.10546875 0.21640625
1 0.62578125 0.87890625 0.12890625 0.2296875
1 0.8875 0.66015625 0.0703125 0.1765625
1 0.81796875 0.4921875 0.0765625 0.1484375
1 0.91171875 0.50546875 0.07265625 0.1453125
1 0.8578125 0.37578125 0.059375 0.13515625
1 0.76328125 0.36875 0.06171875 0.1421875
1 0.73828125 0.3015625 0.065625 0.13203125