2 0.465625 0.34609375 0.0640625 0.12265625
2 0.7 0.35625 0.053125 0.12578125
2 0.73984375 0.278125 0.05703125 0.1703125
1 0.2421875 0.5296875 0.0796875 0.1703125
1 0.14609375 0.52578125 0.0765625 0.15390625
1 0.21171875 0.41953125 0.06171875 0.13046875
1 0.2921875 0.42734375 0.0625 0.13515625
1 0.24921875 0.3625 0.05078125 0.0875
1 0.2859375 0.30703125 0.04609375 0.09296875
1 0.31640625 0.2734375 0.03359375 0.06640625
1 0.3578125 0.31171875 0.04453125 0.084375
1 0.37109375 0.2734375 0.0390625 0.078125
1 0.46953125 0.5421875 0.0859375 0.18359375
1 0.5921875 0.546875 0.09453125 0.18359375
1 0.559375 0.425 0.0625 0.1453125
1 0.47265625 0.43671875 0.06640625 0.1125
1 0.546875 0.36171875 0.05546875 0.10078125
1 0.5421875 0.29921875 0.0578125 0.09453125
1 0.48515625 0.23125 0.0359375 0.06796875
1 0.55 0.26328125 0.03359375 0.06640625
1 0.65703125 0.26328125 0.05234375 0.09609375
1 0.6734375 0.30859375 0.03984375 0.084375
1 0.775 0.35546875 0.05 0.10703125
1 0.74453125 0.42890625 0.05859375 0.13515625
1 0.825 0.43046875 0.05859375 0.12890625
1 0.8 0.53984375 0.08671875 0.15
1 0.896875 0.52890625 0.07265625 0.16875
0 0.3265625 0.36484375 0.0546875 0.10234375