2 0.21171875 0.4203125 0.06328125 0.146875
2 0.70078125 0.34375 0.05078125 0.12734375
2 0.80390625 0.515625 0.07890625 0.2046875
1 0.896875 0.525 0.0671875 0.1671875
1 0.825 0.42734375 0.0546875 0.12890625
1 0.74296875 0.4265625 0.0609375 0.1359375
1 0.590625 0.54765625 0.0984375 0.1765625
1 0.46953125 0.54921875 0.07890625 0.1671875
1 0.55546875 0.42578125 0.05859375 0.12890625
1 0.47421875 0.43203125 0.06640625 0.1171875
1 0.46875 0.35625 0.0578125 0.1109375
1 0.5546875 0.35625 0.05546875 0.090625
1 0.5421875 0.30234375 0.040625 0.0921875
1 0.48203125 0.3140625 0.04140625 0.0859375
1 0.4921875 0.26953125 0.034375 0.06796875
1 0.5546875 0.26953125 0.034375 0.07421875
1 0.49140625 0.2390625 0.034375 0.06640625
2 0.65546875 0.24765625 0.0453125 0.115625
1 0.7125 0.275 0.0265625 0.0609375
1 0.73828125 0.30859375 0.05 0.09296875
1 0.775 0.35546875 0.0515625 0.10390625
1 0.2453125 0.521875 0.07421875 0.171875
1 0.14609375 0.52890625 0.078125 0.15703125
1 0.28828125 0.42265625 0.05234375 0.140625
1 0.25390625 0.36015625 0.0546875 0.09453125
1 0.32734375 0.36640625 0.06171875 0.10546875
1 0.359375 0.3171875 0.04140625 0.0859375
1 0.290625 0.31171875 0.04921875 0.09921875
1 0.31484375 0.2765625 0.034375 0.078125
1 0.375 0.25625 0.04296875 0.0921875