1 0.9015625 0.5296875 0.071875 0.1640625
1 0.83046875 0.4296875 0.078125 0.1359375
1 0.73515625 0.4546875 0.084375 0.09453125
1 0.76484375 0.37890625 0.075 0.0796875
1 0.6890625 0.37734375 0.0765625 0.084375
1 0.665625 0.32265625 0.0640625 0.07421875
1 0.7453125 0.31484375 0.07109375 0.0640625
1 0.71640625 0.278125 0.05 0.07109375
1 0.46171875 0.5609375 0.13515625 0.1703125
1 0.5421875 0.36953125 0.0625 0.09609375
1 0.484375 0.359375 0.04921875 0.10546875
1 0.53984375 0.2953125 0.04453125 0.078125
1 0.48828125 0.26953125 0.03515625 0.07734375
1 0.29765625 0.421875 0.06484375 0.1390625
1 0.25234375 0.359375 0.04921875 0.090625
1 0.32734375 0.36171875 0.0453125 0.10390625
1 0.284375 0.32265625 0.04765625 0.06484375
1 0.3109375 0.27421875 0.0453125 0.07421875
1 0.35390625 0.3203125 0.0609375 0.09453125
1 0.3734375 0.271875 0.0421875 0.078125
2 0.24140625 0.5265625 0.071875 0.17890625
2 0.20703125 0.4140625 0.06953125 0.1375
0 0.559375 0.43125 0.0671875 0.15703125
0 0.47578125 0.42578125 0.07265625 0.140625
0 0.80546875 0.5515625 0.08515625 0.1734375
0 0.65859375 0.2640625 0.0453125 0.09609375
2 0.59765625 0.534375 0.08203125 0.196875
2 0.1359375 0.51796875 0.0796875 0.1765625