1 0.33984375 0.3703125 0.08515625 0.11796875
1 0.31015625 0.29921875 0.04609375 0.0890625
1 0.37890625 0.3 0.046875 0.09609375
1 0.25625 0.37109375 0.07421875 0.11640625
1 0.2328125 0.5484375 0.096875 0.16171875
1 0.5234375 0.3765625 0.05390625 0.11484375
2 0.59921875 0.45390625 0.075 0.165625
1 0.6125 0.37890625 0.05 0.1109375
1 0.8484375 0.5921875 0.07578125 0.18203125
1 0.89375 0.4734375 0.065625 0.13671875
1 0.796875 0.4625 0.0765625 0.15859375
1 0.84296875 0.39375 0.05234375 0.11171875
1 0.76015625 0.38203125 0.05859375 0.1265625
1 0.734375 0.325 0.046875 0.07578125
1 0.80625 0.32421875 0.04375 0.09453125
1 0.6140625 0.3203125 0.05859375 0.1015625
1 0.54765625 0.3171875 0.05390625 0.09296875
2 0.6109375 0.58984375 0.09375 0.18359375
2 0.4921875 0.5734375 0.0859375 0.1921875
2 0.50078125 0.46171875 0.0734375 0.1484375
2 0.28671875 0.440625 0.071875 0.15546875
2 0.1921875 0.44140625 0.06953125 0.12265625
2 0.11953125 0.54609375 0.06953125 0.15703125