1 0.81484375 0.58671875 0.07578125 0.17734375
1 0.85234375 0.46796875 0.06484375 0.14453125
1 0.7671875 0.45234375 0.07265625 0.14140625
1 0.8109375 0.3859375 0.0546875 0.09921875
1 0.73125 0.38203125 0.06015625 0.1234375
2 0.4734375 0.453125 0.0859375 0.1453125
1 0.49375 0.378125 0.05234375 0.103125
0 0.5640625 0.38203125 0.0609375 0.11171875
1 0.57265625 0.32109375 0.0546875 0.10078125
1 0.5078125 0.31875 0.04765625 0.09609375
1 0.346875 0.303125 0.05234375 0.1015625
1 0.3046875 0.36953125 0.0796875 0.128125
1 0.28046875 0.30390625 0.06015625 0.10078125
1 0.2265625 0.3734375 0.06171875 0.10078125
2 0.15703125 0.45546875 0.06796875 0.125
2 0.2515625 0.4453125 0.06953125 0.1515625
1 0.1984375 0.55625 0.09296875 0.165625
2 0.45703125 0.5671875 0.08515625 0.190625
2 0.57578125 0.5828125 0.10546875 0.18203125
2 0.5625 0.45 0.07421875 0.1546875
0 0.10078125 0.55234375 0.04375 0.146875
0 0.78203125 0.3265625 0.0546875 0.109375
0 0.70546875 0.32578125 0.0546875 0.090625