1 0.8125 0.58203125 0.08125 0.16875
1 0.85625 0.47265625 0.065625 0.14140625
1 0.80703125 0.38203125 0.04765625 0.10078125
1 0.72890625 0.38828125 0.05390625 0.1296875
1 0.7671875 0.45546875 0.071875 0.1515625
1 0.5796875 0.5671875 0.075 0.19921875
1 0.4578125 0.5625 0.08125 0.190625
2 0.475 0.4515625 0.07890625 0.13359375
1 0.49453125 0.37421875 0.05078125 0.1015625
1 0.50859375 0.31640625 0.046875 0.10078125
2 0.5640625 0.44921875 0.0703125 0.15859375
1 0.56640625 0.36953125 0.05859375 0.13125
1 0.5703125 0.31484375 0.0484375 0.090625
1 0.34453125 0.3 0.04375 0.1078125
1 0.27890625 0.2984375 0.05234375 0.090625
1 0.3046875 0.36875 0.0671875 0.12109375
1 0.22265625 0.3625 0.06875 0.125
1 0.2 0.5515625 0.09140625 0.16328125
0 0.1046875 0.55 0.04765625 0.1703125
2 0.15703125 0.45078125 0.06875 0.12109375
2 0.2484375 0.44296875 0.06953125 0.1546875
0 0.77578125 0.328125 0.053125 0.09453125
0 0.70078125 0.3234375 0.05234375 0.07890625