1 0.81171875 0.5765625 0.07890625 0.18046875
1 0.86015625 0.46796875 0.07109375 0.146875
1 0.76640625 0.45625 0.07578125 0.16484375
1 0.815625 0.38515625 0.0609375 0.1265625
1 0.72578125 0.37265625 0.0609375 0.11640625
1 0.77578125 0.31953125 0.05390625 0.09765625
1 0.703125 0.31953125 0.046875 0.0828125
1 0.5671875 0.44765625 0.07421875 0.153125
1 0.571875 0.3765625 0.05703125 0.103125
1 0.5734375 0.3140625 0.0515625 0.09453125
1 0.46953125 0.45234375 0.09453125 0.153125
1 0.49296875 0.3671875 0.05625 0.1015625
1 0.509375 0.32265625 0.04765625 0.10078125
1 0.575 0.5625 0.0828125 0.17890625
1 0.4515625 0.56796875 0.0953125 0.20703125
1 0.196875 0.55703125 0.08515625 0.15546875
1 0.153125 0.446875 0.071875 0.13359375
1 0.2578125 0.446875 0.06328125 0.16015625
1 0.303125 0.36484375 0.06953125 0.1296875
1 0.34765625 0.29375 0.04765625 0.11796875
1 0.27890625 0.3046875 0.05078125 0.09921875
1 0.22578125 0.36796875 0.075 0.1265625
0 0.1046875 0.55 0.04375 0.17890625