1 0.103125 0.55 0.05 0.153125
1 0.19375 0.5546875 0.08984375 0.1546875
1 0.2578125 0.44453125 0.0671875 0.153125
1 0.15703125 0.415625 0.07265625 0.196875
1 0.2296875 0.3671875 0.06875 0.125
1 0.3109375 0.3703125 0.05703125 0.11484375
1 0.34765625 0.29765625 0.04375 0.0890625
1 0.28046875 0.30078125 0.053125 0.09765625
1 0.49609375 0.37734375 0.053125 0.11953125
1 0.50078125 0.31484375 0.06328125 0.10078125
1 0.56875 0.4578125 0.1109375 0.15546875
1 0.57890625 0.38359375 0.0515625 0.1234375
0 0.56953125 0.31015625 0.0484375 0.09296875
0 0.4703125 0.4578125 0.07578125 0.14140625
0 0.4546875 0.58046875 0.0859375 0.15859375
0 0.5828125 0.58046875 0.09609375 0.2140625
1 0.81484375 0.58203125 0.08359375 0.18203125
0 0.865625 0.4703125 0.06640625 0.13125
1 0.76796875 0.45546875 0.0765625 0.16328125
1 0.80546875 0.38203125 0.053125 0.103125
1 0.72578125 0.37578125 0.06953125 0.13359375
0 0.778125 0.31953125 0.0515625 0.10625
0 0.69765625 0.31640625 0.0578125 0.09765625