1 0.19375 0.55546875 0.0890625 0.15859375
1 0.10390625 0.546875 0.05234375 0.1671875
1 0.15859375 0.421875 0.07265625 0.2140625
1 0.221875 0.36796875 0.0671875 0.12109375
1 0.2765625 0.30546875 0.0484375 0.09296875
1 0.346875 0.296875 0.04375 0.1015625
1 0.4515625 0.571875 0.0921875 0.16171875
1 0.584375 0.5734375 0.0921875 0.215625
0 0.4703125 0.4609375 0.0828125 0.14453125
1 0.49453125 0.38515625 0.046875 0.109375
1 0.56796875 0.45390625 0.1046875 0.16328125
1 0.5796875 0.3765625 0.046875 0.11796875
1 0.5703125 0.31328125 0.05 0.1015625
1 0.49609375 0.3234375 0.0640625 0.090625
1 0.696875 0.3203125 0.0546875 0.1015625
1 0.72734375 0.37734375 0.078125 0.13359375
0 0.8046875 0.37578125 0.06015625 0.12265625
0 0.81171875 0.58046875 0.0796875 0.16484375
0 0.90859375 0.58359375 0.04296875 0.1546875
0 0.8625 0.475 0.0671875 0.13125
0 0.76875 0.45859375 0.075 0.165625
0 0.77578125 0.31796875 0.05625 0.109375
0 0.25625 0.44375 0.06640625 0.153125
0 0.3125 0.375 0.059375 0.11484375