1 0.19453125 0.553125 0.09765625 0.16328125
1 0.103125 0.5484375 0.0546875 0.1671875
1 0.1625 0.4203125 0.07734375 0.2140625
1 0.25390625 0.44375 0.06796875 0.153125
1 0.21875 0.36796875 0.0671875 0.1296875
1 0.31171875 0.36875 0.05703125 0.1046875
1 0.346875 0.3 0.0484375 0.1078125
1 0.27734375 0.303125 0.04921875 0.09609375
1 0.4515625 0.57265625 0.0734375 0.1734375
1 0.47109375 0.459375 0.06640625 0.1328125
1 0.56875 0.45859375 0.1078125 0.16875
1 0.58515625 0.57578125 0.09140625 0.2171875
1 0.5796875 0.3828125 0.0515625 0.11953125
1 0.49140625 0.38828125 0.05625 0.11484375
1 0.49609375 0.325 0.05625 0.09296875
1 0.56875 0.31640625 0.05 0.10625
1 0.6984375 0.321875 0.05390625 0.09921875
1 0.7765625 0.31953125 0.05625 0.109375
1 0.72421875 0.37578125 0.07265625 0.128125
1 0.76484375 0.45390625 0.07265625 0.1546875
1 0.8078125 0.37421875 0.06015625 0.125
1 0.8578125 0.4765625 0.06328125 0.1296875
1 0.81640625 0.5828125 0.0890625 0.17890625