1 0.27734375 0.30703125 0.05234375 0.1015625
1 0.34765625 0.30234375 0.04921875 0.10078125
1 0.22109375 0.36640625 0.06015625 0.11171875
1 0.30859375 0.37109375 0.0515625 0.11640625
1 0.2578125 0.440625 0.0640625 0.14453125
1 0.16328125 0.42265625 0.075 0.20859375
1 0.19375 0.5546875 0.09375 0.16328125
1 0.10703125 0.5453125 0.05859375 0.1734375
1 0.45078125 0.56953125 0.090625 0.16875
1 0.584375 0.575 0.09296875 0.209375
1 0.5640625 0.45078125 0.10703125 0.15859375
1 0.47265625 0.45859375 0.07578125 0.14296875
1 0.49375 0.3828125 0.04765625 0.09921875
1 0.57734375 0.3828125 0.05625 0.11328125
1 0.571875 0.31484375 0.0546875 0.09765625
1 0.49609375 0.325 0.0578125 0.09921875
1 0.6953125 0.3234375 0.05 0.1078125
1 0.7734375 0.31875 0.05390625 0.1078125
1 0.72578125 0.37265625 0.071875 0.12265625
1 0.765625 0.459375 0.0703125 0.15859375
0 0.8046875 0.3796875 0.05859375 0.11328125
1 0.8578125 0.4765625 0.065625 0.13828125
1 0.81171875 0.58828125 0.08515625 0.18359375