1 0.1453125 0.45546875 0.071875 0.13984375
1 0.19921875 0.33515625 0.06875 0.18359375
1 0.2796875 0.3015625 0.05 0.09609375
1 0.30859375 0.3734375 0.0515625 0.09453125
1 0.571875 0.31171875 0.053125 0.1046875
1 0.5859375 0.57109375 0.103125 0.20390625
1 0.453125 0.57734375 0.0890625 0.16484375
1 0.69453125 0.31484375 0.05859375 0.09765625
1 0.81328125 0.58046875 0.08203125 0.18515625
1 0.86171875 0.46796875 0.06640625 0.13515625
1 0.8046875 0.39296875 0.06484375 0.12265625
0 0.90546875 0.58359375 0.03984375 0.1546875
0 0.765625 0.45625 0.07421875 0.15546875
0 0.72265625 0.37421875 0.07109375 0.13125
0 0.77734375 0.3203125 0.0546875 0.1015625
0 0.49609375 0.3765625 0.05546875 0.11796875
0 0.5015625 0.31484375 0.06640625 0.103125
0 0.5671875 0.45234375 0.07421875 0.146875
0 0.5796875 0.3796875 0.05078125 0.103125
0 0.475 0.46484375 0.08671875 0.13671875
0 0.346875 0.29375 0.03828125 0.11328125
0 0.24765625 0.4515625 0.0640625 0.14296875
0 0.1984375 0.5546875 0.0859375 0.16328125