0 0.9046875 0.58515625 0.034375 0.13984375
0 0.72265625 0.3703125 0.06796875 0.11796875
0 0.5828125 0.57421875 0.109375 0.1734375
1 0.81171875 0.5828125 0.07734375 0.1765625
1 0.85546875 0.4640625 0.06484375 0.1265625
1 0.76640625 0.45703125 0.06953125 0.1453125
1 0.80703125 0.38984375 0.0546875 0.1078125
1 0.778125 0.3265625 0.05703125 0.11171875
1 0.69921875 0.31953125 0.06484375 0.09453125
1 0.5734375 0.31875 0.0390625 0.09296875
1 0.5015625 0.325 0.053125 0.07890625
1 0.49453125 0.3828125 0.04609375 0.1015625
1 0.5703125 0.3828125 0.04921875 0.1015625
1 0.5609375 0.44140625 0.08203125 0.13984375
1 0.475 0.4625 0.08515625 0.1234375
1 0.45078125 0.57421875 0.08515625 0.16171875
1 0.2015625 0.5421875 0.07421875 0.15859375
1 0.1 0.55078125 0.05 0.16484375
1 0.15078125 0.45390625 0.065625 0.12109375
1 0.25625 0.44453125 0.0546875 0.13828125
1 0.19921875 0.33671875 0.0671875 0.18515625
0 0.30859375 0.36328125 0.046875 0.09765625
1 0.34921875 0.30078125 0.04375 0.10078125
1 0.27578125 0.30078125 0.0484375 0.09765625