0 0.9046875 0.58515625 0.03828125 0.1484375
0 0.58515625 0.578125 0.10859375 0.175
0 0.3046875 0.37890625 0.0515625 0.09296875
0 0.4984375 0.315625 0.05703125 0.084375
0 0.72109375 0.37578125 0.06640625 0.12265625
1 0.815625 0.5859375 0.08125 0.1765625
1 0.771875 0.45390625 0.06953125 0.13984375
1 0.85625 0.46484375 0.0671875 0.1296875
1 0.80546875 0.3953125 0.0546875 0.10625
1 0.775 0.32109375 0.04609375 0.10078125
1 0.69921875 0.3171875 0.05859375 0.09296875
1 0.57421875 0.31796875 0.04296875 0.09140625
1 0.56875 0.3828125 0.059375 0.1109375
1 0.49765625 0.38828125 0.0484375 0.103125
1 0.4765625 0.4625 0.084375 0.1234375
1 0.56640625 0.45703125 0.0734375 0.13671875
1 0.45390625 0.58046875 0.0890625 0.15546875
1 0.2 0.5515625 0.07109375 0.1453125
1 0.0984375 0.553125 0.04140625 0.15703125
1 0.15546875 0.45625 0.0671875 0.11796875
1 0.25 0.44609375 0.0671875 0.14453125
1 0.20234375 0.33671875 0.06796875 0.18515625
1 0.278125 0.30546875 0.04921875 0.090625
1 0.34609375 0.2984375 0.0375 0.09609375