0 0.575 0.58046875 0.11015625 0.18515625
0 0.56796875 0.45234375 0.06953125 0.1234375
0 0.4734375 0.4625 0.06640625 0.1328125
0 0.4984375 0.3796875 0.04609375 0.09609375
0 0.4953125 0.315625 0.071875 0.09296875
0 0.3453125 0.29453125 0.065625 0.103125
0 0.28046875 0.30390625 0.0546875 0.09453125
0 0.31328125 0.384375 0.05859375 0.1046875
1 0.18671875 0.55859375 0.11328125 0.16171875
1 0.15 0.4578125 0.0859375 0.1234375
1 0.2578125 0.45078125 0.06328125 0.13828125
1 0.23671875 0.36953125 0.06015625 0.1109375
1 0.45078125 0.5765625 0.090625 0.171875
1 0.5765625 0.38203125 0.04609375 0.0796875
1 0.56875 0.31484375 0.0515625 0.09296875
1 0.7046875 0.29296875 0.06171875 0.1484375
1 0.77109375 0.321875 0.04921875 0.09921875
1 0.72421875 0.375 0.07265625 0.1296875
1 0.8125 0.3875 0.06640625 0.1078125
1 0.76953125 0.459375 0.071875 0.1671875
1 0.8625 0.48046875 0.078125 0.13359375
1 0.80859375 0.59375 0.1 0.18671875