1 0.18671875 0.56484375 0.10546875 0.15703125
0 0.096875 0.553125 0.040625 0.16015625
1 0.15390625 0.46171875 0.0828125 0.1046875
1 0.26015625 0.4484375 0.0578125 0.1484375
0 0.3125 0.3734375 0.05625 0.10625
0 0.234375 0.3609375 0.0484375 0.1078125
0 0.2796875 0.3046875 0.05 0.09140625
0 0.34296875 0.28984375 0.0578125 0.09921875
0 0.47421875 0.453125 0.06875 0.1046875
0 0.56328125 0.4546875 0.0640625 0.1296875
1 0.44921875 0.58046875 0.08671875 0.16484375
1 0.5734375 0.56953125 0.096875 0.18671875
1 0.49765625 0.3890625 0.0546875 0.1078125
1 0.575 0.3796875 0.05234375 0.08125
1 0.56953125 0.3140625 0.04609375 0.0890625
1 0.496875 0.3265625 0.07109375 0.0796875
1 0.7109375 0.28828125 0.06328125 0.1484375
1 0.77734375 0.32109375 0.05390625 0.09765625
1 0.72734375 0.375 0.0859375 0.1265625
1 0.80625 0.38046875 0.06875 0.11171875
1 0.77109375 0.446875 0.08515625 0.15703125
1 0.86015625 0.47109375 0.06875 0.1328125
1 0.8109375 0.59453125 0.09609375 0.16171875