1 0.44921875 0.57734375 0.09375 0.17890625
1 0.18515625 0.565625 0.11796875 0.1671875
1 0.1484375 0.45859375 0.0890625 0.1109375
1 0.2609375 0.44453125 0.07578125 0.1734375
1 0.31953125 0.38359375 0.06796875 0.1265625
1 0.2765625 0.3046875 0.046875 0.0890625
1 0.496875 0.328125 0.075 0.09453125
1 0.56953125 0.31640625 0.04765625 0.09453125
1 0.5765625 0.38125 0.05546875 0.1015625
1 0.496875 0.3796875 0.05390625 0.09921875
1 0.57421875 0.5734375 0.0921875 0.18671875
1 0.809375 0.58671875 0.09453125 0.17734375
1 0.87109375 0.4703125 0.07421875 0.125
1 0.775 0.46015625 0.0703125 0.16015625
1 0.80703125 0.38828125 0.06796875 0.10625
1 0.72109375 0.38046875 0.07578125 0.1234375
1 0.77890625 0.328125 0.059375 0.11171875
1 0.71015625 0.29140625 0.06796875 0.1546875
0 0.56640625 0.45625 0.0703125 0.1265625
0 0.475 0.459375 0.06953125 0.1234375
0 0.09921875 0.55390625 0.04609375 0.18203125
0 0.234375 0.36875 0.06015625 0.11953125
0 0.35546875 0.3 0.053125 0.1109375