1 0.5703125 0.57578125 0.12421875 0.16171875
1 0.44765625 0.60625 0.14609375 0.12109375
1 0.56796875 0.45078125 0.08203125 0.15859375
1 0.4953125 0.3859375 0.05703125 0.09921875
1 0.4984375 0.3375 0.08125 0.06953125
1 0.56328125 0.31796875 0.0671875 0.09453125
1 0.70390625 0.32578125 0.065625 0.07421875
1 0.77578125 0.334375 0.06328125 0.0890625
1 0.72109375 0.40546875 0.0828125 0.07421875
1 0.80859375 0.40078125 0.0703125 0.07421875
1 0.76875 0.465625 0.08984375 0.1515625
1 0.859375 0.48828125 0.10078125 0.10625
1 0.80703125 0.6078125 0.11953125 0.1234375
1 0.18671875 0.5765625 0.10703125 0.128125
1 0.24609375 0.4671875 0.0796875 0.1109375
1 0.14609375 0.46484375 0.0796875 0.10078125
1 0.2328125 0.38359375 0.08671875 0.0859375
1 0.31015625 0.3828125 0.07421875 0.090625
1 0.34375 0.30859375 0.0703125 0.07578125
1 0.27109375 0.32421875 0.0640625 0.07421875
0 0.46484375 0.45859375 0.0953125 0.13671875