0 0.46171875 0.45 0.09921875 0.128125
0 0.25546875 0.44609375 0.05859375 0.14140625
0 0.72578125 0.3703125 0.06875 0.13515625
1 0.1890625 0.57109375 0.1 0.1453125
1 0.1484375 0.46484375 0.08203125 0.11484375
1 0.225 0.3859375 0.06953125 0.07265625
1 0.30546875 0.3796875 0.065625 0.1109375
1 0.27890625 0.3171875 0.07265625 0.06953125
1 0.34453125 0.2953125 0.0484375 0.1046875
0 0.44296875 0.5796875 0.12109375 0.18359375
1 0.5671875 0.584375 0.12734375 0.15859375
1 0.565625 0.4515625 0.071875 0.1453125
1 0.48828125 0.3796875 0.06640625 0.08125
1 0.496875 0.33515625 0.0859375 0.07265625
1 0.5671875 0.3125 0.06015625 0.109375
1 0.7015625 0.32578125 0.06796875 0.0859375
1 0.7734375 0.3390625 0.0640625 0.07890625
1 0.81640625 0.4046875 0.06328125 0.08125
1 0.76484375 0.46953125 0.08828125 0.14453125
1 0.8609375 0.48515625 0.10234375 0.12265625
1 0.80625 0.60625 0.13046875 0.11484375