1 0.56953125 0.58984375 0.125 0.1453125
1 0.4453125 0.59609375 0.125 0.15859375
1 0.1859375 0.56640625 0.1015625 0.13984375
1 0.15078125 0.4734375 0.08984375 0.1109375
1 0.2515625 0.45234375 0.07890625 0.1296875
1 0.23046875 0.37734375 0.0671875 0.0875
1 0.30625 0.3734375 0.06171875 0.1234375
1 0.27890625 0.31796875 0.06953125 0.0828125
1 0.35 0.29921875 0.04921875 0.109375
1 0.49453125 0.33203125 0.0765625 0.07265625
1 0.57109375 0.31796875 0.0703125 0.0859375
1 0.4890625 0.37890625 0.059375 0.090625
1 0.46953125 0.46484375 0.096875 0.12265625
1 0.7078125 0.3296875 0.05390625 0.07734375
1 0.78125 0.32890625 0.06875 0.09296875
1 0.72109375 0.384375 0.08671875 0.13671875
1 0.8078125 0.396875 0.05703125 0.103125
1 0.76640625 0.4671875 0.09609375 0.15703125
1 0.86171875 0.484375 0.10859375 0.11484375
1 0.81015625 0.6109375 0.12421875 0.1328125
0 0.56328125 0.4484375 0.0921875 0.15703125