1 0.21953125 0.5578125 0.05625 0.090625
1 0.3328125 0.5734375 0.0609375 0.0953125
1 0.5015625 0.62109375 0.05625 0.084375
1 0.609375 0.6359375 0.059375 0.0953125
2 0.7328125 0.64140625 0.0734375 0.1265625
2 0.85 0.68515625 0.0796875 0.115625
0 0.0828125 0.66171875 0.165625 0.2015625
0 0.21953125 0.70078125 0.1828125 0.23125
3 0.22265625 0.5796875 0.1421875 0.14375
3 0.33359375 0.60703125 0.1203125 0.1796875
3 0.49296875 0.646875 0.1296875 0.134375
3 0.603125 0.6546875 0.128125 0.153125
3 0.6953125 0.7234375 0.215625 0.29375
3 0.83359375 0.75703125 0.1640625 0.2671875