1 0.115625 0.496875 0.06875 0.1125
2 0.27734375 0.4703125 0.0609375 0.1046875
2 0.39453125 0.46953125 0.0609375 0.109375
1 0.4265625 0.4953125 0.0421875 0.0859375
2 0.6015625 0.5 0.0484375 0.078125
2 0.6828125 0.5359375 0.0453125 0.0734375
2 0.77890625 0.559375 0.046875 0.084375
1 0.7171875 0.61640625 0.0671875 0.1234375
3 0.13203125 0.53828125 0.1421875 0.1859375
3 0.26640625 0.540625 0.1359375 0.2390625
3 0.3875 0.55078125 0.171875 0.2703125
3 0.43984375 0.52890625 0.075 0.1546875
3 0.5859375 0.54765625 0.1140625 0.178125
3 0.67578125 0.57578125 0.1015625 0.1546875
3 0.70546875 0.66484375 0.165625 0.2234375
3 0.77890625 0.60078125 0.090625 0.165625