1 0.21484375 0.54765625 0.06875 0.1015625
1 0.33125 0.5671875 0.0640625 0.1015625
1 0.49921875 0.621875 0.0609375 0.0875
1 0.60234375 0.6375 0.0625 0.0890625
2 0.72734375 0.6515625 0.0828125 0.1296875
2 0.83984375 0.69453125 0.078125 0.1203125
3 0.215625 0.5671875 0.121875 0.1375
3 0.328125 0.60390625 0.1234375 0.1703125
3 0.4890625 0.64609375 0.1328125 0.1578125
3 0.5953125 0.66640625 0.1421875 0.15625
3 0.69296875 0.72890625 0.23125 0.3125
3 0.82890625 0.76875 0.1671875 0.26875
0 0.08125 0.6546875 0.1625 0.2125
0 0.2109375 0.68828125 0.1890625 0.2421875