2 0.25859375 0.62890625 0.0625 0.075
2 0.27734375 0.709375 0.0796875 0.134375
2 0.36484375 0.60703125 0.0546875 0.078125
2 0.49609375 0.57578125 0.065625 0.0921875
2 0.61484375 0.5515625 0.0703125 0.1015625
1 0.56484375 0.68515625 0.084375 0.1296875
2 0.72109375 0.565625 0.0765625 0.1125
1 0.86640625 0.61015625 0.078125 0.1203125
3 0.28125 0.7609375 0.1796875 0.25625
3 0.27265625 0.64921875 0.09375 0.1109375
3 0.37109375 0.653125 0.1203125 0.184375
3 0.50703125 0.61875 0.125 0.175
3 0.5765625 0.72265625 0.18125 0.2328125
3 0.62109375 0.596875 0.125 0.196875
3 0.74140625 0.64765625 0.178125 0.2890625
3 0.88984375 0.64921875 0.1671875 0.225
0 0.15703125 0.8015625 0.184375 0.240625