2 0.19296875 0.6234375 0.075 0.1125
1 0.2875 0.59453125 0.05 0.084375
2 0.33203125 0.5984375 0.06875 0.134375
1 0.409375 0.56484375 0.0515625 0.0984375
1 0.5828125 0.5609375 0.040625 0.0765625
1 0.609375 0.6078125 0.0640625 0.1234375
1 0.88984375 0.5859375 0.0796875 0.134375
0 0.4171875 0.603125 0.1078125 0.1796875
0 0.28046875 0.61953125 0.0734375 0.1453125
0 0.56796875 0.6 0.0921875 0.153125
3 0.19375 0.68671875 0.1578125 0.246875
3 0.3359375 0.675 0.1625 0.275
3 0.61484375 0.6703125 0.1625 0.2546875
3 0.77421875 0.63125 0.15625 0.2765625
3 0.89296875 0.640625 0.1359375 0.23125