2 0.0859375 0.55078125 0.04609375 0.06875
1 0.05703125 0.60390625 0.06171875 0.1109375
2 0.18125 0.5703125 0.0546875 0.11484375
1 0.29765625 0.54609375 0.04765625 0.0890625
1 0.48203125 0.52578125 0.03671875 0.0890625
1 0.38203125 0.58359375 0.0625 0.13359375
2 0.65078125 0.48359375 0.02890625 0.06640625
1 0.6765625 0.53046875 0.0625 0.12578125
2 0.73359375 0.45546875 0.04296875 0.08125
1 0.84140625 0.45703125 0.0375 0.0890625
2 0.80390625 0.48046875 0.05625 0.13359375
2 0.9546875 0.490625 0.06640625 0.1296875
3 0.08359375 0.65703125 0.1140625 0.2140625
3 0.1875 0.6484375 0.13671875 0.25
3 0.10625 0.58828125 0.0828125 0.13125
3 0.303125 0.58515625 0.0953125 0.14453125
3 0.39453125 0.64140625 0.15625 0.234375
3 0.48828125 0.5640625 0.09453125 0.15078125
3 0.64375 0.5328125 0.05390625 0.14921875
3 0.67734375 0.60546875 0.14609375 0.26875
3 0.73828125 0.515625 0.07265625 0.196875
3 0.80625 0.56953125 0.140625 0.28984375
3 0.85390625 0.5046875 0.07421875 0.18515625
3 0.93671875 0.5640625 0.1265625 0.26015625