1 0.23984375 0.590625 0.0453125 0.09296875
1 0.40078125 0.60546875 0.04140625 0.090625
1 0.57421875 0.60390625 0.0390625 0.0890625
1 0.6734375 0.58125 0.04140625 0.10390625
1 0.7921875 0.59296875 0.04765625 0.09609375
1 0.878125 0.65703125 0.071875 0.13671875
3 0.15 0.63671875 0.1015625 0.14453125
3 0.2375 0.62890625 0.10390625 0.16875
3 0.325 0.64296875 0.06640625 0.125
3 0.39765625 0.64375 0.09765625 0.15546875
3 0.5734375 0.6390625 0.1078125 0.15078125
3 0.67421875 0.63203125 0.09453125 0.175
3 0.78359375 0.62890625 0.10234375 0.1546875
3 0.86796875 0.721875 0.19765625 0.25546875