1 0.15078125 0.63046875 0.04609375 0.08125
2 0.23515625 0.59296875 0.04375 0.0890625
1 0.39140625 0.61796875 0.05234375 0.09453125
2 0.68828125 0.56953125 0.04921875 0.08046875
1 0.78828125 0.59296875 0.053125 0.09296875
1 0.79453125 0.69140625 0.053125 0.05390625
3 0.153125 0.65625 0.10234375 0.13203125
3 0.23515625 0.64296875 0.1 0.17109375
3 0.32109375 0.63125 0.0828125 0.16171875
3 0.40234375 0.6546875 0.10234375 0.15390625
3 0.5734375 0.6390625 0.1125 0.15703125
3 0.68125 0.6265625 0.0953125 0.18203125
3 0.78515625 0.634375 0.10859375 0.16953125
3 0.89140625 0.71640625 0.18828125 0.28359375