1 0.07109375 0.64921875 0.0703125 0.1234375
1 0.178125 0.62265625 0.0765625 0.115625
1 0.2984375 0.56640625 0.0515625 0.084375
1 0.38671875 0.60390625 0.0734375 0.1265625
1 0.47421875 0.5234375 0.0484375 0.084375
1 0.67734375 0.5078125 0.0703125 0.1359375
1 0.734375 0.4609375 0.05625 0.0921875
1 0.965625 0.4734375 0.06875 0.14375
1 0.8234375 0.41328125 0.04375 0.071875
3 0.096875 0.690625 0.13125 0.2234375
3 0.18984375 0.69375 0.1625 0.240625
3 0.30859375 0.60078125 0.1046875 0.1546875
3 0.41171875 0.6546875 0.1703125 0.240625
3 0.4859375 0.5625 0.1171875 0.165625
3 0.67734375 0.58359375 0.1609375 0.2859375
3 0.7515625 0.49609375 0.109375 0.178125
3 0.82109375 0.5671875 0.178125 0.28125
3 0.8296875 0.415625 0.08125 0.1125
3 0.94140625 0.53203125 0.1171875 0.2578125