1 0.22578125 0.5296875 0.065625 0.1
1 0.3796875 0.58046875 0.0609375 0.096875
1 0.54921875 0.61796875 0.0578125 0.0953125
1 0.65078125 0.61796875 0.0640625 0.1109375
1 0.7640625 0.65625 0.06875 0.1046875
1 0.8328125 0.73828125 0.1015625 0.15
3 0.128125 0.5546875 0.13125 0.1640625
3 0.21484375 0.56640625 0.1390625 0.1875
3 0.29765625 0.6 0.0921875 0.1375
3 0.36796875 0.6171875 0.1296875 0.1734375
3 0.540625 0.65234375 0.1390625 0.171875
3 0.63984375 0.66796875 0.13125 0.1921875
3 0.74765625 0.6890625 0.134375 0.1734375
3 0.80859375 0.79921875 0.25 0.29375