2 0.05703125 0.58046875 0.040625 0.05
1 0.04453125 0.64609375 0.05546875 0.1109375
1 0.1453125 0.621875 0.05859375 0.11875
1 0.26015625 0.590625 0.03828125 0.078125
1 0.45078125 0.56484375 0.03828125 0.0703125
1 0.61328125 0.5203125 0.025 0.06640625
1 0.69453125 0.50078125 0.03671875 0.08125
1 0.78515625 0.48046875 0.040625 0.06484375
1 0.77265625 0.56953125 0.0625 0.12421875
1 0.91640625 0.53359375 0.0625 0.121875
1 0.64765625 0.54375 0.04609375 0.11484375
3 0.05546875 0.696875 0.10546875 0.20703125
3 0.16015625 0.671875 0.11953125 0.2015625
3 0.27890625 0.615625 0.11015625 0.12421875
3 0.3828125 0.65 0.1484375 0.22578125
3 0.46484375 0.59296875 0.0859375 0.13125
3 0.603125 0.55703125 0.05234375 0.1390625
3 0.64296875 0.6171875 0.1171875 0.25078125
3 0.70234375 0.54375 0.06640625 0.1515625
3 0.77578125 0.61875 0.14140625 0.21171875
3 0.80078125 0.5109375 0.078125 0.125
3 0.91875 0.5953125 0.1515625 0.24453125