1 0.059375 0.60859375 0.0453125 0.046875
1 0.0484375 0.66875 0.0625 0.10625
1 0.1515625 0.64453125 0.059375 0.1140625
1 0.26796875 0.60234375 0.04375 0.0890625
1 0.45390625 0.565625 0.040625 0.0765625
1 0.615625 0.5140625 0.0328125 0.0671875
1 0.70078125 0.49609375 0.0421875 0.0921875
1 0.78125 0.46484375 0.0484375 0.0796875
1 0.771875 0.5546875 0.0671875 0.1328125
1 0.91796875 0.5078125 0.0625 0.1140625
1 0.65078125 0.53671875 0.0515625 0.1171875
3 0.065625 0.71328125 0.11875 0.209375
3 0.16875 0.69453125 0.134375 0.215625
3 0.284375 0.625 0.121875 0.13125
3 0.39453125 0.6515625 0.15 0.24375
3 0.4703125 0.59375 0.090625 0.134375
3 0.60859375 0.55234375 0.059375 0.14375
3 0.6484375 0.61015625 0.134375 0.259375
3 0.70625 0.5328125 0.0796875 0.1578125
3 0.796875 0.48984375 0.0859375 0.125
3 0.78125 0.60078125 0.1546875 0.2265625
3 0.92265625 0.57578125 0.1546875 0.2515625