2 0.246875 0.63984375 0.0796875 0.1078125
1 0.3 0.62109375 0.05625 0.0921875
1 0.35 0.64453125 0.0921875 0.1453125
1 0.4171875 0.578125 0.065625 0.109375
1 0.58984375 0.565625 0.046875 0.06875
1 0.62734375 0.59296875 0.0859375 0.1296875
2 0.746875 0.50390625 0.0828125 0.1171875
1 0.7890625 0.509375 0.053125 0.0828125
0 0.309375 0.64921875 0.0796875 0.140625
0 0.43203125 0.615625 0.128125 0.1859375
0 0.5890625 0.59296875 0.11875 0.146875
0 0.80546875 0.53984375 0.0921875 0.1421875
3 0.25390625 0.71171875 0.171875 0.253125
3 0.36171875 0.7 0.196875 0.26875
3 0.63515625 0.64765625 0.1890625 0.2609375
3 0.76640625 0.590625 0.2015625 0.3
3 0.8984375 0.5875 0.1875 0.2546875