1 0.1203125 0.53828125 0.06015625 0.10546875
1 0.25703125 0.52421875 0.05390625 0.11484375
2 0.38984375 0.490625 0.0546875 0.10390625
2 0.4296875 0.49375 0.03828125 0.07421875
2 0.60390625 0.49375 0.04140625 0.0796875
2 0.66875 0.50546875 0.03828125 0.08125
2 0.79375 0.5265625 0.0421875 0.08671875
1 0.73828125 0.58125 0.05625 0.121875
0 0.1421875 0.575 0.12265625 0.1796875
3 0.26015625 0.5765625 0.1171875 0.2109375
3 0.384375 0.571875 0.15859375 0.2453125
3 0.44765625 0.53125 0.06640625 0.153125
3 0.58515625 0.53671875 0.09609375 0.1703125
3 0.67421875 0.5515625 0.0859375 0.15625
3 0.72734375 0.63828125 0.13671875 0.21171875
3 0.79375 0.56796875 0.0671875 0.15859375