2 0.09375 0.6296875 0.0796875 0.13359375
2 0.24140625 0.58828125 0.05 0.09453125
2 0.3453125 0.57421875 0.040625 0.08125
2 0.48828125 0.5703125 0.04296875 0.0890625
1 0.5109375 0.7046875 0.06171875 0.109375
2 0.60703125 0.56953125 0.04453125 0.090625
2 0.70390625 0.60546875 0.05859375 0.10703125
1 0.8390625 0.66171875 0.06328125 0.11875
3 0.10625 0.696875 0.13515625 0.2609375
3 0.24453125 0.6265625 0.09609375 0.16171875
3 0.3484375 0.62265625 0.09296875 0.16953125
3 0.4875 0.62109375 0.09609375 0.16484375
0 0.53359375 0.73125 0.13515625 0.20625
3 0.60703125 0.61796875 0.10546875 0.175
3 0.7078125 0.69140625 0.128125 0.2640625
3 0.853125 0.7109375 0.1328125 0.2203125
0 0.21953125 0.7453125 0.146875 0.2109375