2 0.1859375 0.62109375 0.0734375 0.13125
1 0.284375 0.58046875 0.04375 0.0890625
2 0.32734375 0.58984375 0.06875 0.128125
1 0.40390625 0.55859375 0.0546875 0.096875
1 0.5765625 0.56484375 0.034375 0.075
1 0.60703125 0.6140625 0.0625 0.121875
2 0.746875 0.5296875 0.0375 0.065625
1 0.896875 0.58125 0.075 0.1296875
3 0.190625 0.66796875 0.1546875 0.234375
3 0.3265625 0.6640625 0.1484375 0.2671875
3 0.27890625 0.60546875 0.06875 0.1296875
3 0.60625 0.6734375 0.1515625 0.25
3 0.76953125 0.6421875 0.14375 0.2796875
3 0.884375 0.64609375 0.13125 0.2515625
3 0.740625 0.58046875 0.06875 0.1609375
0 0.4125 0.5984375 0.096875 0.1734375
0 0.5703125 0.6 0.096875 0.15