2 0.19375 0.68046875 0.0828125 0.1296875
1 0.33671875 0.62109375 0.05 0.0671875
1 0.346875 0.68515625 0.0703125 0.1203125
2 0.4078125 0.60859375 0.0546875 0.09375
2 0.57734375 0.54375 0.0484375 0.0796875
1 0.67578125 0.5671875 0.0578125 0.10625
1 0.80078125 0.58203125 0.0796875 0.140625
1 0.9421875 0.58359375 0.0828125 0.1234375
3 0.21171875 0.74296875 0.159375 0.2421875
3 0.365625 0.734375 0.146875 0.209375
3 0.3421875 0.62109375 0.0859375 0.1015625
3 0.4359375 0.64609375 0.128125 0.1828125
3 0.57421875 0.59765625 0.1171875 0.1859375
3 0.628125 0.68828125 0.1515625 0.225
3 0.6875 0.60234375 0.1046875 0.1609375
3 0.80390625 0.63515625 0.1765625 0.2625
3 0.9421875 0.6328125 0.115625 0.23125