2 0.21171875 0.66875 0.09375 0.1328125
1 0.3125 0.62265625 0.059375 0.0875
2 0.35703125 0.60625 0.0796875 0.1265625
1 0.41484375 0.57890625 0.0640625 0.096875
2 0.58203125 0.5328125 0.0609375 0.0828125
1 0.62109375 0.5921875 0.084375 0.1359375
1 0.740625 0.5328125 0.0875 0.134375
1 0.86015625 0.52578125 0.0875 0.13125
3 0.22734375 0.721875 0.184375 0.2484375
3 0.37890625 0.678125 0.1828125 0.2765625
3 0.58515625 0.57578125 0.125 0.1734375
3 0.6359375 0.64765625 0.190625 0.2609375
3 0.7640625 0.59453125 0.18125 0.278125
3 0.884375 0.578125 0.184375 0.25625
0 0.31484375 0.65234375 0.1046875 0.1484375
0 0.43515625 0.61953125 0.11875 0.175