1 0.21875 0.4 0.0375 0.0640625
0 0.21796875 0.4109375 0.08125 0.0984375
1 0.13125 0.353125 0.034375 0.05625
0 0.13125 0.35859375 0.059375 0.075
1 0.275 0.36875 0.025 0.04375
3 0.28046875 0.390625 0.0625 0.09375
1 0.1875 0.334375 0.0296875 0.046875
3 0.1875 0.340625 0.05625 0.065625
2 0.28359375 0.31796875 0.0265625 0.0421875
3 0.28515625 0.3359375 0.0625 0.0875
1 0.33046875 0.31796875 0.025 0.0421875
3 0.3328125 0.32265625 0.0421875 0.05625
2 0.3265625 0.428125 0.040625 0.065625
3 0.31796875 0.453125 0.096875 0.1296875
2 0.421875 0.43359375 0.040625 0.06875
3 0.41484375 0.46640625 0.10625 0.140625
2 0.53359375 0.45859375 0.0390625 0.065625
3 0.5171875 0.4890625 0.0921875 0.140625
2 0.5828125 0.48046875 0.0359375 0.0734375
3 0.584375 0.50703125 0.0828125 0.125
2 0.6734375 0.4828125 0.0421875 0.071875
3 0.66796875 0.51015625 0.0921875 0.140625
1 0.37109375 0.42265625 0.0359375 0.0609375
1 0.4046875 0.38203125 0.03125 0.05
3 0.40625 0.4 0.0625 0.0953125
3 0.47109375 0.4140625 0.0671875 0.0921875
2 0.54296875 0.40390625 0.03125 0.0546875
3 0.5375 0.42265625 0.065625 0.1015625
1 0.59375 0.4328125 0.03125 0.0484375
0 0.5890625 0.44765625 0.0703125 0.0890625
1 0.646875 0.4328125 0.03125 0.059375
1 0.67578125 0.4015625 0.0265625 0.046875
3 0.6765625 0.4171875 0.053125 0.08125
1 0.6359375 0.390625 0.0234375 0.0421875
3 0.63046875 0.396875 0.046875 0.05625
2 0.5953125 0.36328125 0.025 0.0421875
3 0.5921875 0.38125 0.0453125 0.0703125
2 0.56015625 0.37578125 0.0265625 0.0390625
3 0.5640625 0.4 0.0484375 0.0875
2 0.5015625 0.37734375 0.0265625 0.04375
3 0.50546875 0.3921875 0.0515625 0.075
2 0.43984375 0.34140625 0.021875 0.0375
3 0.44375 0.35546875 0.0421875 0.0671875
2 0.45703125 0.32265625 0.021875 0.0359375
3 0.459375 0.3359375 0.0390625 0.0734375
1 0.50078125 0.32890625 0.021875 0.0375
3 0.5015625 0.334375 0.0390625 0.05
1 0.53046875 0.3453125 0.021875 0.0421875
3 0.528125 0.34609375 0.04375 0.0640625
2 0.565625 0.34296875 0.021875 0.0359375
1 0.628125 0.35703125 0.0234375 0.0375
1 0.753125 0.39375 0.0234375 0.040625
3 0.75078125 0.40234375 0.0453125 0.0609375
1 0.7953125 0.3984375 0.021875 0.0390625
3 0.765625 0.425 0.0453125 0.0734375
2 0.865625 0.39765625 0.025 0.040625
3 0.86484375 0.4125 0.0515625 0.0703125
3 0.809375 0.42890625 0.0546875 0.0625
1 0.85234375 0.4484375 0.0265625 0.0390625
0 0.834375 0.4578125 0.0625 0.06875
0 0.82265625 0.49453125 0.078125 0.08125
1 0.86875 0.475 0.0296875 0.05625
1 0.88125 0.515625 0.0359375 0.0625
1 0.9625 0.5 0.0328125 0.05
2 0.9234375 0.515625 0.04375 0.0671875
3 0.915625 0.55859375 0.1 0.15625
0 0.3734375 0.440625 0.065625 0.1015625
3 0.62109375 0.37265625 0.040625 0.075
1 0.65703125 0.46796875 0.03125 0.05625
3 0.63828125 0.45 0.05625 0.0953125
3 0.86171875 0.53359375 0.075 0.109375