2 0.13984375 0.4609375 0.065625 0.0875
1 0.253125 0.5109375 0.0625 0.1140625
2 0.37890625 0.4859375 0.0625 0.1140625
1 0.43046875 0.49140625 0.0390625 0.0875
2 0.60234375 0.49140625 0.046875 0.0890625
2 0.69453125 0.52734375 0.046875 0.075
2 0.77890625 0.53984375 0.0484375 0.0875
1 0.73828125 0.60078125 0.0703125 0.1234375
3 0.14140625 0.52578125 0.140625 0.221875
3 0.26015625 0.55859375 0.1234375 0.2109375
3 0.3796875 0.565625 0.178125 0.265625
3 0.43828125 0.53125 0.071875 0.159375
3 0.590625 0.546875 0.1078125 0.1859375
3 0.68125 0.57265625 0.1015625 0.15625
3 0.72421875 0.6546875 0.15625 0.2171875
3 0.7890625 0.5890625 0.0828125 0.165625