1 0.23125 0.60390625 0.0484375 0.0890625
1 0.3484375 0.60546875 0.046875 0.09609375
1 0.5234375 0.62421875 0.04609375 0.08046875
1 0.62890625 0.61953125 0.05 0.0890625
2 0.75703125 0.60546875 0.0625 0.11875
2 0.8765625 0.628125 0.05625 0.11484375
3 0.23515625 0.63046875 0.10859375 0.13125
3 0.3515625 0.63515625 0.09453125 0.16484375
3 0.51875 0.640625 0.11171875 0.12109375
3 0.62890625 0.653125 0.11328125 0.1296875
3 0.7296875 0.68359375 0.17421875 0.27109375
3 0.878125 0.7015625 0.1203125 0.24921875
0 0.10859375 0.734375 0.1765625 0.17421875
0 0.25625 0.74375 0.1453125 0.2046875