1 0.13125 0.59296875 0.053125 0.0875
1 0.20390625 0.57265625 0.05625 0.0875
1 0.37421875 0.6078125 0.05625 0.090625
2 0.54765625 0.63828125 0.0546875 0.084375
1 0.73984375 0.65859375 0.0578125 0.0953125
2 0.815625 0.73203125 0.0796875 0.1390625
0 0.125 0.6109375 0.1125 0.134375
3 0.209375 0.6109375 0.1234375 0.1703125
3 0.28515625 0.62578125 0.1046875 0.1671875
3 0.36796875 0.64296875 0.11875 0.1609375
3 0.53125 0.71640625 0.11875 0.2484375
3 0.64140625 0.7375 0.1546875 0.2765625
3 0.73515625 0.69453125 0.125 0.171875
3 0.81328125 0.78984375 0.18125 0.2671875