2 0.20546875 0.63828125 0.08125 0.115625
1 0.3046875 0.6109375 0.0546875 0.0859375
2 0.34765625 0.596875 0.0703125 0.1109375
1 0.4109375 0.5796875 0.0609375 0.1
2 0.58359375 0.55 0.0515625 0.0921875
1 0.61640625 0.6 0.075 0.14375
1 0.72890625 0.5359375 0.0734375 0.128125
1 0.76953125 0.5125 0.05625 0.090625
0 0.303125 0.63828125 0.0953125 0.1375
0 0.42890625 0.6109375 0.1078125 0.175
3 0.2140625 0.7015625 0.175 0.2484375
3 0.3625 0.6703125 0.1609375 0.26875
3 0.5765625 0.5859375 0.1046875 0.1671875
3 0.621875 0.659375 0.1765625 0.2609375
3 0.75 0.609375 0.1859375 0.296875
3 0.7859375 0.55625 0.09375 0.165625
3 0.8828125 0.6140625 0.178125 0.25