2 0.20859375 0.50546875 0.078125 0.1078125
1 0.26484375 0.5140625 0.0578125 0.0875
1 0.29609375 0.5546875 0.090625 0.14375
1 0.3875 0.5328125 0.0703125 0.1046875
1 0.5453125 0.59921875 0.0515625 0.06875
1 0.56171875 0.63984375 0.0875 0.1328125
2 0.71171875 0.63125 0.0890625 0.1234375
3 0.1796875 0.56875 0.1734375 0.2515625
3 0.28046875 0.61015625 0.2 0.26875
3 0.54453125 0.69453125 0.1953125 0.2671875
3 0.68984375 0.70625 0.2046875 0.2984375
3 0.80546875 0.76796875 0.190625 0.2515625
0 0.259375 0.5375 0.0828125 0.1390625
0 0.3875 0.57109375 0.128125 0.1828125
0 0.528125 0.6265625 0.11875 0.1484375
0 0.74765625 0.6859375 0.09375 0.1515625