2 0.1796875 0.59296875 0.06484375 0.11875
1 0.2765625 0.57421875 0.0375 0.08125
2 0.32265625 0.58125 0.0625 0.13359375
1 0.40078125 0.55703125 0.04453125 0.09609375
1 0.57578125 0.56875 0.03359375 0.078125
1 0.60078125 0.6046875 0.053125 0.12421875
1 0.87890625 0.61171875 0.06640625 0.13125
0 0.4078125 0.596875 0.08671875 0.17109375
0 0.55703125 0.60390625 0.07421875 0.14375
3 0.17890625 0.65234375 0.13671875 0.23046875
3 0.32109375 0.65546875 0.134375 0.26171875
3 0.26875 0.59609375 0.06328125 0.125
3 0.596875 0.66953125 0.13515625 0.26015625
3 0.76015625 0.65546875 0.128125 0.26796875
3 0.875 0.66875 0.11875 0.2359375