1 0.2171875 0.55703125 0.053125 0.09375
1 0.33203125 0.57734375 0.0609375 0.0953125
1 0.50390625 0.62109375 0.053125 0.0765625
1 0.60703125 0.62578125 0.059375 0.0921875
2 0.73046875 0.646875 0.075 0.128125
2 0.84609375 0.68203125 0.0765625 0.109375
0 0.08203125 0.6640625 0.1640625 0.20625
0 0.2140625 0.69609375 0.18125 0.23125
3 0.2078125 0.5828125 0.10625 0.1578125
3 0.32890625 0.609375 0.125 0.171875
3 0.49375 0.6453125 0.125 0.14375
3 0.5984375 0.66015625 0.1296875 0.16875
3 0.69375 0.72578125 0.2171875 0.3015625
3 0.840625 0.76015625 0.153125 0.259375