2 0.07734375 0.55078125 0.1 0.146875
2 0.22265625 0.540625 0.0609375 0.103125
2 0.33828125 0.53828125 0.0546875 0.08125
2 0.46796875 0.56875 0.05625 0.0875
1 0.471875 0.70234375 0.084375 0.128125
2 0.5953125 0.584375 0.0625 0.096875
2 0.6765625 0.64296875 0.0703125 0.1203125
2 0.8109375 0.70703125 0.0859375 0.1265625
0 0.17421875 0.69453125 0.1859375 0.228125
3 0.0828125 0.61953125 0.165625 0.2765625
3 0.22421875 0.58046875 0.1234375 0.1765625
3 0.325 0.58984375 0.125 0.1875
3 0.4640625 0.6140625 0.1234375 0.184375
0 0.4859375 0.74140625 0.175 0.221875
3 0.58203125 0.634375 0.1375 0.196875
3 0.66953125 0.72890625 0.1796875 0.2875
3 0.80859375 0.76484375 0.184375 0.265625