2 0.1859375 0.58671875 0.0625 0.10625
1 0.28828125 0.57421875 0.040625 0.08125
2 0.3296875 0.56875 0.05 0.11875
1 0.3953125 0.5609375 0.05 0.09375
2 0.5734375 0.559375 0.0375 0.0890625
1 0.59609375 0.61875 0.0546875 0.125
1 0.71953125 0.5765625 0.053125 0.125
1 0.7609375 0.56875 0.04375 0.09375
0 0.2828125 0.60546875 0.071875 0.128125
0 0.41015625 0.59921875 0.084375 0.1546875
3 0.18515625 0.64921875 0.1375 0.23125
3 0.3328125 0.64453125 0.11875 0.2546875
3 0.55859375 0.59609375 0.075 0.153125
3 0.59453125 0.6734375 0.1375 0.2390625
3 0.7296875 0.65234375 0.1375 0.26875
3 0.771875 0.60625 0.0640625 0.1546875
3 0.85625 0.6734375 0.1375 0.225