1 0.09140625 0.69453125 0.0828125 0.1171875
1 0.19921875 0.659375 0.084375 0.134375
1 0.31015625 0.59609375 0.059375 0.0875
1 0.39765625 0.6171875 0.084375 0.1390625
1 0.47734375 0.52734375 0.0515625 0.0875
1 0.66953125 0.49296875 0.0921875 0.146875
1 0.728125 0.43125 0.0625 0.103125
1 0.815625 0.3875 0.065625 0.103125
1 0.80078125 0.4671875 0.1 0.15625
3 0.11953125 0.740625 0.1453125 0.2203125
3 0.2140625 0.72421875 0.1921875 0.2734375
3 0.3171875 0.62109375 0.1203125 0.1484375
3 0.43359375 0.671875 0.2 0.2625
3 0.49453125 0.5609375 0.1296875 0.1765625
3 0.684375 0.56328125 0.1859375 0.3015625
3 0.7421875 0.475 0.0875 0.1640625
3 0.828125 0.5296875 0.215625 0.3
3 0.8296875 0.41640625 0.121875 0.18125
3 0.93671875 0.4828125 0.1265625 0.2625