2 0.1171875 0.690625 0.0921875 0.140625
2 0.25703125 0.625 0.0546875 0.0953125
2 0.3625 0.59453125 0.053125 0.0859375
2 0.49609375 0.5734375 0.0515625 0.0859375
1 0.5390625 0.7015625 0.0703125 0.1203125
2 0.615625 0.553125 0.0546875 0.0828125
2 0.7171875 0.5796875 0.0703125 0.1125
1 0.859375 0.61015625 0.0765625 0.1265625
3 0.1359375 0.7515625 0.1671875 0.28125
3 0.2671875 0.6609375 0.1203125 0.184375
3 0.36328125 0.64375 0.121875 0.1875
3 0.50625 0.6234375 0.115625 0.16875
3 0.6203125 0.603125 0.128125 0.1828125
0 0.565625 0.73125 0.1609375 0.215625
3 0.7328125 0.659375 0.1671875 0.2796875
3 0.8796875 0.66015625 0.1609375 0.2359375
0 0.2578125 0.7875 0.1765625 0.225