2 0.2203125 0.5578125 0.0484375 0.08125
1 0.33515625 0.56875 0.059375 0.090625
1 0.50390625 0.62578125 0.05 0.0859375
1 0.61328125 0.63046875 0.05 0.0859375
2 0.7359375 0.63515625 0.075 0.1140625
2 0.85234375 0.67890625 0.0671875 0.1125
0 0.08359375 0.665625 0.1671875 0.209375
0 0.2203125 0.696875 0.175 0.2265625
3 0.20859375 0.5859375 0.10625 0.1421875
3 0.33515625 0.6078125 0.1171875 0.1734375
3 0.49453125 0.6375 0.121875 0.14375
3 0.6015625 0.659375 0.115625 0.1625
3 0.7 0.72109375 0.2140625 0.29375
3 0.8421875 0.7609375 0.165625 0.2671875