2 0.1828125 0.59296875 0.05859375 0.11875
1 0.27578125 0.56875 0.040625 0.078125
1 0.31875 0.584375 0.0609375 0.12890625
1 0.40390625 0.55703125 0.04375 0.0890625
1 0.56953125 0.5734375 0.0375 0.08125
1 0.60078125 0.609375 0.05859375 0.12578125
2 0.73671875 0.53515625 0.0515625 0.09296875
2 0.86640625 0.58046875 0.05859375 0.1109375
0 0.26953125 0.59765625 0.06953125 0.13046875
0 0.5578125 0.603125 0.075 0.1359375
3 0.178125 0.6515625 0.1375 0.23203125
3 0.31875 0.65859375 0.13828125 0.26171875
3 0.40859375 0.596875 0.08515625 0.16015625
3 0.5921875 0.67578125 0.13828125 0.25
3 0.7390625 0.640625 0.13203125 0.3046875
3 0.8625 0.65625 0.1265625 0.25859375