1 0.15078125 0.653125 0.04609375 0.0796875
1 0.39765625 0.61953125 0.04609375 0.0890625
1 0.5671875 0.6515625 0.03828125 0.059375
1 0.6859375 0.68046875 0.06953125 0.128125
0 0.15390625 0.6796875 0.09453125 0.12578125
3 0.3984375 0.6578125 0.08984375 0.1640625
3 0.68515625 0.74296875 0.15625 0.24609375
0 0.23203125 0.6828125 0.10078125 0.10859375
0 0.3109375 0.69296875 0.08671875 0.08046875
0 0.55625 0.68203125 0.1015625 0.11484375
0 0.7625 0.659375 0.09453125 0.12578125
0 0.86328125 0.77109375 0.15390625 0.18515625