2 0.23984375 0.59453125 0.0484375 0.0671875
2 0.24765625 0.66875 0.0671875 0.13125
2 0.353125 0.58828125 0.0484375 0.0765625
2 0.4890625 0.5796875 0.046875 0.0890625
1 0.5390625 0.6859375 0.065625 0.1328125
2 0.59765625 0.5640625 0.05 0.090625
2 0.70859375 0.59453125 0.0609375 0.1046875
1 0.8421875 0.66015625 0.0640625 0.1140625
3 0.24609375 0.725 0.1484375 0.2375
3 0.253125 0.61875 0.08125 0.1140625
3 0.35 0.6328125 0.09375 0.16875
3 0.4828125 0.6203125 0.0984375 0.16875
3 0.54453125 0.72890625 0.153125 0.21875
3 0.603125 0.61328125 0.096875 0.1828125
3 0.7171875 0.6828125 0.14375 0.275
3 0.86484375 0.70078125 0.1390625 0.20625
0 0.1171875 0.7515625 0.1609375 0.2234375