1 0.12734375 0.5796875 0.0578125 0.0875
1 0.203125 0.5609375 0.0625 0.096875
1 0.36796875 0.6046875 0.059375 0.0953125
2 0.54296875 0.6421875 0.0578125 0.0875
1 0.734375 0.67109375 0.0640625 0.103125
2 0.8078125 0.73828125 0.0875 0.134375
0 0.12265625 0.60234375 0.1203125 0.1421875
3 0.203125 0.6 0.125 0.165625
3 0.28203125 0.61640625 0.1078125 0.1640625
3 0.3640625 0.63828125 0.1234375 0.1640625
3 0.52421875 0.7234375 0.1296875 0.25625
3 0.6328125 0.7390625 0.1609375 0.271875
3 0.7265625 0.7 0.1265625 0.171875
3 0.803125 0.80078125 0.1859375 0.2625