2 0.18203125 0.59375 0.0625 0.11640625
1 0.27578125 0.56875 0.04765625 0.0890625
1 0.31953125 0.58359375 0.06171875 0.13359375
1 0.40390625 0.55546875 0.05 0.0890625
1 0.56640625 0.56953125 0.03671875 0.08671875
1 0.60078125 0.6109375 0.05078125 0.1234375
2 0.73515625 0.53828125 0.05859375 0.10546875
2 0.86640625 0.58125 0.05546875 0.1109375
3 0.17578125 0.65625 0.13515625 0.23046875
3 0.31953125 0.65546875 0.13359375 0.26328125
3 0.40703125 0.596875 0.08359375 0.16015625
3 0.5953125 0.67421875 0.1359375 0.25078125
3 0.7390625 0.64140625 0.12890625 0.3046875
3 0.8609375 0.65703125 0.125 0.2609375
0 0.271875 0.59921875 0.0703125 0.13359375
0 0.5546875 0.5984375 0.07890625 0.14296875