2 0.2328125 0.59375 0.04609375 0.08359375
1 0.3484375 0.59375 0.04609375 0.09609375
1 0.52265625 0.62421875 0.04921875 0.08125
1 0.63203125 0.61171875 0.04609375 0.08125
2 0.75 0.6 0.0625 0.11875
2 0.87265625 0.62890625 0.0625 0.0984375
0 0.10859375 0.7359375 0.159375 0.19296875
0 0.26171875 0.73984375 0.146875 0.21328125
3 0.2328125 0.62890625 0.10546875 0.13203125
3 0.35625 0.63125 0.08671875 0.15625
3 0.51640625 0.646875 0.09921875 0.12890625
3 0.628125 0.63671875 0.10703125 0.14453125
3 0.73125 0.6859375 0.1734375 0.2703125
3 0.884375 0.69609375 0.1296875 0.24609375