2 0.140625 0.49296875 0.0625 0.0984375
1 0.25703125 0.5328125 0.0609375 0.109375
2 0.38828125 0.49765625 0.0625 0.1171875
1 0.4265625 0.496875 0.04375 0.090625
2 0.60234375 0.48515625 0.0390625 0.0796875
2 0.69140625 0.50234375 0.04375 0.0703125
2 0.7796875 0.5109375 0.0453125 0.071875
1 0.74765625 0.571875 0.0609375 0.1125
3 0.14921875 0.55625 0.1296875 0.228125
3 0.2671875 0.58125 0.121875 0.2078125
3 0.39296875 0.5703125 0.15625 0.25
3 0.44375 0.5359375 0.06875 0.153125
3 0.59453125 0.5390625 0.103125 0.178125
3 0.6890625 0.54921875 0.0984375 0.1515625
3 0.7375 0.62734375 0.1484375 0.221875
3 0.79765625 0.55859375 0.0796875 0.171875