1 0.2375 0.61875 0.0421875 0.0890625
1 0.35078125 0.61328125 0.0515625 0.0921875
1 0.53203125 0.62109375 0.0453125 0.084375
1 0.63203125 0.6015625 0.0421875 0.0875
2 0.7546875 0.5828125 0.0625 0.115625
2 0.878125 0.59921875 0.0640625 0.1015625
0 0.11953125 0.75703125 0.1734375 0.1921875
0 0.26875 0.75390625 0.1609375 0.20625
3 0.246875 0.64921875 0.1203125 0.15625
3 0.359375 0.63828125 0.10625 0.1765625
3 0.525 0.65546875 0.10625 0.128125
3 0.6328125 0.63671875 0.1171875 0.1375
3 0.74140625 0.6703125 0.1875 0.2859375
3 0.88828125 0.6734375 0.1328125 0.2703125