1 0.1390625 0.49296875 0.0578125 0.1125
2 0.2671875 0.496875 0.0546875 0.11875
2 0.43984375 0.478125 0.040625 0.090625
2 0.70859375 0.5125 0.0359375 0.0828125
2 0.78984375 0.528125 0.0453125 0.08125
2 0.7546875 0.5640625 0.0578125 0.1203125
3 0.14453125 0.5375 0.1375 0.196875
3 0.2640625 0.5484375 0.1234375 0.2171875
3 0.38671875 0.55546875 0.171875 0.246875
3 0.44375 0.525 0.0671875 0.1625
3 0.6 0.5375 0.1109375 0.16875
3 0.69296875 0.55546875 0.0796875 0.153125
3 0.734375 0.628125 0.1578125 0.2359375
3 0.7984375 0.5703125 0.0734375 0.153125