1 0.21484375 0.5375 0.065625 0.103125
1 0.328125 0.5640625 0.06875 0.1046875
1 0.49375 0.621875 0.0625 0.0890625
1 0.59609375 0.64609375 0.0640625 0.090625
2 0.72109375 0.66171875 0.0859375 0.13125
2 0.83828125 0.7078125 0.09375 0.1171875
3 0.20625 0.55859375 0.1203125 0.15
3 0.321875 0.59375 0.134375 0.1703125
3 0.484375 0.6453125 0.134375 0.1421875
3 0.5890625 0.6671875 0.140625 0.165625
3 0.68125 0.7328125 0.2390625 0.3125
3 0.81796875 0.78671875 0.1734375 0.2671875
0 0.08125 0.628125 0.1625 0.20625
0 0.2046875 0.68046875 0.1953125 0.2375