1 0.15859375 0.65625 0.0546875 0.1078125
1 0.2484375 0.675 0.05 0.096875
1 0.34375 0.6390625 0.05625 0.1078125
1 0.559375 0.63203125 0.05 0.096875
1 0.56640625 0.73515625 0.0484375 0.053125
2 0.79921875 0.57421875 0.0515625 0.1
1 0.71640625 0.68203125 0.0734375 0.159375
3 0.07890625 0.71171875 0.10625 0.1578125
3 0.159375 0.70390625 0.1390625 0.2
3 0.25546875 0.7125 0.115625 0.175
3 0.35703125 0.6890625 0.1296875 0.1984375
3 0.56328125 0.67265625 0.1421875 0.178125
3 0.715625 0.75703125 0.1953125 0.3046875
3 0.7953125 0.63359375 0.1171875 0.2234375
3 0.87890625 0.71484375 0.175 0.3140625