1 0.14375 0.5640625 0.071875 0.1171875
1 0.2734375 0.55625 0.065625 0.1203125
2 0.43359375 0.4890625 0.0484375 0.078125
2 0.6203125 0.47890625 0.053125 0.090625
2 0.7265625 0.48671875 0.046875 0.0859375
2 0.7984375 0.48203125 0.0484375 0.090625
2 0.7671875 0.525 0.0671875 0.1125
3 0.16171875 0.60546875 0.1546875 0.190625
3 0.2828125 0.59765625 0.1390625 0.2015625
3 0.403125 0.58046875 0.1828125 0.25625
3 0.45390625 0.5375 0.09375 0.1671875
3 0.61015625 0.528125 0.1203125 0.1765625
3 0.70859375 0.52890625 0.1125 0.1484375
3 0.759375 0.58828125 0.171875 0.240625
3 0.81875 0.52578125 0.0828125 0.1703125