1 0.0296875 0.48984375 0.0578125 0.11640625
1 0.2 0.5015625 0.0578125 0.11484375
2 0.3359375 0.46015625 0.05234375 0.10546875
2 0.37578125 0.459375 0.03203125 0.06875
2 0.55625 0.46015625 0.0421875 0.06875
2 0.64453125 0.47578125 0.0375 0.07421875
2 0.6984375 0.51875 0.05625 0.10546875
0 0.07109375 0.53359375 0.1359375 0.18984375
3 0.20703125 0.546875 0.11875 0.19296875
3 0.33515625 0.534375 0.16171875 0.2546875
3 0.39296875 0.50546875 0.0640625 0.16015625
3 0.54453125 0.51171875 0.10078125 0.165625
3 0.6328125 0.52421875 0.07578125 0.14453125
3 0.68515625 0.578125 0.13515625 0.22578125