1 0.2234375 0.57578125 0.0484375 0.084375
1 0.33359375 0.5921875 0.0484375 0.084375
1 0.5109375 0.62109375 0.0453125 0.0796875
1 0.61484375 0.61796875 0.05 0.0890625
2 0.73828125 0.6296875 0.0625 0.1234375
2 0.8578125 0.65703125 0.0640625 0.0984375
3 0.2234375 0.6 0.1203125 0.1453125
3 0.3359375 0.61875 0.1171875 0.1671875
3 0.5015625 0.64375 0.121875 0.1421875
3 0.60859375 0.65234375 0.109375 0.1484375
3 0.7125 0.70546875 0.1984375 0.296875
3 0.85859375 0.7375 0.1453125 0.2578125
0 0.0890625 0.6875 0.178125 0.196875
0 0.23515625 0.71484375 0.1640625 0.215625