1 0.1921875 0.7109375 0.0609375 0.0890625
2 0.26875 0.65390625 0.059375 0.0890625
1 0.421875 0.63203125 0.065625 0.1015625
2 0.70703125 0.52890625 0.065625 0.1015625
1 0.80234375 0.52109375 0.0703125 0.1015625
0 0.19921875 0.7359375 0.128125 0.1453125
3 0.2765625 0.703125 0.1421875 0.1859375
3 0.36328125 0.6671875 0.1171875 0.1765625
3 0.44296875 0.66875 0.1359375 0.184375
3 0.6046875 0.62109375 0.146875 0.18125
3 0.70546875 0.57578125 0.1421875 0.20625
3 0.80546875 0.56328125 0.140625 0.1890625
3 0.90078125 0.6171875 0.1984375 0.309375