2 0.19921875 0.690625 0.090625 0.1359375
1 0.34375 0.625 0.05625 0.0734375
1 0.3515625 0.6875 0.0734375 0.115625
2 0.4109375 0.60390625 0.053125 0.0875
2 0.57890625 0.54140625 0.0515625 0.0796875
1 0.678125 0.5609375 0.0609375 0.103125
1 0.80234375 0.56328125 0.0828125 0.14375
1 0.94609375 0.56640625 0.0890625 0.1296875
3 0.21875 0.73984375 0.1796875 0.253125
3 0.3734375 0.7359375 0.165625 0.221875
3 0.35234375 0.62421875 0.0859375 0.096875
3 0.440625 0.6453125 0.128125 0.184375
3 0.565625 0.59296875 0.1078125 0.1828125
3 0.63515625 0.68046875 0.1625 0.24375
3 0.68671875 0.59453125 0.115625 0.1734375
3 0.8140625 0.62421875 0.178125 0.25625
3 0.93828125 0.6109375 0.1234375 0.228125