2 0.2171875 0.54296875 0.0609375 0.09375
1 0.33125 0.5640625 0.0625 0.0890625
1 0.5 0.62109375 0.0578125 0.0875
1 0.60625 0.64140625 0.059375 0.0921875
2 0.7265625 0.64453125 0.08125 0.1234375
2 0.84140625 0.6984375 0.0765625 0.1109375
0 0.08125 0.6453125 0.1625 0.221875
0 0.21328125 0.68828125 0.184375 0.2265625
3 0.2046875 0.56796875 0.115625 0.15
3 0.32421875 0.59765625 0.13125 0.184375
3 0.4890625 0.646875 0.140625 0.1515625
3 0.5953125 0.6640625 0.1296875 0.165625
3 0.6890625 0.7265625 0.2328125 0.3125
3 0.83203125 0.771875 0.1890625 0.2875