2 0.23515625 0.58046875 0.04609375 0.06875
2 0.2390625 0.65546875 0.05859375 0.12421875
2 0.34453125 0.5796875 0.04375 0.0703125
2 0.484375 0.56875 0.04375 0.08359375
2 0.6 0.56640625 0.04375 0.08125
1 0.5234375 0.69375 0.05625 0.1203125
2 0.703125 0.60625 0.0546875 0.1
1 0.83671875 0.67421875 0.0640625 0.11796875
0 0.1078125 0.734375 0.14453125 0.21484375
3 0.23046875 0.7171875 0.14140625 0.24921875
3 0.2453125 0.6046875 0.07578125 0.10546875
3 0.34375 0.6265625 0.0875 0.16171875
3 0.4890625 0.61640625 0.09921875 0.16328125
3 0.53359375 0.734375 0.1453125 0.21328125
3 0.6015625 0.61796875 0.08984375 0.171875
3 0.709375 0.69375 0.12890625 0.26875
3 0.853125 0.71953125 0.13203125 0.203125