1 0.065625 0.61796875 0.065625 0.11875
1 0.1671875 0.6171875 0.0625 0.1203125
1 0.29453125 0.5625 0.046875 0.0828125
1 0.4734375 0.525 0.04375 0.0859375
1 0.6765625 0.5234375 0.0640625 0.1421875
1 0.73515625 0.471875 0.046875 0.0921875
1 0.83046875 0.43984375 0.0484375 0.090625
1 0.96640625 0.48671875 0.0671875 0.1484375
3 0.0859375 0.67265625 0.121875 0.215625
3 0.19140625 0.67421875 0.16875 0.225
3 0.303125 0.59296875 0.1046875 0.146875
3 0.40546875 0.653125 0.1609375 0.2203125
3 0.48359375 0.5640625 0.10625 0.159375
3 0.67734375 0.59296875 0.1453125 0.284375
3 0.7359375 0.5171875 0.078125 0.178125
3 0.821875 0.5859375 0.1625 0.284375
3 0.8484375 0.4875 0.0828125 0.1828125
3 0.94453125 0.5640625 0.1109375 0.275