1 0.125 0.53125 0.0671875 0.1203125
2 0.25703125 0.52421875 0.0546875 0.1046875
2 0.39140625 0.496875 0.0515625 0.103125
2 0.43828125 0.49375 0.034375 0.075
1 0.60078125 0.503125 0.0453125 0.0828125
1 0.6921875 0.5328125 0.0421875 0.078125
2 0.7890625 0.50078125 0.040625 0.0796875
1 0.75234375 0.58125 0.0625 0.115625
3 0.14765625 0.57734375 0.1203125 0.209375
3 0.25546875 0.5796875 0.1296875 0.2234375
3 0.38828125 0.575 0.1328125 0.2546875
3 0.45234375 0.53671875 0.0671875 0.1515625
3 0.59609375 0.5390625 0.096875 0.159375
3 0.79765625 0.55 0.078125 0.1734375
3 0.68828125 0.553125 0.090625 0.134375
0 0.75 0.62734375 0.1453125 0.203125