2 0.13203125 0.47421875 0.05859375 0.10546875
2 0.2546875 0.50546875 0.05859375 0.10703125
2 0.38828125 0.48515625 0.05 0.10546875
2 0.43828125 0.49375 0.040625 0.08359375
0 0.60078125 0.5703125 0.10859375 0.13515625
0 0.70078125 0.58046875 0.09921875 0.125
0 0.81640625 0.60859375 0.10390625 0.11328125
0 0.74375 0.66328125 0.1671875 0.18125
3 0.13125 0.54296875 0.14765625 0.22578125
3 0.25234375 0.55859375 0.1296875 0.21328125
3 0.384375 0.56328125 0.12265625 0.2453125
3 0.45 0.53359375 0.06953125 0.15078125