1 0.21796875 0.55625 0.059375 0.090625
1 0.3328125 0.57578125 0.0640625 0.096875
1 0.5046875 0.62109375 0.05625 0.0875
1 0.60859375 0.6265625 0.05625 0.0984375
2 0.73359375 0.63671875 0.078125 0.1234375
2 0.84609375 0.68203125 0.0734375 0.1125
0 0.08125 0.665625 0.1625 0.20625
0 0.21796875 0.69765625 0.1828125 0.228125
3 0.2140625 0.59453125 0.13125 0.175
3 0.33359375 0.61171875 0.1171875 0.1765625
3 0.49375 0.6453125 0.134375 0.1515625
3 0.596875 0.66171875 0.1359375 0.165625
3 0.6953125 0.725 0.2125 0.309375
3 0.8359375 0.7578125 0.165625 0.271875