2 0.1296875 0.48515625 0.059375 0.10703125
1 0.36328125 0.51484375 0.053125 0.13359375
2 0.428125 0.4890625 0.0359375 0.07421875
2 0.6046875 0.4859375 0.04140625 0.0796875
2 0.7875 0.51875 0.0453125 0.078125
1 0.73671875 0.5765625 0.0609375 0.11875
3 0.14140625 0.55234375 0.11171875 0.2234375
3 0.26328125 0.57421875 0.11171875 0.21328125
3 0.384375 0.57421875 0.15078125 0.23671875
3 0.440625 0.53515625 0.07265625 0.16328125
3 0.59375 0.5421875 0.09765625 0.175
3 0.684375 0.55546875 0.0796875 0.14296875
3 0.728125 0.63515625 0.13125 0.221875
3 0.79296875 0.56640625 0.06875 0.1640625