2 0.18046875 0.5203125 0.0921875 0.1265625
1 0.271875 0.515625 0.059375 0.0859375
2 0.32421875 0.52734375 0.0796875 0.1171875
1 0.38359375 0.52734375 0.065625 0.10625
1 0.5578125 0.5796875 0.053125 0.0703125
1 0.56640625 0.63828125 0.08125 0.1296875
1 0.70625 0.63984375 0.0796875 0.1296875
3 0.159375 0.5765625 0.1796875 0.24375
3 0.271875 0.54765625 0.0953125 0.134375
3 0.3109375 0.59921875 0.1875 0.275
3 0.3875 0.56796875 0.1234375 0.18125
3 0.53984375 0.61484375 0.1015625 0.1515625
3 0.55 0.69140625 0.19375 0.2546875
3 0.68984375 0.70390625 0.1890625 0.284375
3 0.803125 0.75625 0.184375 0.259375