1 0.1578125 0.57109375 0.0859375 0.128125
1 0.30390625 0.5609375 0.0484375 0.071875
1 0.2921875 0.62109375 0.071875 0.121875
1 0.375 0.5984375 0.059375 0.0875
2 0.5453125 0.5640625 0.0484375 0.0765625
1 0.64453125 0.61953125 0.0578125 0.0953125
1 0.75703125 0.665625 0.075 0.140625
1 0.88984375 0.7171875 0.08125 0.128125
3 0.15078125 0.628125 0.175 0.2546875
3 0.29453125 0.6734375 0.1546875 0.2265625
3 0.31015625 0.57421875 0.0953125 0.10625
3 0.3890625 0.63671875 0.11875 0.1609375
3 0.52265625 0.628125 0.1125 0.221875
3 0.56171875 0.71328125 0.1640625 0.240625
3 0.64609375 0.6578125 0.1078125 0.18125
3 0.7515625 0.72734375 0.1671875 0.2609375
3 0.89453125 0.77578125 0.1625 0.2375