2 0.2078125 0.50859375 0.078125 0.115625
1 0.26796875 0.51328125 0.0578125 0.0890625
2 0.30234375 0.546875 0.0859375 0.1296875
1 0.38828125 0.528125 0.0625 0.0953125
1 0.5515625 0.59609375 0.053125 0.0734375
1 0.56796875 0.6390625 0.0828125 0.1359375
2 0.71484375 0.621875 0.08125 0.1203125
1 0.81796875 0.72734375 0.0921875 0.13125
0 0.25859375 0.54296875 0.078125 0.1390625
0 0.3875 0.57109375 0.1265625 0.178125
0 0.5328125 0.62578125 0.1203125 0.146875
0 0.7515625 0.67578125 0.0875 0.140625
3 0.1828125 0.5703125 0.171875 0.2484375
3 0.284375 0.60625 0.2015625 0.2765625
3 0.5453125 0.69609375 0.1921875 0.2640625
3 0.6921875 0.70625 0.203125 0.3
3 0.8 0.76875 0.175 0.2265625