1 0.1484375 0.63046875 0.046875 0.08359375
2 0.23515625 0.59375 0.04375 0.09296875
1 0.39375 0.60546875 0.0484375 0.08515625
2 0.69375 0.56875 0.0453125 0.08671875
2 0.671875 0.68203125 0.0578125 0.06328125
2 0.78828125 0.59140625 0.04765625 0.09453125
0 0.15390625 0.65546875 0.1 0.12578125
3 0.23515625 0.640625 0.10390625 0.1765625
3 0.32265625 0.63125 0.08203125 0.165625
3 0.40546875 0.64609375 0.1015625 0.159375
3 0.571875 0.64140625 0.11015625 0.16640625
3 0.68125 0.6265625 0.0984375 0.1859375
3 0.78359375 0.63125 0.09765625 0.171875
3 0.8859375 0.715625 0.19375 0.2734375