1 0.14375 0.44453125 0.078125 0.1140625
2 0.27109375 0.45859375 0.0703125 0.13125
2 0.44296875 0.4703125 0.0546875 0.090625
2 0.70390625 0.53515625 0.0484375 0.0875
2 0.7859375 0.5546875 0.0546875 0.090625
2 0.7453125 0.590625 0.065625 0.1171875
3 0.14375 0.48828125 0.1609375 0.20625
3 0.26328125 0.51640625 0.146875 0.234375
3 0.37890625 0.53671875 0.2015625 0.2625
3 0.4421875 0.50859375 0.0890625 0.1578125
3 0.5953125 0.54453125 0.1265625 0.175
3 0.69140625 0.57421875 0.10625 0.15625
3 0.71953125 0.653125 0.1828125 0.253125
3 0.78671875 0.6015625 0.084375 0.16875