1 0.03515625 0.46875 0.06015625 0.11484375
1 0.19609375 0.48359375 0.0578125 0.1109375
2 0.32734375 0.44140625 0.0546875 0.109375
2 0.37265625 0.44296875 0.03515625 0.06328125
2 0.5546875 0.44375 0.04140625 0.07421875
2 0.696875 0.50390625 0.05 0.10390625
0 0.07265625 0.51171875 0.14296875 0.19375
3 0.20859375 0.53046875 0.11875 0.190625
3 0.3390625 0.509375 0.146875 0.2484375
3 0.39140625 0.49296875 0.07109375 0.15546875
3 0.546875 0.49921875 0.09609375 0.16953125
3 0.634375 0.51796875 0.07890625 0.1453125
3 0.68515625 0.5640625 0.13046875 0.21796875
3 0.740625 0.53046875 0.05390625 0.14921875