1 0.03515625 0.46875 0.06171875 0.1203125
1 0.19609375 0.48046875 0.0578125 0.11640625
2 0.32734375 0.44140625 0.0546875 0.109375
2 0.37265625 0.44375 0.03515625 0.06484375
2 0.6578125 0.48203125 0.03828125 0.07421875
2 0.6984375 0.50859375 0.05703125 0.1
3 0.20625 0.53046875 0.1203125 0.190625
3 0.33515625 0.51328125 0.15703125 0.25078125
3 0.390625 0.49140625 0.07109375 0.153125
3 0.546875 0.4984375 0.0953125 0.16953125
3 0.6390625 0.51796875 0.0875 0.13046875
3 0.6859375 0.56953125 0.134375 0.21328125
3 0.740625 0.52890625 0.0578125 0.14921875
0 0.07265625 0.51171875 0.140625 0.196875