1 0.078125 0.46484375 0.053125 0.075
2 0.29921875 0.49140625 0.059375 0.0953125
2 0.48828125 0.49609375 0.0546875 0.0796875
1 0.74296875 0.53828125 0.06875 0.1046875
2 0.82890625 0.5265625 0.06875 0.1078125
3 0.0640625 0.54296875 0.128125 0.2265625
3 0.09375 0.5015625 0.1140625 0.1484375
3 0.15859375 0.5671875 0.1828125 0.25
3 0.29765625 0.525 0.1296875 0.171875
3 0.38515625 0.6140625 0.2 0.2640625
3 0.4828125 0.5453125 0.1171875 0.1828125
3 0.64921875 0.6375 0.203125 0.3140625
3 0.74140625 0.5796875 0.128125 0.1921875
3 0.83046875 0.58515625 0.15 0.21875
3 0.90546875 0.65703125 0.1890625 0.3234375