1 0.03515625 0.60546875 0.06484375 0.121875
1 0.2625 0.54375 0.0546875 0.09609375
1 0.3640625 0.59296875 0.0625 0.13359375
1 0.45078125 0.52109375 0.04453125 0.08046875
1 0.62578125 0.49375 0.04375 0.078125
1 0.70390625 0.46875 0.04609375 0.08515625
1 0.66953125 0.53046875 0.05859375 0.121875
1 0.7921875 0.45078125 0.04453125 0.08671875
1 0.92734375 0.50078125 0.065625 0.1265625
3 0.26640625 0.57578125 0.11015625 0.16171875
3 0.3734375 0.6375 0.15546875 0.21953125
3 0.46328125 0.55078125 0.09296875 0.1484375
3 0.15078125 0.64296875 0.146875 0.2265625
3 0.05234375 0.6484375 0.10390625 0.225
3 0.6171875 0.5296875 0.05546875 0.1484375
3 0.65390625 0.5890625 0.11640625 0.24453125
3 0.7078125 0.48984375 0.06171875 0.12421875
3 0.77421875 0.5890625 0.15546875 0.24375
3 0.80703125 0.49140625 0.08828125 0.1734375
3 0.925 0.56328125 0.14921875 0.25859375