2 0.1265625 0.6984375 0.1015625 0.1328125
2 0.25390625 0.63125 0.0578125 0.0875
2 0.36484375 0.59375 0.05625 0.0828125
2 0.49453125 0.575 0.0578125 0.0875
1 0.54609375 0.70078125 0.08125 0.1203125
2 0.6234375 0.546875 0.0609375 0.090625
2 0.71953125 0.56796875 0.071875 0.1171875
1 0.8625 0.59375 0.0734375 0.1203125
3 0.14765625 0.76875 0.175 0.2765625
3 0.27109375 0.6734375 0.125 0.1828125
3 0.37109375 0.646875 0.11875 0.1828125
3 0.51171875 0.61796875 0.125 0.1828125
3 0.62265625 0.59296875 0.1328125 0.1953125
0 0.57421875 0.73125 0.1734375 0.2203125
3 0.7390625 0.64921875 0.175 0.28125
3 0.8859375 0.64921875 0.1671875 0.240625
0 0.26484375 0.79765625 0.1765625 0.2234375