2 0.22109375 0.571875 0.05625 0.090625
1 0.33984375 0.58125 0.053125 0.0984375
1 0.5109375 0.62109375 0.0515625 0.0859375
1 0.61796875 0.625 0.05625 0.0859375
2 0.740625 0.62421875 0.0734375 0.1203125
2 0.85625 0.66640625 0.0734375 0.1125
0 0.0875 0.684375 0.175 0.2125
0 0.23125 0.71171875 0.16875 0.23125
3 0.21875 0.59765625 0.121875 0.15625
3 0.33828125 0.6203125 0.10625 0.1734375
3 0.503125 0.64765625 0.125 0.1390625
3 0.6046875 0.64609375 0.1125 0.1515625
3 0.70546875 0.71015625 0.2109375 0.29375
3 0.85390625 0.74375 0.153125 0.259375