1 0.140625 0.4359375 0.078125 0.115625
2 0.4359375 0.46953125 0.05625 0.08125
2 0.61328125 0.51484375 0.05625 0.08125
2 0.703125 0.5578125 0.053125 0.0875
2 0.77578125 0.575 0.0515625 0.0765625
2 0.7359375 0.6125 0.075 0.115625
3 0.13671875 0.4859375 0.178125 0.2203125
3 0.253125 0.5203125 0.159375 0.228125
3 0.36171875 0.540625 0.2140625 0.259375
3 0.43359375 0.51875 0.096875 0.1734375
3 0.58671875 0.5625 0.134375 0.1796875
3 0.68125 0.59609375 0.1171875 0.15625
3 0.70625 0.67265625 0.1953125 0.25625
3 0.7796875 0.62734375 0.1015625 0.171875