1 0.0328125 0.44921875 0.065625 0.1203125
1 0.20078125 0.47578125 0.0671875 0.11875
2 0.33984375 0.44609375 0.0609375 0.109375
2 0.3796875 0.4484375 0.0375 0.071875
2 0.559375 0.46484375 0.0484375 0.071875
2 0.64609375 0.48828125 0.04375 0.0765625
2 0.69609375 0.5359375 0.065625 0.109375
0 0.07265625 0.49609375 0.1453125 0.2015625
3 0.20390625 0.52109375 0.134375 0.203125
3 0.3328125 0.51953125 0.1828125 0.2671875
3 0.39296875 0.49609375 0.078125 0.165625
3 0.54296875 0.515625 0.1140625 0.1734375
3 0.63046875 0.5359375 0.0875 0.15
3 0.67734375 0.59375 0.1546875 0.2359375