2 0.17109375 0.64765625 0.06875 0.11875
2 0.23125 0.6078125 0.0453125 0.0796875
2 0.2890625 0.62734375 0.0640625 0.1171875
2 0.3546875 0.5859375 0.046875 0.090625
1 0.52578125 0.60703125 0.0453125 0.0921875
1 0.6375 0.6078125 0.0484375 0.10625
2 0.75078125 0.5765625 0.0640625 0.1125
2 0.87578125 0.59609375 0.0640625 0.1015625
3 0.1671875 0.709375 0.1359375 0.2265625
3 0.234375 0.6375 0.071875 0.1484375
3 0.30234375 0.70390625 0.15 0.2578125
3 0.37109375 0.63125 0.1015625 0.178125
3 0.525 0.6328125 0.1234375 0.15625
3 0.6359375 0.63984375 0.0984375 0.1453125
3 0.74375 0.66328125 0.1796875 0.2890625
3 0.88984375 0.678125 0.1359375 0.25625