1 0.13828125 0.4203125 0.0921875 0.13125
1 0.25390625 0.4703125 0.0875 0.125
2 0.43046875 0.47109375 0.0546875 0.0953125
2 0.61484375 0.51640625 0.0578125 0.0890625
2 0.77109375 0.5828125 0.0609375 0.0828125
2 0.734375 0.609375 0.0765625 0.115625
3 0.1453125 0.465625 0.165625 0.209375
3 0.2546875 0.5125 0.1546875 0.2015625
3 0.38203125 0.5296875 0.196875 0.265625
3 0.440625 0.51015625 0.1109375 0.1703125
3 0.58515625 0.56015625 0.1453125 0.190625
3 0.67734375 0.59296875 0.121875 0.1625
3 0.70546875 0.66953125 0.190625 0.259375
3 0.77421875 0.63046875 0.1078125 0.1765625