1 0.2421875 0.58125 0.040625 0.0890625
1 0.40078125 0.60390625 0.04921875 0.08125
1 0.5734375 0.59921875 0.03828125 0.09453125
1 0.6734375 0.5890625 0.04375 0.1
1 0.790625 0.59375 0.046875 0.1015625
1 0.87890625 0.65625 0.06953125 0.15
3 0.15078125 0.640625 0.10546875 0.14609375
3 0.23984375 0.628125 0.10078125 0.16171875
3 0.325 0.640625 0.06328125 0.13359375
3 0.396875 0.64375 0.09609375 0.1515625
3 0.57265625 0.63984375 0.11015625 0.1515625
3 0.675 0.63125 0.09765625 0.1765625
3 0.7828125 0.63046875 0.10078125 0.16328125
3 0.86640625 0.73046875 0.196875 0.259375