2 0.23125 0.60390625 0.040625 0.08125
1 0.3484375 0.6015625 0.04609375 0.10390625
1 0.52421875 0.621875 0.0453125 0.08046875
1 0.63203125 0.61640625 0.046875 0.09296875
2 0.753125 0.59453125 0.0609375 0.10625
2 0.875 0.6265625 0.0625 0.109375
3 0.225 0.62578125 0.08046875 0.14921875
3 0.353125 0.63203125 0.0921875 0.15546875
3 0.51640625 0.64765625 0.10625 0.13046875
3 0.625 0.6359375 0.1125 0.14375
3 0.73203125 0.69140625 0.17109375 0.2765625
3 0.88203125 0.69375 0.12734375 0.24921875
0 0.10703125 0.740625 0.16015625 0.16875
0 0.25546875 0.7421875 0.1484375 0.20625