2 0.2078125 0.540625 0.0640625 0.1125
1 0.27109375 0.5421875 0.0515625 0.0859375
2 0.30703125 0.55703125 0.078125 0.1265625
1 0.39140625 0.540625 0.0609375 0.10625
1 0.55546875 0.5890625 0.040625 0.0703125
1 0.5796875 0.63359375 0.075 0.1265625
2 0.7265625 0.59921875 0.075 0.11875
1 0.840625 0.6890625 0.0828125 0.128125
0 0.2671875 0.5640625 0.06875 0.14375
0 0.39453125 0.58046875 0.1109375 0.1796875
0 0.54453125 0.61875 0.1078125 0.1421875
0 0.7703125 0.64765625 0.0703125 0.1375
3 0.1921875 0.60625 0.1515625 0.240625
3 0.29453125 0.63046875 0.178125 0.26875
3 0.565625 0.6875 0.1703125 0.2453125
3 0.71328125 0.68359375 0.175 0.2984375
3 0.82734375 0.73671875 0.1578125 0.221875