1 0.16796875 0.62265625 0.0625 0.1234375
1 0.31796875 0.590625 0.0453125 0.0703125
1 0.3171875 0.65234375 0.0609375 0.1125
1 0.39453125 0.62265625 0.04375 0.09375
2 0.55546875 0.55625 0.04375 0.078125
1 0.66171875 0.59609375 0.0515625 0.096875
1 0.78203125 0.63046875 0.059375 0.1265625
1 0.92109375 0.6625 0.0625 0.1125
3 0.17109375 0.68203125 0.1421875 0.2328125
3 0.321875 0.709375 0.1328125 0.1921875
3 0.32734375 0.5984375 0.071875 0.075
3 0.41015625 0.65625 0.1 0.1484375
3 0.5421875 0.6265625 0.075 0.2203125
3 0.59140625 0.7109375 0.1265625 0.21875
3 0.6671875 0.634375 0.0921875 0.1625
3 0.78125 0.690625 0.14375 0.2609375
3 0.93046875 0.7015625 0.1296875 0.2171875