2 0.096875 0.63671875 0.0734375 0.134375
2 0.234375 0.59453125 0.0453125 0.084375
2 0.35 0.57421875 0.0453125 0.08125
2 0.48359375 0.56875 0.0421875 0.0875
1 0.51328125 0.69453125 0.0671875 0.115625
2 0.6140625 0.56640625 0.0484375 0.0953125
2 0.70234375 0.6015625 0.0578125 0.1046875
1 0.846875 0.64921875 0.06875 0.1125
3 0.1109375 0.71015625 0.13125 0.2515625
3 0.24921875 0.63515625 0.0984375 0.16875
3 0.3484375 0.6265625 0.096875 0.16875
3 0.4953125 0.61875 0.1015625 0.1671875
3 0.60859375 0.61328125 0.1109375 0.18125
0 0.5375 0.73828125 0.1390625 0.2
3 0.7125 0.68359375 0.134375 0.271875
3 0.85703125 0.70390625 0.1328125 0.2203125
0 0.221875 0.75546875 0.146875 0.203125