1 0.23125 0.6046875 0.0421875 0.0796875
1 0.3453125 0.60390625 0.04140625 0.0890625
1 0.52578125 0.61875 0.04140625 0.0703125
1 0.6265625 0.61875 0.046875 0.0796875
2 0.7515625 0.6046875 0.059375 0.109375
2 0.87265625 0.61953125 0.05625 0.1
0 0.10703125 0.73203125 0.16171875 0.20078125
0 0.25390625 0.74140625 0.14453125 0.20703125
3 0.23203125 0.63359375 0.096875 0.14453125
3 0.353125 0.6328125 0.09765625 0.15859375
3 0.51875 0.6421875 0.109375 0.134375
3 0.628125 0.64375 0.09921875 0.15
3 0.734375 0.678125 0.18359375 0.28046875
3 0.87421875 0.69453125 0.1265625 0.2515625