1 0.2390625 0.62890625 0.05625 0.0859375
1 0.35703125 0.61484375 0.0578125 0.09375
1 0.5359375 0.62421875 0.0515625 0.090625
1 0.63828125 0.60703125 0.0515625 0.084375
2 0.7609375 0.571875 0.065625 0.1109375
2 0.884375 0.5890625 0.0578125 0.109375
0 0.13125 0.76328125 0.178125 0.2046875
0 0.2796875 0.76484375 0.165625 0.2171875
3 0.2453125 0.653125 0.1109375 0.1421875
3 0.3671875 0.65078125 0.10625 0.1625
3 0.53125 0.64375 0.11875 0.1390625
3 0.64375 0.63515625 0.1203125 0.140625
3 0.75234375 0.6703125 0.203125 0.29375
3 0.89296875 0.66796875 0.140625 0.2640625