2 0.18203125 0.58984375 0.06640625 0.109375
1 0.27890625 0.575 0.040625 0.08125
2 0.32265625 0.58515625 0.0625 0.11875
1 0.40078125 0.55390625 0.05 0.09609375
1 0.57578125 0.56875 0.03359375 0.07421875
1 0.59765625 0.61953125 0.05625 0.11640625
2 0.74765625 0.54609375 0.04375 0.059375
1 0.89609375 0.60546875 0.0640625 0.1296875
0 0.40625 0.59609375 0.09375 0.165625
0 0.5625 0.60546875 0.08515625 0.14296875
3 0.18046875 0.6515625 0.1375 0.228125
3 0.31953125 0.65703125 0.13359375 0.25625
3 0.26953125 0.5984375 0.06328125 0.13203125
3 0.5984375 0.67578125 0.13515625 0.24140625
3 0.75703125 0.65625 0.12890625 0.26640625
3 0.875 0.665625 0.12421875 0.25703125