2 0.21328125 0.5546875 0.0703125 0.1046875
1 0.27109375 0.54609375 0.0484375 0.0875
1 0.30859375 0.5890625 0.0671875 0.1296875
1 0.39609375 0.54453125 0.05625 0.0984375
1 0.5625 0.5859375 0.04375 0.06875
1 0.5890625 0.62734375 0.0640625 0.1234375
2 0.73359375 0.5890625 0.0734375 0.1140625
0 0.2703125 0.5796875 0.065625 0.1390625
0 0.3984375 0.58984375 0.1046875 0.1765625
0 0.553125 0.6171875 0.1 0.1390625
0 0.778125 0.6359375 0.0734375 0.1421875
3 0.1984375 0.6203125 0.1375 0.2375
3 0.3015625 0.64296875 0.16875 0.24375
3 0.57578125 0.68828125 0.1578125 0.25
3 0.72109375 0.67109375 0.1609375 0.2859375
3 0.84921875 0.70703125 0.15625 0.2421875