2 0.13515625 0.478125 0.05546875 0.09609375
2 0.25703125 0.50078125 0.05390625 0.10546875
2 0.38828125 0.484375 0.05390625 0.0984375
2 0.43828125 0.490625 0.034375 0.078125
0 0.60078125 0.57578125 0.10703125 0.13046875
0 0.7 0.58359375 0.09609375 0.1203125
0 0.81640625 0.6109375 0.103125 0.11171875
0 0.74453125 0.6671875 0.165625 0.18984375
3 0.13515625 0.54375 0.14921875 0.22421875
3 0.24921875 0.56171875 0.12578125 0.21484375
3 0.3859375 0.56875 0.11953125 0.2515625
3 0.45078125 0.5359375 0.06328125 0.15078125