1 0.03515625 0.46796875 0.06484375 0.11640625
1 0.19609375 0.48125 0.0578125 0.10703125
2 0.32578125 0.4390625 0.05546875 0.11484375
2 0.37265625 0.44296875 0.04140625 0.06640625
2 0.55703125 0.4453125 0.0375 0.071875
2 0.69765625 0.5046875 0.04765625 0.1015625
0 0.07421875 0.51328125 0.13828125 0.2046875
3 0.2078125 0.525 0.12109375 0.18671875
3 0.33828125 0.51015625 0.146875 0.23671875
3 0.39140625 0.4921875 0.07109375 0.15859375
3 0.546875 0.5015625 0.09453125 0.1734375
3 0.634375 0.5125 0.0796875 0.14140625
3 0.68515625 0.5671875 0.13046875 0.21953125
3 0.7390625 0.528125 0.05234375 0.14609375