2 0.20546875 0.5046875 0.0796875 0.115625
1 0.26796875 0.51171875 0.059375 0.0875
2 0.303125 0.53515625 0.0859375 0.1296875
1 0.3875 0.52890625 0.0703125 0.1046875
1 0.54375 0.59453125 0.05 0.0703125
1 0.56328125 0.64453125 0.0875 0.128125
2 0.7125 0.62890625 0.0828125 0.1265625
1 0.81171875 0.73125 0.0984375 0.1296875
3 0.18359375 0.56484375 0.1765625 0.2546875
3 0.2828125 0.60625 0.20625 0.2828125
3 0.54453125 0.69375 0.1921875 0.25625
3 0.6859375 0.7125 0.20625 0.3140625
3 0.7984375 0.77734375 0.1796875 0.2375
0 0.2578125 0.53671875 0.0859375 0.14375
0 0.38515625 0.56875 0.1265625 0.178125
0 0.53359375 0.625 0.1265625 0.1515625