1 0.19453125 0.7171875 0.06875 0.0890625
2 0.26875 0.659375 0.0640625 0.0921875
1 0.4234375 0.634375 0.06875 0.103125
2 0.70234375 0.5171875 0.0625 0.0921875
1 0.8 0.51640625 0.0671875 0.1078125
0 0.203125 0.740625 0.13125 0.1484375
3 0.28046875 0.70703125 0.1484375 0.196875
3 0.3625 0.671875 0.121875 0.190625
3 0.446875 0.6703125 0.140625 0.1859375
3 0.60703125 0.6203125 0.146875 0.1859375
3 0.7046875 0.5734375 0.1421875 0.2046875
3 0.80859375 0.5578125 0.1375 0.1890625
3 0.90078125 0.60703125 0.1984375 0.3140625