1 0.1859375 0.60703125 0.06328125 0.121875
1 0.3171875 0.60546875 0.06015625 0.1296875
1 0.59765625 0.61875 0.05859375 0.12578125
2 0.7421875 0.55390625 0.06015625 0.121875
2 0.87265625 0.57421875 0.06171875 0.10703125
0 0.5609375 0.6078125 0.08984375 0.13046875
3 0.18359375 0.6515625 0.13359375 0.2109375
3 0.31875 0.66328125 0.1390625 0.246875
3 0.39765625 0.58828125 0.08515625 0.16640625
3 0.5921875 0.678125 0.13828125 0.2390625
3 0.74296875 0.64296875 0.13046875 0.29140625
3 0.87578125 0.65390625 0.159375 0.27421875