1 0.05390625 0.36484375 0.090625 0.13125
1 0.209375 0.4125 0.084375 0.13125
1 0.33515625 0.4171875 0.084375 0.1359375
2 0.38515625 0.415625 0.0546875 0.0765625
2 0.56640625 0.4578125 0.05625 0.0875
2 0.7265625 0.53203125 0.0578125 0.09375
2 0.690625 0.55625 0.0765625 0.115625
0 0.08671875 0.41484375 0.1734375 0.2296875
3 0.20859375 0.46171875 0.1625 0.2109375
3 0.33828125 0.48046875 0.1953125 0.259375
3 0.3953125 0.4671875 0.1078125 0.1640625
3 0.54296875 0.51171875 0.1296875 0.1859375
3 0.62421875 0.546875 0.109375 0.1578125
3 0.66484375 0.60859375 0.178125 0.2453125
3 0.72734375 0.5828125 0.0921875 0.1578125