1 0.15390625 0.6546875 0.0375 0.0796875
1 0.22890625 0.6625 0.04140625 0.08046875
1 0.40078125 0.61640625 0.0375 0.08515625
2 0.56953125 0.64140625 0.0375 0.0796875
1 0.8671875 0.71875 0.065625 0.14453125
1 0.68515625 0.68359375 0.05625 0.1390625
0 0.153125 0.68125 0.09609375 0.11953125
3 0.4015625 0.6609375 0.09921875 0.165625
3 0.68671875 0.7359375 0.1546875 0.24453125
3 0.55859375 0.6734375 0.10625 0.134375
0 0.23203125 0.68046875 0.10234375 0.1109375
0 0.31015625 0.69453125 0.08828125 0.0796875
0 0.765625 0.6609375 0.09609375 0.13125
0 0.8625 0.75625 0.1578125 0.2140625