1 0.20234375 0.49375 0.0375 0.0640625
0 0.2046875 0.50234375 0.0828125 0.090625
1 0.10546875 0.4734375 0.0359375 0.05625
0 0.11171875 0.478125 0.065625 0.078125
1 0.1515625 0.4359375 0.028125 0.0515625
3 0.15546875 0.4421875 0.0546875 0.0671875
1 0.2453125 0.44453125 0.0265625 0.04375
3 0.25703125 0.45625 0.0578125 0.08125
2 0.22734375 0.39453125 0.028125 0.046875
3 0.23046875 0.4 0.04375 0.0609375
1 0.2609375 0.3875 0.025 0.046875
3 0.26953125 0.39921875 0.0484375 0.0703125
1 0.28203125 0.371875 0.025 0.04375
3 0.2875 0.375 0.0375 0.0578125
1 0.30234375 0.48671875 0.0375 0.06875
3 0.31484375 0.509375 0.0890625 0.134375
2 0.3984375 0.47109375 0.0375 0.065625
3 0.409375 0.4953125 0.1046875 0.1328125
1 0.35625 0.46796875 0.0328125 0.059375
0 0.359375 0.48203125 0.06875 0.0890625
2 0.371875 0.4125 0.0296875 0.04375
3 0.38125 0.44921875 0.05 0.0546875
2 0.4359375 0.41484375 0.0265625 0.046875
3 0.44140625 0.43046875 0.053125 0.0859375
2 0.39453125 0.36875 0.0234375 0.0375
3 0.4015625 0.39453125 0.040625 0.040625
1 0.42734375 0.37890625 0.021875 0.0390625
1 0.4140625 0.346875 0.021875 0.0453125
3 0.41796875 0.36640625 0.0390625 0.0484375
2 0.46640625 0.37890625 0.025 0.0453125
3 0.471875 0.39609375 0.0484375 0.075
2 0.50078125 0.4421875 0.034375 0.0625
3 0.51015625 0.47890625 0.0828125 0.14375
1 0.446875 0.33828125 0.0203125 0.0328125
1 0.48125 0.3421875 0.01875 0.0375
1 0.5140625 0.32890625 0.021875 0.0359375
3 0.525 0.38359375 0.0578125 0.0953125
1 0.50234375 0.409375 0.028125 0.046875
1 0.515625 0.36484375 0.0265625 0.046875
2 0.56953125 0.45625 0.034375 0.065625
3 0.58046875 0.48046875 0.084375 0.1234375
1 0.5734375 0.40546875 0.028125 0.0484375
0 0.56953125 0.41875 0.0671875 0.0828125
2 0.659375 0.4296875 0.0421875 0.06875
3 0.66328125 0.45859375 0.090625 0.140625
2 0.6359375 0.41953125 0.028125 0.0515625
3 0.63125 0.4453125 0.0578125 0.10625
1 0.615625 0.38671875 0.0296875 0.0515625
3 0.61953125 0.40859375 0.05625 0.0921875
1 0.56171875 0.3640625 0.0234375 0.0421875
0 0.5546875 0.36328125 0.040625 0.05
2 0.59453125 0.34921875 0.0203125 0.0328125
3 0.59140625 0.35703125 0.04375 0.0609375
2 0.63359375 0.35078125 0.0234375 0.0453125
3 0.64296875 0.36796875 0.05 0.0796875
2 0.575 0.31640625 0.01875 0.03125
3 0.575 0.32890625 0.0375 0.0640625
1 0.6953125 0.31484375 0.0171875 0.0328125
0 0.68984375 0.32109375 0.0328125 0.046875
1 0.709375 0.32109375 0.0203125 0.0375
3 0.7078125 0.33203125 0.0421875 0.065625
1 0.74921875 0.3109375 0.021875 0.0375
3 0.7296875 0.34296875 0.04375 0.06875
1 0.7734375 0.32265625 0.021875 0.0421875
3 0.771875 0.334375 0.046875 0.06875
1 0.809375 0.290625 0.0203125 0.0375
3 0.81328125 0.3015625 0.0484375 0.065625
1 0.81796875 0.33984375 0.0265625 0.0375
3 0.79609375 0.39296875 0.065625 0.103125
1 0.8375 0.36328125 0.03125 0.053125
1 0.8671875 0.396875 0.0359375 0.0625
3 0.85546875 0.42265625 0.071875 0.10625
1 0.93828125 0.34921875 0.028125 0.046875
3 0.940625 0.3640625 0.05 0.0859375
2 0.90859375 0.3859375 0.0421875 0.0640625
3 0.91171875 0.42421875 0.096875 0.1578125
3 0.4015625 0.3796875 0.0453125 0.0734375
3 0.45 0.34296875 0.0359375 0.0484375
3 0.4828125 0.34921875 0.04375 0.0609375