1 0.00390625 0.45625 0.0078125 0.05625
0 0.0171875 0.45703125 0.034375 0.0765625
1 0.103125 0.484375 0.0359375 0.0578125
0 0.1 0.49140625 0.090625 0.09375
2 0.16796875 0.39453125 0.028125 0.0453125
3 0.1734375 0.42890625 0.1046875 0.11875
1 0.04609375 0.41796875 0.028125 0.0484375
3 0.05625 0.42421875 0.046875 0.06875
1 0.0921875 0.41171875 0.028125 0.046875
3 0.09453125 0.41875 0.053125 0.0609375
0 0.1046875 0.44921875 0.0671875 0.0640625
1 0.1453125 0.396875 0.0265625 0.0390625
1 0.15546875 0.3671875 0.028125 0.04375
1 0.18203125 0.3609375 0.025 0.0390625
3 0.1890625 0.36015625 0.0421875 0.05
3 0.1203125 0.3796875 0.040625 0.059375
1 0.259375 0.44921875 0.0375 0.059375
3 0.24921875 0.46796875 0.0734375 0.1046875
2 0.29140625 0.45 0.0390625 0.059375
3 0.3 0.48515625 0.0890625 0.13125
1 0.3296875 0.38125 0.034375 0.0578125
3 0.3234375 0.40625 0.065625 0.1140625
1 0.3484375 0.4296875 0.0359375 0.065625
3 0.3578125 0.45078125 0.0921875 0.1125
1 0.2859375 0.3796875 0.025 0.0484375
3 0.2890625 0.3875 0.0546875 0.071875
2 0.30234375 0.3421875 0.025 0.040625
2 0.315625 0.3234375 0.021875 0.0390625
3 0.32578125 0.33359375 0.040625 0.059375
1 0.37421875 0.37421875 0.025 0.040625
1 0.384375 0.38203125 0.0578125 0.065625
2 0.41875 0.37890625 0.0265625 0.0515625
3 0.4234375 0.40234375 0.06875 0.0984375
3 0.42578125 0.465625 0.09375 0.1390625
2 0.4859375 0.41953125 0.0421875 0.0703125
3 0.49453125 0.45390625 0.0921875 0.14375
1 0.5625 0.41015625 0.0390625 0.0703125
3 0.5640625 0.44609375 0.09375 0.1484375
2 0.45703125 0.31875 0.0234375 0.04375
3 0.4609375 0.33515625 0.04375 0.0734375
2 0.38359375 0.303125 0.01875 0.0328125
3 0.38671875 0.32109375 0.0515625 0.0765625
1 0.3609375 0.315625 0.0203125 0.0375
3 0.36015625 0.31875 0.0359375 0.0484375
2 0.39921875 0.29921875 0.01875 0.0328125
2 0.41640625 0.31875 0.025 0.04375
3 0.4171875 0.3390625 0.059375 0.0828125
1 0.48828125 0.3046875 0.0234375 0.0390625
3 0.48359375 0.31171875 0.0421875 0.059375
1 0.5015625 0.33046875 0.0203125 0.040625
3 0.5 0.33984375 0.05 0.0671875
2 0.5515625 0.33203125 0.025 0.04375
3 0.55546875 0.34453125 0.0453125 0.0765625
1 0.534375 0.375 0.0296875 0.0578125
3 0.52421875 0.38828125 0.0625 0.096875
2 0.60546875 0.29296875 0.021875 0.040625
3 0.60234375 0.30390625 0.0421875 0.0609375
2 0.64375 0.29375 0.021875 0.040625
2 0.6265625 0.29921875 0.021875 0.0390625
3 0.63359375 0.31796875 0.0515625 0.075
3 0.64609375 0.30078125 0.0328125 0.0546875
1 0.6703125 0.30703125 0.025 0.04375
3 0.6734375 0.3140625 0.0453125 0.0640625
1 0.71484375 0.28203125 0.0203125 0.0375
3 0.709375 0.29296875 0.0375 0.059375
1 0.703125 0.3265625 0.021875 0.034375
1 0.709375 0.35859375 0.03125 0.053125
3 0.69609375 0.3796875 0.0671875 0.0890625
1 0.73828125 0.3515625 0.0296875 0.0515625
2 0.75859375 0.36171875 0.0296875 0.0484375
2 0.78046875 0.3234375 0.0265625 0.05
2 0.80625 0.31796875 0.0234375 0.040625
1 0.8125 0.3703125 0.04375 0.0734375
3 0.7515625 0.390625 0.065625 0.1125
3 0.7828125 0.34453125 0.0484375 0.0890625
3 0.79921875 0.409375 0.10625 0.159375
2 0.8828125 0.40703125 0.0484375 0.078125
3 0.88125 0.45234375 0.1046875 0.1671875
2 0.94140625 0.38125 0.0484375 0.0796875
3 0.94375 0.4234375 0.10625 0.18125
2 0.50390625 0.28359375 0.0203125 0.0328125
3 0.50703125 0.296875 0.034375 0.059375