2 0.1375 0.42890625 0.0734375 0.1109375
1 0.36171875 0.496875 0.0765625 0.140625
2 0.43359375 0.4796875 0.05 0.0828125
2 0.6046875 0.51015625 0.053125 0.0859375
2 0.69296875 0.54921875 0.0484375 0.0796875
1 0.78203125 0.5890625 0.0578125 0.1
1 0.725 0.615625 0.078125 0.125
3 0.13671875 0.49296875 0.14375 0.221875
3 0.253125 0.5328125 0.1453125 0.234375
3 0.37421875 0.56015625 0.1859375 0.25625
3 0.43828125 0.5296875 0.096875 0.1703125
3 0.5875 0.553125 0.121875 0.184375
3 0.67421875 0.5875 0.10625 0.15625
3 0.70546875 0.66953125 0.1625 0.2421875
3 0.7828125 0.62421875 0.0828125 0.15625