1 0.12578125 0.50859375 0.059375 0.109375
2 0.2546875 0.50625 0.04921875 0.11015625
2 0.390625 0.496875 0.0515625 0.09140625
2 0.440625 0.49375 0.0359375 0.0796875
1 0.59765625 0.5015625 0.04453125 0.08515625
1 0.690625 0.54609375 0.03828125 0.0765625
2 0.7875 0.51328125 0.0390625 0.0796875
1 0.7515625 0.59296875 0.05859375 0.11484375
3 0.14140625 0.55859375 0.11015625 0.2015625
3 0.2515625 0.5671875 0.11875 0.215625
3 0.38515625 0.57109375 0.11953125 0.24140625
3 0.45 0.53203125 0.06640625 0.1515625
3 0.5921875 0.54609375 0.08203125 0.165625
0 0.68515625 0.56796875 0.08984375 0.13125
0 0.74140625 0.64375 0.13515625 0.2
3 0.79609375 0.5640625 0.0765625 0.1734375