2 0.18203125 0.59296875 0.0625 0.11875
1 0.27890625 0.56875 0.034375 0.0890625
2 0.31953125 0.58046875 0.0625 0.125
1 0.40234375 0.55390625 0.0453125 0.096875
1 0.575 0.56875 0.0390625 0.0796875
1 0.60078125 0.61875 0.053125 0.125
2 0.74765625 0.54375 0.0375 0.065625
1 0.8921875 0.603125 0.06875 0.1390625
0 0.40703125 0.59765625 0.090625 0.16875
0 0.5609375 0.60546875 0.084375 0.140625
3 0.178125 0.653125 0.140625 0.2296875
3 0.271875 0.596875 0.0640625 0.13125
3 0.31875 0.6546875 0.134375 0.253125
3 0.5953125 0.67890625 0.1375 0.2375
3 0.759375 0.65625 0.1265625 0.2703125
3 0.87578125 0.66796875 0.121875 0.24375