2 0.21640625 0.5796875 0.05625 0.10703125
1 0.27578125 0.5703125 0.03515625 0.09296875
2 0.3171875 0.59296875 0.05625 0.13359375
1 0.39765625 0.55703125 0.04609375 0.09609375
1 0.56640625 0.58359375 0.03359375 0.07421875
1 0.60078125 0.61953125 0.05703125 0.12421875
2 0.740625 0.56875 0.0640625 0.11640625
1 0.86171875 0.640625 0.0765625 0.11875
3 0.209375 0.646875 0.11953125 0.2296875
3 0.3171875 0.65625 0.14765625 0.24453125
3 0.59375 0.678125 0.14140625 0.23203125
3 0.7359375 0.65625 0.1390625 0.2796875
3 0.8578125 0.69140625 0.128125 0.203125
0 0.27890625 0.59921875 0.05234375 0.134375
0 0.40625 0.59609375 0.0921875 0.16640625
0 0.56015625 0.60625 0.096875 0.13359375
0 0.7875 0.609375 0.0546875 0.13359375