2 0.2078125 0.6578125 0.0890625 0.1296875
1 0.29609375 0.6203125 0.053125 0.1
2 0.34453125 0.615625 0.0859375 0.1265625
1 0.41796875 0.578125 0.0625 0.1015625
1 0.5875 0.55703125 0.0453125 0.0859375
2 0.6171875 0.5671875 0.075 0.11875
3 0.2171875 0.7140625 0.1828125 0.2515625
3 0.35390625 0.6875 0.1859375 0.2859375
3 0.2953125 0.640625 0.090625 0.140625
3 0.62734375 0.64765625 0.196875 0.2890625
3 0.77734375 0.59765625 0.1828125 0.3015625
3 0.8984375 0.58828125 0.16875 0.25625
0 0.4296875 0.61328125 0.11875 0.18125
0 0.57578125 0.58984375 0.1015625 0.15625