2 0.165625 0.61796875 0.075 0.1359375
1 0.3140625 0.65 0.0578125 0.11875
1 0.31953125 0.5796875 0.05 0.0703125
2 0.3890625 0.584375 0.04375 0.0953125
2 0.5671875 0.5578125 0.040625 0.0765625
1 0.66015625 0.5984375 0.0515625 0.0953125
1 0.78125 0.62109375 0.059375 0.1328125
1 0.9171875 0.6703125 0.0734375 0.128125
3 0.1765625 0.6765625 0.1390625 0.234375
3 0.321875 0.69921875 0.1359375 0.2
3 0.328125 0.5921875 0.0671875 0.08125
3 0.4078125 0.628125 0.103125 0.178125
3 0.54453125 0.61015625 0.08125 0.1859375
3 0.59140625 0.70234375 0.13125 0.2296875
3 0.66171875 0.6296875 0.0984375 0.1734375
3 0.775 0.690625 0.14375 0.24375
3 0.92734375 0.72109375 0.134375 0.1984375