1 0.203125 0.740625 0.0578125 0.08125
1 0.2609375 0.6921875 0.0640625 0.0921875
1 0.42890625 0.65 0.0609375 0.0890625
1 0.60234375 0.60390625 0.0546875 0.0796875
1 0.78671875 0.5421875 0.065625 0.096875
2 0.8828125 0.571875 0.0890625 0.1390625
0 0.2109375 0.76484375 0.1203125 0.1453125
3 0.284375 0.72578125 0.1265625 0.171875
3 0.36015625 0.7015625 0.1171875 0.16875
3 0.44296875 0.68671875 0.1328125 0.16875
3 0.621875 0.68125 0.1421875 0.25
3 0.7265625 0.6546875 0.1734375 0.2828125
3 0.7953125 0.5796875 0.1359375 0.1796875
3 0.9046875 0.6296875 0.190625 0.271875