1 0.228125 0.59609375 0.04375 0.090625
1 0.3453125 0.59921875 0.0484375 0.1
1 0.51953125 0.6203125 0.0484375 0.08125
1 0.625 0.6234375 0.046875 0.084375
2 0.75 0.61015625 0.0625 0.1234375
2 0.8703125 0.6328125 0.0640625 0.10625
3 0.22734375 0.625 0.1109375 0.140625
3 0.34765625 0.63515625 0.103125 0.1578125
3 0.5109375 0.65234375 0.1046875 0.1234375
3 0.62109375 0.6484375 0.1140625 0.1296875
3 0.7296875 0.69609375 0.1859375 0.28125
3 0.86953125 0.71171875 0.121875 0.265625
0 0.09921875 0.71640625 0.1671875 0.1875
0 0.24921875 0.73671875 0.15625 0.2125