1 0.23203125 0.60546875 0.04296875 0.09296875
1 0.3484375 0.60390625 0.046875 0.09609375
1 0.5234375 0.62265625 0.03828125 0.08203125
1 0.6265625 0.61875 0.04453125 0.078125
2 0.75390625 0.60078125 0.05859375 0.10625
2 0.87578125 0.61875 0.05703125 0.1015625
3 0.23125 0.63046875 0.09296875 0.13984375
3 0.3546875 0.634375 0.0890625 0.16796875
3 0.5171875 0.64375 0.10859375 0.13125
3 0.628125 0.640625 0.1078125 0.14453125
3 0.73125 0.6859375 0.16796875 0.28046875
3 0.87890625 0.703125 0.12265625 0.23515625
0 0.11015625 0.73359375 0.16640625 0.190625
0 0.2578125 0.74375 0.1453125 0.20390625