1 0.04609375 0.60546875 0.0421875 0.071875
1 0.084375 0.6375 0.0515625 0.10625
1 0.1390625 0.62578125 0.05390625 0.1109375
1 0.26015625 0.5890625 0.04453125 0.0890625
1 0.37265625 0.6140625 0.05703125 0.128125
1 0.4578125 0.55078125 0.03359375 0.08046875
1 0.6203125 0.52578125 0.0375 0.07421875
1 0.69765625 0.50625 0.03984375 0.08515625
1 0.66328125 0.56171875 0.04765625 0.11953125
1 0.91328125 0.52890625 0.06484375 0.11640625
3 0.03828125 0.6328125 0.05390625 0.1234375
3 0.06953125 0.68984375 0.13125 0.1984375
3 0.17265625 0.68125 0.12734375 0.21171875
3 0.275 0.615625 0.11171875 0.128125
3 0.38203125 0.6640625 0.15078125 0.20703125
3 0.46640625 0.5875 0.08671875 0.14140625
3 0.615625 0.56171875 0.0484375 0.13359375
3 0.6453125 0.61796875 0.10859375 0.228125
3 0.70078125 0.53984375 0.05234375 0.13515625
3 0.77109375 0.6171875 0.146875 0.225
3 0.79375 0.53359375 0.08359375 0.14921875
3 0.91484375 0.59765625 0.1515625 0.23984375