2 0.25390625 0.62265625 0.0578125 0.0859375
2 0.27265625 0.69765625 0.075 0.121875
2 0.36328125 0.60703125 0.0515625 0.075
2 0.49921875 0.57578125 0.0578125 0.0875
1 0.56640625 0.6796875 0.0796875 0.13125
2 0.615625 0.55703125 0.0640625 0.1109375
2 0.71953125 0.56484375 0.065625 0.1109375
1 0.8640625 0.6125 0.0765625 0.1234375
3 0.284375 0.76484375 0.1671875 0.2484375
3 0.271875 0.65625 0.1 0.1375
3 0.36953125 0.653125 0.1140625 0.1765625
3 0.50859375 0.6203125 0.1296875 0.1796875
3 0.57421875 0.72265625 0.175 0.228125
3 0.62109375 0.59765625 0.11875 0.190625
3 0.7421875 0.65078125 0.178125 0.2875
3 0.88984375 0.6515625 0.1671875 0.2265625
0 0.15703125 0.81015625 0.1859375 0.2421875