1 0.1046875 0.50078125 0.0359375 0.05
1 0.1484375 0.4640625 0.0296875 0.046875
1 0.2015625 0.5140625 0.040625 0.0609375
1 0.24140625 0.45859375 0.034375 0.05
1 0.27265625 0.3921875 0.025 0.040625
1 0.22109375 0.42109375 0.0296875 0.046875
2 0.31171875 0.4890625 0.046875 0.075
2 0.39609375 0.478125 0.0421875 0.0640625
1 0.3546875 0.478125 0.0375 0.065625
2 0.3859375 0.3765625 0.0265625 0.04375
2 0.43203125 0.40390625 0.028125 0.04375
1 0.4109375 0.36015625 0.0234375 0.03125
1 0.4359375 0.3453125 0.0234375 0.034375
1 0.4703125 0.34375 0.025 0.0421875
2 0.46484375 0.38515625 0.03125 0.046875
2 0.5015625 0.3265625 0.025 0.0390625
2 0.53828125 0.3375 0.0265625 0.04375
2 0.55625 0.30625 0.0203125 0.0328125
2 0.49765625 0.44296875 0.0421875 0.0609375
2 0.4984375 0.39609375 0.0328125 0.0484375
2 0.57265625 0.31640625 0.025 0.0390625
2 0.58515625 0.34296875 0.0234375 0.034375
1 0.5578125 0.39609375 0.0359375 0.059375
2 0.57578125 0.45078125 0.046875 0.0671875
2 0.6265625 0.4109375 0.0359375 0.046875
2 0.65703125 0.41796875 0.046875 0.075
1 0.68125 0.30078125 0.0203125 0.0328125
1 0.696875 0.30625 0.025 0.0375
2 0.71796875 0.3140625 0.0234375 0.0390625
1 0.7359375 0.29453125 0.025 0.0390625
1 0.76796875 0.309375 0.0296875 0.0453125
1 0.809375 0.27421875 0.0296875 0.0484375
1 0.8 0.3125 0.0328125 0.0484375
1 0.80234375 0.359375 0.03125 0.05
1 0.85859375 0.37265625 0.040625 0.0640625
1 0.92734375 0.32265625 0.0359375 0.0578125
1 0.9046875 0.36171875 0.0546875 0.0859375
3 0.90390625 0.3984375 0.1140625 0.1671875
3 0.84921875 0.396875 0.0765625 0.10625
0 0.79140625 0.375 0.0765625 0.0859375
3 0.80625 0.28203125 0.0484375 0.0625
3 0.7203125 0.32734375 0.05 0.075
3 0.66015625 0.4515625 0.09375 0.134375
3 0.63125 0.3578125 0.05625 0.084375
3 0.58046875 0.475 0.0828125 0.1171875
3 0.58359375 0.3578125 0.046875 0.059375
3 0.54140625 0.353125 0.0515625 0.075
3 0.5078125 0.47890625 0.0921875 0.140625
3 0.46640625 0.39765625 0.0515625 0.0765625
3 0.4390625 0.3484375 0.0390625 0.05
3 0.41171875 0.50703125 0.1109375 0.1359375
3 0.31640625 0.5171875 0.1109375 0.146875
0 0.20703125 0.52734375 0.0890625 0.1078125
0 0.10859375 0.50625 0.0671875 0.0796875
3 0.153125 0.4703125 0.0578125 0.06875
0 0.28125 0.39765625 0.0453125 0.0578125
3 0.253125 0.4734375 0.06875 0.09375
0 0.36015625 0.49296875 0.0703125 0.1
3 0.43984375 0.428125 0.053125 0.0984375
1 0.41171875 0.45 0.040625 0.0671875
3 0.39375 0.3875 0.0453125 0.0703125
3 0.625 0.43828125 0.065625 0.1125
3 0.69375 0.31953125 0.0453125 0.0625
3 0.9328125 0.33671875 0.05 0.0859375
3 0.51015625 0.3453125 0.0453125 0.078125
3 0.56171875 0.4125 0.075 0.1
3 0.5125 0.415625 0.0625 0.103125