1 0.13515625 0.51875 0.059375 0.10390625
1 0.24453125 0.53359375 0.05625 0.11484375
2 0.39453125 0.46953125 0.05390625 0.0984375
1 0.43046875 0.50546875 0.0359375 0.08125
2 0.6046875 0.4890625 0.0375 0.07421875
2 0.690625 0.521875 0.0421875 0.06875
2 0.79453125 0.5390625 0.04609375 0.08515625
1 0.7375 0.58046875 0.0546875 0.11875
3 0.14921875 0.5640625 0.10546875 0.18125
3 0.25703125 0.58203125 0.1265625 0.1953125
3 0.38515625 0.559375 0.12109375 0.26953125
0 0.446875 0.54296875 0.06953125 0.140625
3 0.58828125 0.54140625 0.09765625 0.171875
3 0.684375 0.55625 0.07890625 0.1359375
3 0.728125 0.63828125 0.13515625 0.21328125
3 0.79453125 0.575 0.07265625 0.15546875