2 0.21953125 0.578125 0.053125 0.10390625
1 0.2765625 0.56875 0.040625 0.090625
1 0.3171875 0.60546875 0.05859375 0.13359375
1 0.3984375 0.55546875 0.04609375 0.1
1 0.5703125 0.58125 0.0375 0.06328125
1 0.5984375 0.61953125 0.05234375 0.12421875
2 0.740625 0.56328125 0.05390625 0.10546875
0 0.7890625 0.61640625 0.06640625 0.1390625
0 0.28046875 0.60078125 0.0515625 0.1390625
0 0.4078125 0.596875 0.08671875 0.16015625
0 0.56171875 0.61171875 0.090625 0.12890625
3 0.2078125 0.646875 0.1171875 0.22890625
3 0.31640625 0.6609375 0.1453125 0.2359375
3 0.59296875 0.67578125 0.13984375 0.23046875
3 0.73359375 0.65234375 0.1390625 0.275
3 0.865625 0.6796875 0.1359375 0.23125