2 0.23359375 0.6125 0.0734375 0.1078125
1 0.2875 0.59296875 0.0484375 0.0859375
1 0.33515625 0.61640625 0.0734375 0.1453125
1 0.40859375 0.5703125 0.0625 0.103125
1 0.5796875 0.57578125 0.0453125 0.0671875
1 0.61484375 0.60546875 0.071875 0.13125
2 0.7421875 0.5390625 0.0796875 0.1203125
1 0.78203125 0.53671875 0.0421875 0.075
3 0.23125 0.6828125 0.146875 0.2453125
3 0.33671875 0.6765625 0.1734375 0.2453125
3 0.61328125 0.66328125 0.165625 0.2515625
3 0.7515625 0.62109375 0.1671875 0.2859375
3 0.88203125 0.634375 0.1671875 0.2390625
0 0.2890625 0.625 0.0640625 0.1390625
0 0.4203125 0.60703125 0.10625 0.16875
0 0.5734375 0.60234375 0.1046875 0.1359375
0 0.79921875 0.575 0.0703125 0.1359375