1 0.12734375 0.590625 0.05625 0.084375
1 0.3765625 0.59765625 0.0640625 0.09375
1 0.54140625 0.66484375 0.0546875 0.0734375
1 0.7328125 0.659375 0.0578125 0.0875
1 0.653125 0.7203125 0.08125 0.1375
0 0.20546875 0.63359375 0.115625 0.13125
0 0.2828125 0.6578125 0.1015625 0.103125
0 0.52734375 0.6890625 0.1234375 0.134375
0 0.80859375 0.8375 0.1875 0.215625
0 0.121875 0.61484375 0.1171875 0.14375
3 0.3734375 0.640625 0.1171875 0.1703125
3 0.64140625 0.7765625 0.2 0.26875
3 0.7265625 0.69375 0.115625 0.1625