1 0.1484375 0.5234375 0.075 0.1109375
1 0.26328125 0.5421875 0.071875 0.1125
2 0.38359375 0.4796875 0.0671875 0.115625
2 0.35390625 0.64921875 0.0546875 0.08125
2 0.6140625 0.45625 0.0484375 0.0828125
2 0.70546875 0.471875 0.0453125 0.0734375
2 0.76171875 0.5 0.0625 0.10625
1 0.79375 0.47421875 0.046875 0.0859375
3 0.15703125 0.56953125 0.1515625 0.2109375
3 0.2765625 0.58671875 0.1359375 0.1984375
3 0.39921875 0.55625 0.175 0.265625
3 0.44921875 0.51953125 0.0890625 0.165625
3 0.60390625 0.5109375 0.125 0.1765625
3 0.70078125 0.51171875 0.1046875 0.153125
3 0.75390625 0.57265625 0.1625 0.2328125
3 0.809375 0.51328125 0.0828125 0.1625