1 0.1703125 0.6984375 0.046875 0.0796875
1 0.4078125 0.63203125 0.0515625 0.09375
1 0.58828125 0.64609375 0.0546875 0.0734375
1 0.76875 0.5796875 0.05625 0.0875
1 0.71171875 0.6625 0.0765625 0.1375
0 0.25703125 0.71328125 0.1140625 0.1328125
0 0.33671875 0.7109375 0.0984375 0.109375
0 0.58125 0.671875 0.1140625 0.1296875
0 0.89140625 0.72734375 0.1734375 0.1984375
0 0.17421875 0.721875 0.1140625 0.1421875
3 0.4203125 0.671875 0.1078125 0.16875
3 0.71640625 0.72578125 0.19375 0.2671875
3 0.77578125 0.615625 0.115625 0.178125