1 0.22734375 0.59921875 0.0421875 0.08125
1 0.3453125 0.59140625 0.04375 0.090625
1 0.52109375 0.62421875 0.0390625 0.08125
1 0.6265625 0.61796875 0.046875 0.0875
2 0.7515625 0.60859375 0.05625 0.1125
2 0.8703125 0.625 0.0640625 0.1046875
0 0.1046875 0.72421875 0.1640625 0.1796875
0 0.253125 0.74453125 0.15 0.20625
3 0.23046875 0.62734375 0.115625 0.1421875
3 0.3515625 0.6359375 0.0953125 0.1609375
3 0.51953125 0.64140625 0.109375 0.1421875
3 0.62265625 0.64921875 0.1015625 0.128125
3 0.73046875 0.68515625 0.1703125 0.2875
3 0.87578125 0.69375 0.1203125 0.271875