1 0.2484375 0.6375 0.053125 0.09375
1 0.3609375 0.61875 0.0578125 0.0984375
1 0.5390625 0.61484375 0.0484375 0.0828125
1 0.640625 0.60234375 0.0546875 0.0859375
2 0.76484375 0.571875 0.071875 0.1171875
2 0.8890625 0.57734375 0.0703125 0.1125
0 0.13359375 0.77890625 0.1703125 0.196875
0 0.28828125 0.77265625 0.1703125 0.225
3 0.24609375 0.66484375 0.109375 0.146875
3 0.37265625 0.65546875 0.1125 0.1671875
3 0.5375 0.6375 0.125 0.1453125
3 0.6421875 0.634375 0.1140625 0.1421875
3 0.75546875 0.65625 0.2046875 0.296875
3 0.9 0.65234375 0.14375 0.2578125