2 0.1703125 0.52265625 0.0875 0.11875
1 0.26875 0.5234375 0.053125 0.0859375
2 0.3125 0.54140625 0.0796875 0.125
1 0.39375 0.534375 0.059375 0.0953125
1 0.5625 0.584375 0.05 0.078125
1 0.5765625 0.63671875 0.0765625 0.128125
1 0.734375 0.61953125 0.08125 0.1375
1 0.834375 0.71875 0.0921875 0.14375
3 0.15234375 0.58203125 0.1796875 0.246875
3 0.28984375 0.6125 0.184375 0.2765625
3 0.55625 0.696875 0.184375 0.2625
3 0.7109375 0.69375 0.18125 0.303125
3 0.82421875 0.7625 0.171875 0.2328125
0 0.25703125 0.5453125 0.0859375 0.153125
0 0.390625 0.5703125 0.121875 0.1828125
0 0.5375 0.61328125 0.10625 0.15