1 0.21484375 0.5421875 0.05625 0.0953125
1 0.33359375 0.55859375 0.06875 0.0984375
1 0.49609375 0.62109375 0.0625 0.0859375
1 0.6046875 0.64375 0.0609375 0.0921875
2 0.7234375 0.6578125 0.078125 0.1203125
2 0.83671875 0.6984375 0.078125 0.1109375
3 0.19765625 0.5640625 0.115625 0.159375
3 0.328125 0.59375 0.1234375 0.190625
3 0.4859375 0.64453125 0.1359375 0.1703125
3 0.58984375 0.6671875 0.128125 0.159375
3 0.684375 0.73671875 0.225 0.30625
3 0.82578125 0.7765625 0.165625 0.2671875
0 0.08828125 0.6375 0.1765625 0.209375
0 0.20703125 0.68359375 0.1765625 0.2265625