1 0.06484375 0.60703125 0.06015625 0.12109375
1 0.19609375 0.61171875 0.0578125 0.11796875
1 0.29296875 0.546875 0.0421875 0.08046875
1 0.47890625 0.5296875 0.03671875 0.0890625
1 0.6671875 0.53203125 0.05859375 0.13671875
1 0.73828125 0.46875 0.04609375 0.0890625
1 0.83515625 0.45546875 0.04609375 0.09609375
1 0.9703125 0.50546875 0.05625 0.140625
3 0.08828125 0.65546875 0.12421875 0.21875
3 0.21015625 0.65859375 0.12265625 0.1984375
3 0.3046875 0.58203125 0.09609375 0.140625
3 0.41015625 0.6265625 0.14140625 0.2359375
3 0.4890625 0.6734375 0.08359375 0.36953125
3 0.66953125 0.60390625 0.13046875 0.278125
3 0.734375 0.525 0.0796875 0.19453125
3 0.81015625 0.58203125 0.159375 0.2640625
3 0.84453125 0.50546875 0.084375 0.17109375
3 0.94453125 0.5796875 0.11015625 0.26328125