1 0.1484375 0.63046875 0.04921875 0.0890625
2 0.23515625 0.59375 0.04765625 0.0890625
1 0.3921875 0.60546875 0.046875 0.08671875
2 0.69453125 0.56875 0.04609375 0.090625
2 0.78828125 0.590625 0.05 0.09609375
0 0.153125 0.65625 0.103125 0.125
3 0.23515625 0.640625 0.10859375 0.17109375
3 0.32265625 0.62890625 0.07734375 0.16328125
3 0.4046875 0.6515625 0.10078125 0.1609375
3 0.57265625 0.640625 0.11015625 0.15859375
3 0.68203125 0.625 0.09921875 0.18515625
3 0.78046875 0.63046875 0.09765625 0.16640625
3 0.890625 0.71796875 0.1953125 0.2734375