2 0.26015625 0.66640625 0.0515625 0.0765625
2 0.2859375 0.721875 0.065625 0.1125
1 0.365625 0.65234375 0.05625 0.0859375
2 0.4921875 0.628125 0.0484375 0.0859375
2 0.6078125 0.60390625 0.0515625 0.09375
2 0.55390625 0.69921875 0.05625 0.1109375
2 0.72109375 0.62578125 0.0640625 0.109375
1 0.865625 0.67578125 0.071875 0.1140625
0 0.15078125 0.83203125 0.178125 0.221875
3 0.28671875 0.7875 0.153125 0.2421875
3 0.26015625 0.70859375 0.075 0.1546875
3 0.36875 0.6953125 0.103125 0.1609375
3 0.50703125 0.66640625 0.0890625 0.1609375
3 0.5640625 0.76484375 0.16875 0.2375
3 0.61875 0.65 0.103125 0.1765625
3 0.7375 0.70390625 0.1546875 0.2703125
3 0.8859375 0.71640625 0.146875 0.19375