1 0.159375 0.6734375 0.0453125 0.0828125
1 0.4 0.625 0.046875 0.090625
1 0.57890625 0.6515625 0.0453125 0.071875
1 0.76484375 0.60234375 0.05 0.0875
1 0.69453125 0.67578125 0.0703125 0.134375
0 0.1609375 0.69921875 0.103125 0.125
3 0.4078125 0.6625 0.096875 0.1625
3 0.69765625 0.7375 0.1765625 0.253125
3 0.7671875 0.64140625 0.1015625 0.165625
0 0.24453125 0.696875 0.109375 0.1265625
0 0.321875 0.70078125 0.09375 0.1015625
0 0.56953125 0.67578125 0.109375 0.1203125
0 0.8765625 0.75234375 0.16875 0.1953125