1 0.2015625 0.496875 0.0390625 0.065625
0 0.2046875 0.5078125 0.0828125 0.0984375
1 0.103125 0.48125 0.0359375 0.05625
0 0.1046875 0.48671875 0.0609375 0.075
1 0.24453125 0.44921875 0.0265625 0.04375
3 0.25703125 0.46796875 0.0640625 0.09375
1 0.15078125 0.4453125 0.0296875 0.0484375
3 0.15234375 0.45078125 0.05625 0.0671875
2 0.2359375 0.3984375 0.0265625 0.0421875
3 0.24375 0.41484375 0.0640625 0.0890625
1 0.28046875 0.38359375 0.0265625 0.0421875
3 0.284375 0.38671875 0.0421875 0.05625
2 0.3125 0.48828125 0.0421875 0.065625
3 0.3125 0.51484375 0.0984375 0.13125
2 0.4046875 0.4625 0.040625 0.06875
3 0.40859375 0.49609375 0.1078125 0.140625
2 0.51796875 0.45 0.040625 0.065625
3 0.51328125 0.484375 0.09375 0.140625
2 0.571875 0.4546875 0.0375 0.0734375
3 0.58203125 0.47890625 0.084375 0.1265625
2 0.65859375 0.42734375 0.04375 0.071875
3 0.66171875 0.4546875 0.09375 0.1421875
1 0.353125 0.46875 0.0375 0.0609375
1 0.371875 0.41953125 0.03125 0.05
3 0.378125 0.4359375 0.0640625 0.096875
3 0.44453125 0.428125 0.0671875 0.09375
2 0.509375 0.3953125 0.0328125 0.0546875
3 0.51015625 0.41484375 0.0671875 0.103125
1 0.56640625 0.40546875 0.03125 0.0484375
0 0.5671875 0.421875 0.071875 0.090625
1 0.6171875 0.3890625 0.0328125 0.059375
1 0.63359375 0.34921875 0.0265625 0.046875
3 0.640625 0.3640625 0.0546875 0.08125
1 0.59296875 0.35234375 0.025 0.04375
3 0.58984375 0.36015625 0.046875 0.05625
2 0.5453125 0.33984375 0.025 0.0421875
3 0.5484375 0.35703125 0.046875 0.071875
2 0.51640625 0.36328125 0.0265625 0.0390625
3 0.528125 0.38515625 0.05 0.0875
2 0.4609375 0.38359375 0.028125 0.04375
3 0.46953125 0.396875 0.053125 0.075
2 0.39140625 0.3703125 0.0234375 0.0390625
3 0.4 0.38203125 0.0421875 0.0671875
2 0.4015625 0.34609375 0.021875 0.0359375
3 0.40859375 0.35859375 0.040625 0.0734375
1 0.4453125 0.33828125 0.021875 0.0375
3 0.44765625 0.34296875 0.0390625 0.0515625
1 0.478125 0.34375 0.0234375 0.0421875
3 0.4765625 0.3453125 0.0453125 0.0640625
2 0.51015625 0.3296875 0.0234375 0.0359375
1 0.57421875 0.3234375 0.0234375 0.0375
1 0.7046875 0.3171875 0.025 0.0421875
3 0.7046875 0.32578125 0.0453125 0.0609375
1 0.74609375 0.3078125 0.021875 0.0390625
3 0.7265625 0.34296875 0.0453125 0.075
2 0.8125 0.28359375 0.025 0.040625
3 0.81640625 0.2984375 0.053125 0.0703125
3 0.76953125 0.33203125 0.0546875 0.0640625
1 0.81640625 0.33671875 0.0265625 0.0390625
0 0.80234375 0.3515625 0.0640625 0.0703125
0 0.803125 0.3890625 0.078125 0.0828125
1 0.840625 0.35703125 0.03125 0.05625
1 0.865625 0.390625 0.0375 0.0625
1 0.9375 0.34921875 0.0328125 0.05
2 0.90546875 0.37734375 0.04375 0.06875
3 0.91171875 0.4203125 0.1015625 0.15625
0 0.3609375 0.48515625 0.0671875 0.103125
3 0.5734375 0.340625 0.0421875 0.0765625
1 0.63828125 0.41875 0.03125 0.05625
3 0.61484375 0.4078125 0.0578125 0.0953125
3 0.853125 0.4140625 0.0765625 0.1109375