2 0.1796875 0.53828125 0.0875 0.121875
1 0.28046875 0.540625 0.0578125 0.08125
2 0.33125 0.54140625 0.0765625 0.11875
2 0.39921875 0.52109375 0.0609375 0.0875
1 0.553125 0.5921875 0.0484375 0.0828125
1 0.58046875 0.62109375 0.071875 0.1265625
1 0.7453125 0.62421875 0.0484375 0.0828125
2 0.790625 0.62734375 0.078125 0.1265625
1 0.9359375 0.71484375 0.0828125 0.1390625
3 0.1671875 0.5953125 0.1671875 0.24375
3 0.3171875 0.61328125 0.1671875 0.271875
3 0.2765625 0.56328125 0.08125 0.128125
3 0.39765625 0.5703125 0.1140625 0.203125
3 0.56328125 0.68515625 0.1890625 0.278125
3 0.76796875 0.70078125 0.190625 0.296875
3 0.903125 0.765625 0.15 0.2375
0 0.5375 0.615625 0.1015625 0.15
0 0.725 0.65 0.1125 0.1546875