1 0.23515625 0.6140625 0.04375 0.08125
1 0.3546875 0.60390625 0.0515625 0.0953125
1 0.52734375 0.61796875 0.046875 0.0859375
1 0.6296875 0.61171875 0.0453125 0.1015625
2 0.75703125 0.58515625 0.0609375 0.115625
2 0.8765625 0.60546875 0.0578125 0.1
0 0.1171875 0.7421875 0.1578125 0.2015625
0 0.265625 0.75234375 0.1515625 0.2109375
3 0.23515625 0.640625 0.0984375 0.1359375
3 0.35859375 0.64140625 0.103125 0.175
3 0.52421875 0.64453125 0.1140625 0.14375
3 0.628125 0.64453125 0.1109375 0.1359375
3 0.7375 0.684375 0.1828125 0.284375
3 0.88515625 0.68828125 0.1328125 0.2578125