2 0.13203125 0.47421875 0.05546875 0.10546875
2 0.25625 0.50703125 0.05390625 0.11171875
2 0.38828125 0.48515625 0.05 0.10546875
2 0.4390625 0.490625 0.0375 0.07421875
0 0.60234375 0.578125 0.1046875 0.12578125
0 0.703125 0.58046875 0.0953125 0.11328125
0 0.74375 0.66875 0.16484375 0.1734375
0 0.81640625 0.6109375 0.10390625 0.11796875
3 0.134375 0.5421875 0.13984375 0.2234375
3 0.2484375 0.559375 0.12421875 0.21953125
3 0.3875 0.56328125 0.1203125 0.24453125
3 0.45234375 0.53359375 0.0609375 0.153125