1 0.26015625 0.65859375 0.0625 0.096875
1 0.37265625 0.63046875 0.0671875 0.09375
1 0.54765625 0.61171875 0.0578125 0.08125
1 0.65234375 0.5890625 0.0640625 0.0890625
2 0.77109375 0.54375 0.0828125 0.1296875
2 0.8890625 0.5390625 0.075 0.115625
0 0.16953125 0.81484375 0.196875 0.215625
0 0.31484375 0.79609375 0.18125 0.221875
3 0.26875 0.69140625 0.1359375 0.1671875
3 0.384375 0.665625 0.1296875 0.178125
3 0.54765625 0.6375 0.1328125 0.15
3 0.653125 0.6140625 0.1328125 0.1390625
3 0.771875 0.6375 0.228125 0.3
3 0.91015625 0.62109375 0.175 0.2703125