1 0.0859375 0.48828125 0.0625 0.11875
1 0.240625 0.503125 0.0578125 0.109375
2 0.37578125 0.45390625 0.05703125 0.10703125
2 0.4109375 0.45546875 0.02890625 0.06640625
2 0.59765625 0.46171875 0.040625 0.08125
2 0.684375 0.4796875 0.0359375 0.07421875
2 0.7734375 0.4890625 0.03671875 0.07421875
2 0.73828125 0.51015625 0.05625 0.10546875
0 0.1171875 0.5265625 0.1375 0.18359375
3 0.25 0.54375 0.11640625 0.184375
3 0.37421875 0.53203125 0.15390625 0.25
3 0.43203125 0.50078125 0.07421875 0.165625
3 0.58515625 0.50859375 0.10078125 0.16015625
3 0.6796875 0.52265625 0.08203125 0.14921875
3 0.7265625 0.58125 0.13828125 0.2265625
3 0.78046875 0.53046875 0.0609375 0.15703125