1 0.2328125 0.60390625 0.03984375 0.08125
1 0.34453125 0.609375 0.03984375 0.08125
1 0.5234375 0.61953125 0.0375 0.07578125
1 0.6265625 0.60546875 0.04140625 0.08515625
2 0.75078125 0.60390625 0.05078125 0.11875
2 0.87265625 0.61875 0.05390625 0.09296875
3 0.23515625 0.628125 0.10625 0.13515625
3 0.34921875 0.63515625 0.1015625 0.15703125
3 0.51640625 0.64296875 0.10859375 0.13125
3 0.62421875 0.63984375 0.0953125 0.1390625
3 0.7328125 0.68203125 0.16953125 0.28125
3 0.88125 0.6984375 0.11953125 0.246875
0 0.10703125 0.73046875 0.16953125 0.1796875
0 0.259375 0.74140625 0.14453125 0.2015625