1 0.0375 0.44453125 0.065625 0.1171875
1 0.19765625 0.46796875 0.0640625 0.1140625
2 0.33046875 0.4328125 0.0609375 0.1125
2 0.37578125 0.43671875 0.0390625 0.065625
2 0.5578125 0.446875 0.0453125 0.0765625
2 0.69609375 0.5140625 0.0546875 0.10625
0 0.07421875 0.48828125 0.1484375 0.2015625
3 0.20703125 0.51484375 0.128125 0.196875
3 0.3390625 0.50078125 0.159375 0.25625
3 0.3921875 0.4875 0.0796875 0.159375
3 0.546875 0.5015625 0.1046875 0.175
3 0.63359375 0.525 0.0859375 0.15
3 0.68125 0.5734375 0.1421875 0.225
3 0.7390625 0.54296875 0.0609375 0.1515625