2 0.21484375 0.58046875 0.0546875 0.1109375
1 0.27890625 0.5703125 0.04765625 0.09296875
2 0.33515625 0.57421875 0.05625 0.10703125
1 0.40078125 0.55703125 0.04765625 0.09609375
1 0.56796875 0.58828125 0.03828125 0.06875
1 0.603125 0.61640625 0.0578125 0.1296875
1 0.72578125 0.58984375 0.05859375 0.128125
1 0.76953125 0.5703125 0.04453125 0.09296875
2 0.86328125 0.60546875 0.06640625 0.121875
3 0.2109375 0.64453125 0.12421875 0.225
3 0.33828125 0.6453125 0.12890625 0.24453125
3 0.5890625 0.67734375 0.13515625 0.23984375
3 0.73046875 0.6609375 0.13359375 0.26015625
3 0.86015625 0.67109375 0.13203125 0.234375
3 0.771875 0.61171875 0.06171875 0.14609375
0 0.284375 0.603125 0.06484375 0.13515625
0 0.409375 0.5984375 0.08359375 0.16171875
0 0.55859375 0.61640625 0.08046875 0.13203125