1 0.15625 0.6671875 0.0453125 0.0828125
1 0.21953125 0.634375 0.04375 0.0828125
1 0.4 0.628125 0.046875 0.0828125
2 0.571875 0.59609375 0.0359375 0.0703125
1 0.76640625 0.6 0.0484375 0.0953125
2 0.83359375 0.6125 0.0640625 0.1203125
0 0.15625 0.68984375 0.096875 0.1296875
3 0.234375 0.67109375 0.1015625 0.1609375
3 0.3140625 0.671875 0.084375 0.1578125
3 0.39921875 0.665625 0.103125 0.1484375
3 0.56875 0.64375 0.0953125 0.171875
3 0.67890625 0.70625 0.1328125 0.2609375
3 0.765625 0.63359375 0.0953125 0.1578125
3 0.834375 0.69375 0.190625 0.2734375