1 0.20546875 0.73984375 0.05625 0.08125
1 0.2765625 0.7140625 0.0609375 0.0890625
1 0.4328125 0.63359375 0.0609375 0.1
2 0.6015625 0.621875 0.0546875 0.0859375
1 0.90390625 0.6046875 0.096875 0.1421875
1 0.7296875 0.63125 0.090625 0.140625
0 0.209375 0.76484375 0.1265625 0.146875
3 0.44765625 0.675 0.1375 0.1875
3 0.60078125 0.65078125 0.1296875 0.1515625
3 0.740625 0.68515625 0.215625 0.275
0 0.2875 0.7390625 0.13125 0.1421875
0 0.36953125 0.734375 0.1046875 0.0984375
0 0.79921875 0.59140625 0.121875 0.146875
0 0.90625 0.65078125 0.1875 0.2546875