2 0.16953125 0.63046875 0.071875 0.13359375
1 0.321875 0.590625 0.0453125 0.06328125
1 0.31953125 0.65859375 0.05546875 0.11484375
2 0.39453125 0.58828125 0.04609375 0.08671875
2 0.56953125 0.55546875 0.03984375 0.07421875
1 0.66328125 0.59453125 0.04140625 0.0984375
1 0.78515625 0.628125 0.06171875 0.13359375
1 0.925 0.65078125 0.0703125 0.11953125
3 0.17734375 0.690625 0.1296875 0.225
3 0.3265625 0.70859375 0.12578125 0.1890625
3 0.325 0.60234375 0.07890625 0.084375
3 0.41640625 0.6328125 0.09140625 0.165625
3 0.54765625 0.60390625 0.0875 0.175
3 0.596875 0.7046875 0.12265625 0.2203125
3 0.67109375 0.62890625 0.1 0.16875
3 0.78125 0.68203125 0.14140625 0.240625
3 0.93046875 0.69921875 0.1375 0.21640625