2 0.171875 0.54765625 0.08125 0.1296875
1 0.2703125 0.53984375 0.05 0.084375
2 0.3109375 0.54921875 0.075 0.1265625
1 0.39453125 0.54296875 0.053125 0.1015625
1 0.55859375 0.58203125 0.0421875 0.084375
2 0.58515625 0.6015625 0.0671875 0.1125
0 0.5390625 0.60703125 0.0875 0.15
0 0.3953125 0.58125 0.109375 0.18125
3 0.16015625 0.6046875 0.16875 0.2546875
3 0.29921875 0.6296875 0.1734375 0.275
3 0.25703125 0.56484375 0.0828125 0.13125
3 0.5671875 0.684375 0.1796875 0.2859375
3 0.72890625 0.6875 0.1671875 0.29375
3 0.8421875 0.7234375 0.1546875 0.246875