1 0.2578125 0.6546875 0.059375 0.0953125
1 0.37109375 0.63125 0.065625 0.096875
1 0.54765625 0.61640625 0.0609375 0.0921875
1 0.6484375 0.58828125 0.059375 0.0953125
2 0.76875 0.55546875 0.0828125 0.13125
2 0.88828125 0.5453125 0.075 0.1140625
3 0.25859375 0.678125 0.1234375 0.14375
3 0.38203125 0.66328125 0.121875 0.1796875
3 0.5421875 0.63984375 0.13125 0.14375
3 0.64921875 0.61640625 0.1296875 0.1625
3 0.7625 0.63359375 0.21875 0.2984375
3 0.90390625 0.62265625 0.1703125 0.2828125
0 0.15859375 0.796875 0.196875 0.209375
0 0.31015625 0.7859375 0.171875 0.2234375