2 0.090625 0.61015625 0.08125 0.1375
2 0.23359375 0.5796875 0.0546875 0.0953125
2 0.35 0.57109375 0.0484375 0.08125
2 0.478125 0.57265625 0.0484375 0.0828125
1 0.5 0.70546875 0.065625 0.1140625
2 0.60625 0.571875 0.05 0.090625
2 0.696875 0.6203125 0.0546875 0.1078125
2 0.83671875 0.6546875 0.0609375 0.121875
0 0.20546875 0.73671875 0.159375 0.20625
3 0.0953125 0.67578125 0.146875 0.275
3 0.2375 0.61640625 0.1 0.1765625
3 0.33828125 0.61484375 0.10625 0.18125
3 0.484375 0.621875 0.103125 0.16875
0 0.5203125 0.74453125 0.15 0.2078125
3 0.59765625 0.6203125 0.115625 0.190625
3 0.69609375 0.696875 0.1421875 0.275
3 0.84296875 0.71875 0.153125 0.25