2 0.2171875 0.58125 0.05859375 0.11484375
1 0.27578125 0.5703125 0.05078125 0.08515625
2 0.3296875 0.5765625 0.05625 0.11875
1 0.40078125 0.56015625 0.04296875 0.09453125
1 0.56640625 0.58046875 0.03125 0.06875
1 0.60078125 0.61484375 0.05859375 0.13359375
1 0.725 0.58359375 0.0609375 0.12578125
1 0.77265625 0.58046875 0.04375 0.090625
2 0.86328125 0.60546875 0.06484375 0.11640625
3 0.2109375 0.64609375 0.11875 0.228125
3 0.3375 0.64453125 0.12890625 0.24609375
3 0.5921875 0.67578125 0.13828125 0.24296875
3 0.72890625 0.66171875 0.13359375 0.25
3 0.859375 0.67109375 0.13203125 0.240625
0 0.28203125 0.6 0.06328125 0.13125
0 0.40859375 0.5984375 0.0828125 0.15703125
0 0.55703125 0.61015625 0.07890625 0.12578125