1 0.2328125 0.60546875 0.046875 0.0890625
1 0.35 0.6 0.05078125 0.09453125
1 0.52421875 0.61875 0.0453125 0.078125
1 0.628125 0.61875 0.0453125 0.0890625
2 0.75078125 0.60390625 0.05703125 0.12578125
2 0.87578125 0.61875 0.05859375 0.109375
0 0.11015625 0.73125 0.16328125 0.1953125
0 0.259375 0.74375 0.14453125 0.20390625
3 0.2296875 0.628125 0.10390625 0.1296875
3 0.353125 0.6296875 0.0890625 0.171875
3 0.51875 0.64296875 0.10859375 0.1265625
3 0.628125 0.64140625 0.0984375 0.14921875
3 0.73203125 0.6875 0.16484375 0.28203125
3 0.87421875 0.7015625 0.11953125 0.2484375