2 0.16796875 0.53125 0.0875 0.125
1 0.26640625 0.5296875 0.0515625 0.0875
2 0.30703125 0.5453125 0.0828125 0.134375
1 0.3921875 0.53359375 0.0625 0.1046875
1 0.56171875 0.58125 0.0453125 0.0734375
1 0.5734375 0.6328125 0.0734375 0.1296875
2 0.73359375 0.59296875 0.0515625 0.075
1 0.8671875 0.67890625 0.0890625 0.1390625
3 0.15703125 0.58671875 0.1796875 0.25
3 0.25703125 0.5484375 0.0875 0.1390625
3 0.2921875 0.61953125 0.18125 0.2796875
3 0.559375 0.6953125 0.18125 0.2609375
3 0.7265625 0.7046875 0.18125 0.290625
3 0.83984375 0.74296875 0.171875 0.278125
0 0.39140625 0.57421875 0.11875 0.1859375
0 0.54453125 0.615625 0.11875 0.159375