1 0.09921875 0.62734375 0.05625 0.078125
1 0.090625 0.6859375 0.084375 0.1234375
1 0.209375 0.65234375 0.0828125 0.1203125
1 0.30546875 0.5828125 0.05625 0.0875
1 0.4 0.6109375 0.0859375 0.1484375
1 0.48125 0.53203125 0.053125 0.090625
1 0.6734375 0.503125 0.084375 0.1515625
2 0.72421875 0.41875 0.0640625 0.1
1 0.8203125 0.39375 0.0578125 0.109375
1 0.95703125 0.41484375 0.0859375 0.1578125
3 0.1265625 0.73671875 0.1625 0.234375
3 0.240625 0.7078125 0.1609375 0.2265625
3 0.12734375 0.65859375 0.103125 0.1359375
3 0.3203125 0.615625 0.11875 0.1515625
3 0.41484375 0.6625 0.196875 0.25625
3 0.49765625 0.5671875 0.125 0.165625
3 0.68671875 0.571875 0.184375 0.2828125
3 0.7359375 0.46953125 0.1078125 0.19375
3 0.81484375 0.51171875 0.2 0.309375
3 0.8453125 0.43828125 0.10625 0.1984375
3 0.93671875 0.5 0.1265625 0.275