1 0.15546875 0.58125 0.0796875 0.1328125
1 0.3078125 0.56796875 0.0515625 0.071875
1 0.2984375 0.63515625 0.0703125 0.115625
1 0.378125 0.61328125 0.05625 0.0953125
2 0.5453125 0.5625 0.0484375 0.0796875
1 0.64765625 0.61484375 0.0546875 0.1015625
1 0.76328125 0.6578125 0.071875 0.1359375
1 0.9 0.71328125 0.078125 0.1265625
3 0.15546875 0.6453125 0.1625 0.2375
3 0.2984375 0.6875 0.1484375 0.2078125
3 0.3203125 0.57890625 0.08125 0.1078125
3 0.38984375 0.64453125 0.1203125 0.146875
3 0.52890625 0.621875 0.1015625 0.209375
3 0.5671875 0.71328125 0.153125 0.234375
3 0.65 0.65390625 0.1078125 0.1640625
3 0.7578125 0.72265625 0.16875 0.271875
3 0.9046875 0.7640625 0.15 0.21875