1 0.1375 0.50546875 0.0625 0.10703125
2 0.2703125 0.4984375 0.05 0.10859375
2 0.4390625 0.47890625 0.0375 0.08359375
2 0.6171875 0.48984375 0.034375 0.090625
2 0.70546875 0.50546875 0.0390625 0.071875
2 0.76015625 0.55859375 0.05546875 0.11875
3 0.140625 0.55234375 0.14140625 0.19140625
3 0.26953125 0.55390625 0.11796875 0.21328125
3 0.3859375 0.55703125 0.1625 0.24453125
3 0.44453125 0.52578125 0.0625 0.1609375
3 0.60078125 0.53125 0.10234375 0.16171875
3 0.7 0.54765625 0.0765625 0.14375
3 0.74140625 0.61875 0.13984375 0.23203125
3 0.8046875 0.55859375 0.06640625 0.1640625