2 0.24296875 0.6265625 0.0453125 0.084375
1 0.36015625 0.6140625 0.0578125 0.0984375
1 0.53359375 0.6171875 0.05 0.0796875
1 0.64609375 0.60625 0.053125 0.084375
2 0.75859375 0.57109375 0.06875 0.1203125
2 0.88515625 0.590625 0.071875 0.1046875
3 0.2421875 0.65390625 0.1109375 0.1453125
3 0.36171875 0.64296875 0.103125 0.1671875
3 0.53125 0.6390625 0.1171875 0.1328125
3 0.6375 0.62578125 0.109375 0.1515625
3 0.7484375 0.6609375 0.1984375 0.2953125
3 0.896875 0.66796875 0.1546875 0.2671875
0 0.13203125 0.7671875 0.175 0.19375
0 0.2828125 0.77890625 0.15 0.1875