1 0.15078125 0.6546875 0.04296875 0.07578125
1 0.21875 0.62578125 0.04375 0.0890625
2 0.30078125 0.61640625 0.04609375 0.078125
1 0.40078125 0.61953125 0.040625 0.08671875
2 0.56953125 0.63046875 0.03984375 0.071875
1 0.7609375 0.63046875 0.04453125 0.08125
3 0.86015625 0.740625 0.13984375 0.225
3 0.76015625 0.65625 0.08984375 0.1359375
3 0.671875 0.70703125 0.12734375 0.26484375
3 0.56953125 0.70859375 0.084375 0.2359375
3 0.4 0.6625 0.09140625 0.15859375
3 0.31328125 0.65625 0.08671875 0.15625
3 0.23203125 0.66796875 0.0875 0.1515625
0 0.14921875 0.678125 0.09140625 0.12578125