2 0.20859375 0.540625 0.071875 0.1125
1 0.27109375 0.54296875 0.05625 0.0875
2 0.32578125 0.54453125 0.0734375 0.125
1 0.39453125 0.54765625 0.0578125 0.0953125
1 0.5546875 0.58984375 0.0484375 0.0828125
1 0.58359375 0.63046875 0.0734375 0.13125
1 0.7109375 0.6203125 0.0765625 0.13125
1 0.759375 0.60625 0.0640625 0.109375
2 0.84375 0.65546875 0.0796875 0.128125
0 0.54375 0.61640625 0.10625 0.1453125
0 0.396875 0.58515625 0.103125 0.165625
0 0.7546875 0.64453125 0.0796875 0.153125
0 0.271875 0.57265625 0.08125 0.146875
3 0.19453125 0.60546875 0.1546875 0.24375
3 0.31953125 0.62265625 0.159375 0.271875
3 0.56953125 0.68671875 0.1703125 0.259375
3 0.70546875 0.6875 0.1703125 0.2734375
3 0.83046875 0.7203125 0.165625 0.2609375