2 0.09453125 0.63515625 0.075 0.13125
2 0.2421875 0.58984375 0.04296875 0.090625
2 0.35078125 0.57421875 0.04296875 0.08125
2 0.4859375 0.571875 0.04140625 0.08125
1 0.5109375 0.7046875 0.05546875 0.11328125
2 0.60703125 0.56875 0.04375 0.078125
2 0.70390625 0.609375 0.05546875 0.10546875
1 0.840625 0.659375 0.0609375 0.11875
3 0.1046875 0.6984375 0.13203125 0.265625
3 0.246875 0.6265625 0.09765625 0.171875
3 0.34453125 0.6234375 0.0984375 0.17578125
3 0.4890625 0.6234375 0.09453125 0.15703125
3 0.6046875 0.61875 0.10546875 0.1703125
0 0.5328125 0.73828125 0.13515625 0.19921875
3 0.70859375 0.690625 0.13203125 0.2640625
3 0.85390625 0.71171875 0.13203125 0.21953125
0 0.2203125 0.75078125 0.14921875 0.20625