1 0.13046875 0.45859375 0.0796875 0.125
1 0.24296875 0.48671875 0.0796875 0.128125
2 0.390625 0.4484375 0.06875 0.109375
1 0.43359375 0.49375 0.05625 0.0875
2 0.6046875 0.50703125 0.0546875 0.08125
1 0.68515625 0.56953125 0.0546875 0.0875
1 0.778125 0.59921875 0.0578125 0.1
1 0.71796875 0.634375 0.078125 0.1265625
3 0.109375 0.4984375 0.20625 0.21875
3 0.24609375 0.53515625 0.1578125 0.2140625
3 0.37421875 0.54140625 0.1671875 0.2796875
3 0.43984375 0.53203125 0.0953125 0.1515625
3 0.58046875 0.55859375 0.1234375 0.184375
3 0.66875 0.5984375 0.0984375 0.1421875
3 0.70078125 0.678125 0.1671875 0.2265625
3 0.77890625 0.628125 0.084375 0.1484375