2 0.1828125 0.59453125 0.05859375 0.12578125
1 0.27578125 0.56875 0.040625 0.0890625
2 0.32109375 0.5890625 0.0578125 0.12578125
1 0.40078125 0.55625 0.04296875 0.090625
1 0.5671875 0.56875 0.03125 0.0703125
1 0.60078125 0.60546875 0.05078125 0.11484375
2 0.73515625 0.53203125 0.05078125 0.0984375
2 0.865625 0.5796875 0.05546875 0.10390625
3 0.17734375 0.64921875 0.13671875 0.225
3 0.3171875 0.65625 0.13515625 0.25703125
3 0.4078125 0.59453125 0.08828125 0.16015625
3 0.59296875 0.67421875 0.14453125 0.25390625
3 0.73828125 0.63984375 0.13203125 0.3015625
3 0.86015625 0.65625 0.12421875 0.26484375
0 0.271875 0.596875 0.06640625 0.13828125
0 0.5578125 0.60390625 0.07421875 0.13828125