2 0.20859375 0.66953125 0.0921875 0.1328125
1 0.30078125 0.625 0.05625 0.0875
2 0.346875 0.61953125 0.0859375 0.13125
1 0.41640625 0.5765625 0.0625 0.1
1 0.590625 0.55 0.0578125 0.0859375
1 0.62734375 0.59296875 0.0859375 0.1296875
1 0.89765625 0.5296875 0.0953125 0.14375
0 0.43515625 0.615625 0.121875 0.1859375
0 0.58515625 0.5875 0.115625 0.15625
0 0.303125 0.65 0.096875 0.14375
3 0.2265625 0.7265625 0.1890625 0.2484375
3 0.3625 0.69296875 0.19375 0.2890625
3 0.63828125 0.65234375 0.19375 0.2671875
3 0.78984375 0.59140625 0.1921875 0.2921875
3 0.90625 0.58046875 0.1703125 0.25