2 0.0796875 0.571875 0.096875 0.14375
2 0.23125 0.5515625 0.0625 0.1
2 0.33671875 0.55234375 0.0515625 0.0859375
2 0.47890625 0.56796875 0.0546875 0.09375
1 0.48203125 0.70390625 0.0765625 0.1171875
2 0.59609375 0.58359375 0.05625 0.0953125
2 0.6875 0.6328125 0.0734375 0.1140625
1 0.81328125 0.70703125 0.0796875 0.1265625
3 0.08359375 0.63984375 0.1671875 0.2765625
3 0.2296875 0.58984375 0.1171875 0.1734375
3 0.3328125 0.6 0.115625 0.18125
3 0.47109375 0.61796875 0.11875 0.1765625
0 0.50078125 0.73359375 0.1625 0.2234375
3 0.58984375 0.63203125 0.128125 0.1875
3 0.67890625 0.71875 0.1640625 0.2796875
3 0.8203125 0.7578125 0.1625 0.2359375
0 0.18828125 0.70390625 0.175 0.2296875