1 0.13046875 0.58515625 0.05 0.0828125
1 0.37265625 0.59609375 0.0578125 0.0921875
2 0.55 0.60703125 0.05 0.08125
1 0.73671875 0.659375 0.059375 0.1015625
2 0.8 0.69140625 0.078125 0.1234375
0 0.12265625 0.6078125 0.1109375 0.1359375
3 0.20546875 0.60703125 0.121875 0.171875
3 0.2828125 0.62265625 0.1015625 0.15625
3 0.3671875 0.63984375 0.1234375 0.171875
3 0.5234375 0.70546875 0.1421875 0.28125
3 0.634375 0.74375 0.1734375 0.2796875
3 0.72890625 0.69140625 0.1125 0.1671875
3 0.7828125 0.76328125 0.221875 0.296875