2 0.1578125 0.6125 0.06875 0.11875
2 0.22109375 0.57890625 0.0453125 0.0796875
2 0.27734375 0.6046875 0.0640625 0.1171875
2 0.346875 0.5703125 0.046875 0.090625
1 0.51484375 0.609375 0.0453125 0.0921875
1 0.62578125 0.621875 0.0484375 0.10625
2 0.74140625 0.60234375 0.0640625 0.1125
2 0.8640625 0.63515625 0.0640625 0.1015625
3 0.14765625 0.6734375 0.1359375 0.2265625
3 0.22109375 0.609375 0.071875 0.1484375
3 0.28203125 0.68203125 0.15 0.2578125
3 0.3578125 0.6171875 0.1015625 0.178125
3 0.5109375 0.634375 0.1234375 0.15625
3 0.6203125 0.653125 0.0984375 0.1453125
3 0.72578125 0.6875 0.1796875 0.2890625
3 0.86875 0.71796875 0.1359375 0.25625