2 0.240625 0.6328125 0.0765625 0.109375
1 0.2984375 0.6140625 0.053125 0.0875
1 0.34609375 0.6390625 0.0875 0.146875
1 0.41171875 0.57734375 0.0609375 0.1015625
1 0.58125 0.56171875 0.046875 0.06875
1 0.621875 0.6 0.0734375 0.13125
2 0.74765625 0.5234375 0.0796875 0.1171875
3 0.3015625 0.6390625 0.075 0.140625
3 0.42890625 0.6125 0.115625 0.1734375
3 0.5796875 0.5953125 0.10625 0.1421875
3 0.80390625 0.5578125 0.0890625 0.1484375
3 0.24609375 0.70234375 0.1671875 0.2546875
3 0.34921875 0.6921875 0.1890625 0.26875
3 0.62734375 0.6578125 0.184375 0.259375
3 0.759375 0.60390625 0.1890625 0.2953125
3 0.8890625 0.60859375 0.1765625 0.253125