2 0.07734375 0.5640625 0.0921875 0.1359375
2 0.2359375 0.54296875 0.0578125 0.0921875
2 0.3390625 0.54609375 0.05 0.078125
2 0.4796875 0.56875 0.0546875 0.0859375
1 0.478125 0.6984375 0.0828125 0.115625
2 0.5953125 0.5890625 0.065625 0.1015625
2 0.68125 0.64296875 0.0734375 0.1265625
1 0.8109375 0.7125 0.084375 0.128125
3 0.0828125 0.63203125 0.165625 0.2796875
3 0.22578125 0.58203125 0.11875 0.175
3 0.325 0.59765625 0.1234375 0.1890625
3 0.471875 0.615625 0.1265625 0.178125
0 0.49140625 0.74140625 0.16875 0.2203125
3 0.584375 0.634375 0.13125 0.19375
3 0.66953125 0.72421875 0.175 0.2828125
3 0.8125 0.7640625 0.1703125 0.2390625
0 0.18046875 0.69765625 0.1859375 0.228125