2 0.1671875 0.534375 0.0875 0.1265625
1 0.2671875 0.534375 0.0515625 0.0859375
2 0.3109375 0.54609375 0.0796875 0.134375
1 0.39609375 0.53828125 0.059375 0.1
2 0.56484375 0.6171875 0.078125 0.1203125
1 0.865625 0.68515625 0.090625 0.146875
0 0.39375 0.58046875 0.1171875 0.1828125
0 0.553125 0.61484375 0.121875 0.146875
3 0.1546875 0.59453125 0.175 0.25
3 0.29375 0.62265625 0.1796875 0.278125
3 0.25703125 0.55546875 0.0859375 0.140625
3 0.56328125 0.68984375 0.18125 0.2640625
3 0.73203125 0.703125 0.1890625 0.290625
3 0.846875 0.734375 0.1578125 0.2578125