1 0.0515625 0.55703125 0.075 0.125
2 0.16328125 0.56328125 0.0734375 0.1359375
1 0.28984375 0.53359375 0.0515625 0.0859375
1 0.3671875 0.58046875 0.0734375 0.1359375
1 0.46953125 0.51875 0.0453125 0.0984375
1 0.66328125 0.5421875 0.0734375 0.1375
1 0.7390625 0.50546875 0.05 0.09375
1 0.83828125 0.48984375 0.053125 0.0953125
1 0.796875 0.5546875 0.0859375 0.1515625
3 0.06328125 0.609375 0.1265625 0.209375
3 0.15859375 0.625 0.165625 0.2484375
3 0.29453125 0.55625 0.115625 0.1515625
3 0.3828125 0.6375 0.175 0.2453125
3 0.478125 0.55 0.11875 0.1828125
3 0.65703125 0.6203125 0.1609375 0.284375
3 0.7390625 0.51875 0.0875 0.1421875
3 0.80234375 0.63125 0.190625 0.2890625
3 0.84453125 0.51953125 0.090625 0.1375
3 0.93515625 0.62109375 0.1296875 0.2703125