2 0.09453125 0.640625 0.07890625 0.140625
2 0.240625 0.59375 0.04375 0.09609375
2 0.35078125 0.5734375 0.040625 0.08125
2 0.47890625 0.57890625 0.04765625 0.090625
1 0.5109375 0.70546875 0.0625 0.11875
2 0.61328125 0.565625 0.04296875 0.08671875
2 0.7 0.60546875 0.0546875 0.10703125
2 0.84140625 0.64296875 0.05703125 0.11875
3 0.1046875 0.69921875 0.13125 0.26484375
3 0.24453125 0.63125 0.09453125 0.165625
3 0.34609375 0.62421875 0.09375 0.16875
3 0.4921875 0.61953125 0.09765625 0.16171875
0 0.53046875 0.740625 0.1421875 0.19609375
3 0.60703125 0.61171875 0.10859375 0.18046875
3 0.70703125 0.690625 0.128125 0.26953125
3 0.8546875 0.7015625 0.13046875 0.24609375
0 0.21875 0.753125 0.1421875 0.20703125