2 0.20234375 0.690625 0.090625 0.140625
1 0.340625 0.62578125 0.0578125 0.0734375
1 0.35390625 0.6921875 0.0734375 0.115625
2 0.41015625 0.60390625 0.0578125 0.0984375
2 0.57890625 0.54140625 0.0515625 0.0796875
1 0.678125 0.5609375 0.059375 0.1078125
1 0.8 0.5625 0.0765625 0.134375
1 0.94765625 0.56953125 0.0875 0.125
3 0.22421875 0.74296875 0.16875 0.2546875
3 0.36953125 0.740625 0.1578125 0.221875
3 0.3546875 0.6421875 0.1046875 0.1328125
3 0.44140625 0.64609375 0.125 0.1859375
3 0.56875 0.59375 0.1140625 0.196875
3 0.63515625 0.67578125 0.1609375 0.2390625
3 0.6921875 0.5953125 0.128125 0.1859375
3 0.80859375 0.625 0.1796875 0.2703125
3 0.9390625 0.6140625 0.121875 0.240625