2 0.178125 0.64765625 0.071875 0.13125
1 0.3265625 0.603125 0.0453125 0.0671875
1 0.32578125 0.66484375 0.05625 0.1140625
2 0.3984375 0.59609375 0.046875 0.0875
2 0.57265625 0.5515625 0.040625 0.0765625
1 0.66875 0.59140625 0.0453125 0.0984375
1 0.78984375 0.61171875 0.0640625 0.13125
1 0.9359375 0.6328125 0.071875 0.1265625
3 0.1890625 0.7 0.146875 0.2375
3 0.33671875 0.7203125 0.13125 0.2015625
3 0.3234375 0.6015625 0.0828125 0.090625
3 0.42109375 0.64296875 0.1109375 0.171875
3 0.55546875 0.60234375 0.0890625 0.1765625
3 0.6078125 0.70390625 0.128125 0.2171875
3 0.67265625 0.62265625 0.0921875 0.1703125
3 0.7890625 0.6734375 0.159375 0.2515625
3 0.93671875 0.68359375 0.1265625 0.2203125