2 0.21015625 0.5390625 0.071875 0.1140625
1 0.27890625 0.53984375 0.0515625 0.1
2 0.32421875 0.55390625 0.0671875 0.121875
1 0.39453125 0.546875 0.0609375 0.1
1 0.55546875 0.59140625 0.040625 0.0703125
1 0.5859375 0.63046875 0.078125 0.140625
1 0.7125 0.61953125 0.075 0.1390625
1 0.76328125 0.6015625 0.05625 0.09375
2 0.84140625 0.6484375 0.0765625 0.125
0 0.275 0.56796875 0.0796875 0.15
0 0.39765625 0.5875 0.103125 0.1671875
3 0.19765625 0.60703125 0.15 0.25
3 0.32265625 0.62578125 0.1578125 0.26875
3 0.5703125 0.684375 0.1609375 0.2484375
3 0.70859375 0.6875 0.1609375 0.2703125
3 0.7578125 0.6375 0.084375 0.153125
3 0.83359375 0.71171875 0.159375 0.2515625
0 0.54453125 0.61953125 0.1 0.1453125