1 0.1234375 0.52265625 0.0734375 0.121875
1 0.25390625 0.534375 0.0640625 0.1125
2 0.42578125 0.4828125 0.040625 0.075
2 0.615625 0.48671875 0.046875 0.084375
2 0.78203125 0.4953125 0.0390625 0.0671875
2 0.75546875 0.5359375 0.05625 0.115625
0 0.146875 0.5609375 0.13125 0.1859375
3 0.26640625 0.5765625 0.121875 0.1875
3 0.39609375 0.55703125 0.15 0.2453125
3 0.4453125 0.52421875 0.0796875 0.159375
3 0.5984375 0.53125 0.1109375 0.1734375
3 0.69609375 0.53984375 0.0921875 0.146875
3 0.74296875 0.60078125 0.14375 0.234375
3 0.79921875 0.546875 0.075 0.16875