2 0.95546875 0.3984375 0.0453125 0.0734375
3 0.95 0.44609375 0.1 0.1765625
2 0.89140625 0.4296875 0.04375 0.08125
3 0.8828125 0.4703125 0.0984375 0.1625
1 0.81875 0.3875 0.040625 0.0734375
3 0.8078125 0.42421875 0.09375 0.1484375
1 0.86328125 0.4078125 0.0359375 0.0640625
2 0.74765625 0.37109375 0.03125 0.05625
3 0.7453125 0.403125 0.0640625 0.1203125
2 0.7875 0.33671875 0.028125 0.04375
3 0.78515625 0.35546875 0.0484375 0.084375
2 0.81796875 0.3390625 0.021875 0.040625
1 0.715625 0.36875 0.028125 0.0515625
3 0.70234375 0.38828125 0.0640625 0.0859375
1 0.725 0.29140625 0.0203125 0.0375
3 0.71875 0.30234375 0.0359375 0.059375
1 0.68359375 0.31875 0.021875 0.0359375
2 0.63515625 0.315625 0.01875 0.0328125
3 0.6421875 0.32890625 0.0484375 0.065625
3 0.6828125 0.328125 0.0421875 0.059375
2 0.65234375 0.29609375 0.0203125 0.0375
2 0.615625 0.29609375 0.0203125 0.0359375
3 0.6125 0.30703125 0.040625 0.0625
3 0.6546875 0.30234375 0.034375 0.0546875
1 0.0046875 0.42578125 0.009375 0.0453125
0 0.01640625 0.42890625 0.0328125 0.0671875
1 0.1046875 0.45390625 0.0390625 0.071875
3 0.10078125 0.46796875 0.0859375 0.09375
1 0.153125 0.4046875 0.0296875 0.0484375
3 0.1625 0.421875 0.059375 0.0859375
2 0.05859375 0.38125 0.025 0.0484375
3 0.06015625 0.39296875 0.0453125 0.0734375
1 0.0921875 0.39921875 0.0265625 0.0421875
1 0.15625 0.34453125 0.025 0.046875
3 0.165625 0.3625 0.05 0.08125
1 0.1328125 0.34453125 0.0234375 0.0453125
3 0.12421875 0.3578125 0.0453125 0.0734375
1 0.1921875 0.34609375 0.021875 0.0390625
0 0.1953125 0.34765625 0.0390625 0.04375
1 0.56328125 0.4140625 0.0390625 0.065625
3 0.56484375 0.44765625 0.0875 0.1375
2 0.48046875 0.41953125 0.034375 0.0625
3 0.4953125 0.453125 0.0859375 0.1390625
3 0.42578125 0.4640625 0.0859375 0.128125
1 0.35234375 0.4296875 0.034375 0.0640625
3 0.359375 0.4421875 0.0859375 0.10625
2 0.2953125 0.43984375 0.0359375 0.0625
3 0.29921875 0.4734375 0.084375 0.1296875
1 0.2625 0.4359375 0.034375 0.0671875
3 0.25 0.44921875 0.0671875 0.0984375
1 0.3359375 0.3703125 0.0328125 0.0578125
3 0.328125 0.390625 0.053125 0.103125
1 0.29140625 0.36640625 0.0265625 0.0484375
3 0.29296875 0.3765625 0.053125 0.0703125
2 0.3125 0.33359375 0.0234375 0.0390625
2 0.3234375 0.3109375 0.0234375 0.0375
3 0.33125 0.321875 0.0375 0.0625
3 0.3359375 0.31015625 0.0296875 0.0515625
1 0.3703125 0.30703125 0.01875 0.0359375
3 0.36875 0.309375 0.034375 0.046875
1 0.39375 0.315625 0.021875 0.0453125
3 0.39296875 0.321875 0.0421875 0.0484375
1 0.4234375 0.3140625 0.0234375 0.046875
3 0.4234375 0.325 0.05 0.06875
2 0.4625 0.315625 0.021875 0.0421875
3 0.46640625 0.33203125 0.040625 0.075
1 0.4828125 0.3859375 0.025 0.046875
1 0.53828125 0.3765625 0.0296875 0.0546875
3 0.53046875 0.3890625 0.0546875 0.08125
2 0.55859375 0.3359375 0.025 0.046875
3 0.5625 0.3484375 0.0421875 0.078125
2 0.42265625 0.36953125 0.0265625 0.0453125
3 0.4265625 0.39140625 0.059375 0.0984375
1 0.38203125 0.371875 0.0265625 0.046875
1 0.50859375 0.3296875 0.01875 0.0328125
3 0.51015625 0.33671875 0.0375 0.053125
1 0.4984375 0.30234375 0.0203125 0.0375
3 0.49296875 0.3109375 0.040625 0.059375
2 0.51484375 0.28203125 0.0171875 0.0328125
3 0.51640625 0.29296875 0.03125 0.0578125
3 0.31328125 0.3453125 0.034375 0.071875
0 0.3875 0.3765625 0.0515625 0.059375