2 0.1171875 0.5015625 0.059375 0.1
1 0.2484375 0.5296875 0.06015625 0.11875
1 0.3828125 0.51171875 0.04765625 0.11875
2 0.440625 0.49375 0.0359375 0.0703125
2 0.61015625 0.5 0.03984375 0.08125
1 0.6890625 0.53828125 0.0375 0.0796875
2 0.79375 0.51875 0.03828125 0.0890625
1 0.75390625 0.596875 0.05703125 0.12421875
0 0.690625 0.56796875 0.0953125 0.13125
0 0.73984375 0.63828125 0.13984375 0.21875
3 0.1328125 0.55703125 0.14921875 0.21015625
3 0.25234375 0.57421875 0.11875 0.190625
3 0.3875 0.57421875 0.12421875 0.23359375
3 0.45078125 0.62890625 0.06484375 0.34140625
3 0.6 0.546875 0.10078125 0.178125
3 0.7984375 0.5625 0.07109375 0.175