2 0.16328125 0.6359375 0.0625 0.11640625
2 0.22578125 0.59375 0.040625 0.078125
2 0.28125 0.61875 0.0578125 0.11328125
2 0.35078125 0.575 0.04140625 0.08359375
1 0.5234375 0.621875 0.04453125 0.0890625
1 0.63515625 0.60546875 0.046875 0.08671875
2 0.7453125 0.58359375 0.06015625 0.10390625
2 0.86953125 0.615625 0.053125 0.090625
3 0.16015625 0.696875 0.12578125 0.24296875
3 0.2265625 0.62109375 0.0828125 0.13046875
3 0.2890625 0.69453125 0.13046875 0.2609375
3 0.35703125 0.61640625 0.08359375 0.175
3 0.51875 0.653125 0.103125 0.1296875
3 0.63046875 0.6375 0.1 0.134375
3 0.73203125 0.67890625 0.16875 0.29609375
3 0.87890625 0.69453125 0.11953125 0.2515625