2 0.1703125 0.64765625 0.0640625 0.1125
2 0.22890625 0.6078125 0.046875 0.0765625
2 0.2875 0.62734375 0.0640625 0.121875
2 0.3546875 0.58203125 0.05 0.0828125
1 0.525 0.609375 0.0453125 0.0828125
1 0.6375 0.60390625 0.04375 0.0828125
2 0.74765625 0.57578125 0.0609375 0.115625
2 0.8765625 0.5921875 0.0625 0.096875
3 0.165625 0.71875 0.121875 0.24375
3 0.23125 0.625 0.075 0.121875
3 0.3 0.7046875 0.1421875 0.259375
3 0.3625 0.62578125 0.0921875 0.165625
3 0.52421875 0.63515625 0.1125 0.1390625
3 0.634375 0.63125 0.109375 0.140625
3 0.75703125 0.6671875 0.1765625 0.3078125
3 0.88828125 0.6765625 0.1390625 0.2765625