2 0.2171875 0.571875 0.0625 0.0859375
2 0.22421875 0.63515625 0.075 0.1203125
1 0.31796875 0.596875 0.0578125 0.0875
2 0.4484375 0.6171875 0.05625 0.08125
2 0.56796875 0.63203125 0.059375 0.0890625
2 0.48515625 0.7015625 0.075 0.115625
2 0.4515625 0.85390625 0.0609375 0.0734375
2 0.66171875 0.69296875 0.071875 0.1125
1 0.78203125 0.79140625 0.084375 0.121875
0 0.0765625 0.6953125 0.153125 0.23125
3 0.20234375 0.696875 0.1734375 0.246875
3 0.2 0.61328125 0.0828125 0.1546875
3 0.3109375 0.6390625 0.11875 0.1734375
3 0.44921875 0.6625 0.1046875 0.16875
3 0.46953125 0.7671875 0.1859375 0.259375
3 0.56171875 0.678125 0.1171875 0.1796875
3 0.653125 0.77421875 0.1765625 0.2796875
3 0.7890625 0.83984375 0.165625 0.209375