2 0.15546875 0.5734375 0.075 0.109375
2 0.2609375 0.55703125 0.0796875 0.1203125
2 0.39296875 0.51484375 0.071875 0.109375
2 0.43828125 0.50390625 0.053125 0.078125
2 0.59296875 0.459375 0.0578125 0.0921875
2 0.68125 0.4734375 0.0546875 0.0734375
2 0.79921875 0.45859375 0.059375 0.09375
2 0.78359375 0.5171875 0.078125 0.125
3 0.17421875 0.6296875 0.153125 0.2296875
3 0.26875 0.6140625 0.1734375 0.240625
3 0.40625 0.596875 0.1734375 0.2765625
3 0.459375 0.5421875 0.09375 0.165625
3 0.60703125 0.51484375 0.1375 0.1984375
3 0.69453125 0.51171875 0.1125 0.1546875
3 0.81640625 0.4984375 0.109375 0.1765625
3 0.7640625 0.5796875 0.1953125 0.2484375