1 0.040625 0.5421875 0.075 0.115625
1 0.21015625 0.5375 0.0671875 0.1171875
2 0.34453125 0.471875 0.0640625 0.1078125
2 0.37734375 0.4703125 0.0375 0.0765625
2 0.5609375 0.45390625 0.053125 0.0859375
2 0.65 0.459375 0.0421875 0.078125
2 0.70859375 0.49765625 0.0671875 0.1109375
0 0.0828125 0.58359375 0.165625 0.2109375
3 0.225 0.58046875 0.1453125 0.20625
3 0.353125 0.54921875 0.1875 0.2671875
3 0.403125 0.515625 0.084375 0.159375
3 0.5546875 0.50390625 0.1171875 0.1765625
3 0.65 0.5015625 0.1015625 0.1546875
3 0.7046875 0.559375 0.1671875 0.2359375
3 0.75234375 0.50546875 0.075 0.1515625