2 0.1875 0.62109375 0.071875 0.134375
1 0.2875 0.58671875 0.046875 0.0859375
2 0.33359375 0.5953125 0.06875 0.1296875
1 0.40625 0.56328125 0.0515625 0.0984375
1 0.5734375 0.53984375 0.0453125 0.0921875
1 0.60703125 0.60625 0.071875 0.13125
1 0.7375 0.55390625 0.0796875 0.1359375
2 0.8828125 0.5859375 0.075 0.13125
3 0.19140625 0.67890625 0.1578125 0.240625
3 0.33515625 0.6734375 0.1609375 0.28125
3 0.28125 0.6125 0.071875 0.134375
3 0.5609375 0.58203125 0.09375 0.175
3 0.609375 0.6703125 0.153125 0.259375
3 0.74609375 0.625 0.153125 0.284375
3 0.8796875 0.64296875 0.1515625 0.2390625
0 0.4171875 0.6046875 0.10625 0.175