2 0.153125 0.5890625 0.0859375 0.134375
1 0.3078125 0.5671875 0.0515625 0.0703125
1 0.3015625 0.63203125 0.06875 0.11875
2 0.3828125 0.57265625 0.053125 0.0984375
2 0.5625 0.56328125 0.0453125 0.0765625
1 0.65 0.61640625 0.053125 0.0984375
1 0.76796875 0.65234375 0.071875 0.1296875
1 0.90625 0.69609375 0.078125 0.1203125
3 0.15703125 0.65 0.1609375 0.2359375
3 0.3046875 0.68515625 0.153125 0.2046875
3 0.31640625 0.584375 0.0796875 0.096875
3 0.39921875 0.61875 0.1171875 0.1859375
3 0.5359375 0.6125 0.096875 0.178125
3 0.56796875 0.7203125 0.14375 0.23125
3 0.653125 0.64609375 0.1171875 0.1734375
3 0.7515625 0.715625 0.1765625 0.25625
3 0.90703125 0.75546875 0.1546875 0.2328125