1 0.15390625 0.65390625 0.03984375 0.07421875
1 0.39765625 0.61953125 0.03984375 0.0890625
1 0.57265625 0.66484375 0.04765625 0.06640625
1 0.6890625 0.68046875 0.05859375 0.12578125
0 0.234375 0.68125 0.1015625 0.115625
0 0.315625 0.69453125 0.0890625 0.0796875
0 0.55625 0.68671875 0.10234375 0.1109375
0 0.7625 0.66171875 0.0921875 0.13125
0 0.86328125 0.77265625 0.15703125 0.18828125
0 0.15078125 0.67890625 0.10078125 0.1234375
3 0.3984375 0.65859375 0.08984375 0.16015625
3 0.68515625 0.74296875 0.15703125 0.23984375