1 0.146875 0.425 0.0875 0.1234375
2 0.28515625 0.4484375 0.0796875 0.11875
2 0.4453125 0.46953125 0.0625 0.0890625
2 0.6171875 0.52578125 0.065625 0.090625
2 0.6984375 0.56875 0.05625 0.08125
2 0.73359375 0.625 0.078125 0.121875
3 0.14765625 0.46640625 0.1703125 0.209375
3 0.2625 0.50703125 0.16875 0.240625
3 0.375 0.5375 0.2171875 0.2765625
3 0.44140625 0.5140625 0.10625 0.1640625
3 0.58828125 0.5671875 0.1453125 0.1875
3 0.6796875 0.60625 0.1125 0.1625
3 0.7046875 0.68359375 0.2 0.2671875
3 0.778125 0.6421875 0.10625 0.1765625