1 0.2328125 0.6046875 0.04375 0.08359375
1 0.35 0.59921875 0.0484375 0.09375
1 0.525 0.62265625 0.0421875 0.08046875
1 0.628125 0.61875 0.0390625 0.08359375
2 0.75390625 0.59609375 0.065625 0.11328125
2 0.87578125 0.61875 0.0625 0.1015625
0 0.10703125 0.725 0.16484375 0.18125
0 0.25625 0.74921875 0.1421875 0.19609375
3 0.2359375 0.63046875 0.11171875 0.14296875
3 0.3515625 0.634375 0.0953125 0.16171875
3 0.51875 0.64765625 0.1078125 0.1140625
3 0.628125 0.64375 0.10234375 0.13125
3 0.73359375 0.6828125 0.1734375 0.2734375
3 0.878125 0.68984375 0.1140625 0.278125