2 0.08515625 0.56875 0.040625 0.071875
1 0.065625 0.62421875 0.0734375 0.11875
1 0.1890625 0.59609375 0.0625 0.1171875
1 0.29765625 0.5640625 0.0421875 0.08125
1 0.4796875 0.525 0.04375 0.0828125
1 0.671875 0.52890625 0.065625 0.1328125
2 0.7359375 0.44609375 0.0453125 0.0875
1 0.80546875 0.4703125 0.0640625 0.1328125
1 0.83515625 0.4375 0.040625 0.0984375
1 0.96875 0.47578125 0.0625 0.1390625
3 0.09609375 0.678125 0.1375 0.221875
3 0.10703125 0.6015625 0.0859375 0.1296875
3 0.21484375 0.65703125 0.140625 0.2359375
3 0.39609375 0.646875 0.165625 0.2609375
3 0.3078125 0.5984375 0.103125 0.1484375
3 0.4890625 0.56484375 0.103125 0.1546875
3 0.67578125 0.59453125 0.1578125 0.28125
3 0.7390625 0.50703125 0.0921875 0.2046875
3 0.80859375 0.55390625 0.153125 0.29375
3 0.8546875 0.48515625 0.0796875 0.1890625
3 0.94375 0.5546875 0.1125 0.271875