2 0.2265625 0.528125 0.05 0.0703125
2 0.21875 0.603125 0.078125 0.1359375
2 0.3359375 0.54765625 0.0515625 0.0796875
2 0.47265625 0.56875 0.0609375 0.0875
2 0.58828125 0.5921875 0.0578125 0.1
1 0.49296875 0.6890625 0.0828125 0.1390625
2 0.6796875 0.6421875 0.071875 0.1125
1 0.7953125 0.73984375 0.0765625 0.11875
0 0.08046875 0.65234375 0.1609375 0.2328125
3 0.196875 0.66015625 0.178125 0.25
3 0.22890625 0.55234375 0.0984375 0.1328125
3 0.3234375 0.59140625 0.121875 0.1890625
3 0.46015625 0.61328125 0.1234375 0.178125
3 0.4875 0.73203125 0.178125 0.234375
3 0.5734375 0.6328125 0.1203125 0.1890625
3 0.6703125 0.728125 0.1765625 0.2875
3 0.8078125 0.78515625 0.1640625 0.21875