1 0.19453125 0.67578125 0.0859375 0.134375
1 0.334375 0.62109375 0.05 0.0609375
1 0.3453125 0.68359375 0.071875 0.121875
1 0.41640625 0.63359375 0.05 0.09375
2 0.5625 0.54453125 0.0515625 0.0796875
1 0.67265625 0.5671875 0.059375 0.1046875
1 0.79765625 0.5734375 0.0765625 0.1421875
1 0.94375 0.58125 0.084375 0.128125
3 0.2109375 0.7375 0.1671875 0.246875
3 0.3609375 0.72890625 0.1546875 0.2109375
3 0.3484375 0.64375 0.1015625 0.121875
3 0.4328125 0.6625 0.1296875 0.159375
3 0.56875 0.609375 0.1265625 0.2125
3 0.62734375 0.6890625 0.159375 0.2421875
3 0.68359375 0.6015625 0.115625 0.1640625
3 0.80703125 0.6375 0.1671875 0.2578125
3 0.940625 0.6328125 0.11875 0.2375