1 0.15234375 0.65546875 0.0421875 0.08125
1 0.221875 0.62109375 0.0453125 0.0890625
1 0.3921875 0.6296875 0.04140625 0.0890625
2 0.571875 0.63046875 0.0421875 0.08125
1 0.76484375 0.61875 0.0453125 0.09609375
2 0.85078125 0.66875 0.0625 0.12421875
0 0.15234375 0.67890625 0.09609375 0.12421875
3 0.23046875 0.659375 0.0953125 0.14921875
3 0.3109375 0.659375 0.078125 0.1515625
3 0.39609375 0.66328125 0.09453125 0.146875
3 0.5703125 0.71328125 0.08046875 0.24453125
3 0.6796875 0.70625 0.11015625 0.2546875
3 0.76328125 0.6484375 0.096875 0.1546875
3 0.859375 0.73125 0.1390625 0.23828125