1 0.196875 0.6796875 0.0890625 0.1421875
1 0.3359375 0.61796875 0.0453125 0.0609375
1 0.3453125 0.68203125 0.0734375 0.11875
1 0.41796875 0.64140625 0.05625 0.096875
2 0.5625 0.54609375 0.053125 0.0859375
1 0.67578125 0.5640625 0.0578125 0.1015625
1 0.79765625 0.57265625 0.0734375 0.134375
1 0.94296875 0.58515625 0.08125 0.125
3 0.21328125 0.734375 0.1671875 0.2484375
3 0.36015625 0.72890625 0.1578125 0.2234375
3 0.3484375 0.63671875 0.08125 0.090625
3 0.440625 0.66484375 0.1171875 0.15625
3 0.55859375 0.61015625 0.1109375 0.2078125
3 0.628125 0.675 0.1609375 0.246875
3 0.6921875 0.60234375 0.1015625 0.18125
3 0.80859375 0.63515625 0.178125 0.2609375
3 0.94375 0.63203125 0.1125 0.2234375