2 0.140625 0.55625 0.0796875 0.128125
2 0.21171875 0.5296875 0.05625 0.0859375
2 0.259375 0.559375 0.08125 0.1203125
2 0.3375 0.53984375 0.0609375 0.090625
1 0.49921875 0.628125 0.065625 0.090625
1 0.5984375 0.6390625 0.0625 0.0890625
2 0.71796875 0.63828125 0.0796875 0.115625
2 0.834375 0.69921875 0.0734375 0.10625
3 0.11953125 0.61484375 0.1703125 0.246875
3 0.2 0.55 0.0953125 0.121875
3 0.25078125 0.64140625 0.1796875 0.275
3 0.33046875 0.5859375 0.1328125 0.1875
3 0.490625 0.63671875 0.1359375 0.146875
3 0.590625 0.67734375 0.1359375 0.1703125
3 0.690625 0.7375 0.228125 0.325
3 0.82734375 0.77890625 0.184375 0.278125