2 0.23828125 0.5796875 0.05 0.059375
2 0.2421875 0.6640625 0.05625 0.12421875
2 0.34765625 0.578125 0.04140625 0.07421875
2 0.48203125 0.56875 0.03515625 0.08515625
2 0.59453125 0.56875 0.03828125 0.08671875
1 0.528125 0.69375 0.06328125 0.11328125
2 0.70390625 0.61171875 0.05234375 0.10546875
1 0.83515625 0.67578125 0.06015625 0.1109375
0 0.10546875 0.73671875 0.1484375 0.21015625
3 0.234375 0.71796875 0.13359375 0.24296875
3 0.246875 0.60546875 0.08125 0.11484375
3 0.34296875 0.62578125 0.08828125 0.16484375
3 0.47578125 0.61875 0.09375 0.16953125
3 0.53359375 0.734375 0.14140625 0.21953125
3 0.59921875 0.61796875 0.08671875 0.184375
3 0.709375 0.69296875 0.1296875 0.26171875
3 0.853125 0.71875 0.12890625 0.20390625