1 0.15390625 0.653125 0.03984375 0.071875
1 0.396875 0.61953125 0.04140625 0.0890625
1 0.56953125 0.65859375 0.03828125 0.06328125
1 0.6890625 0.68203125 0.05859375 0.12578125
0 0.23359375 0.68125 0.1046875 0.10859375
0 0.31171875 0.69296875 0.0859375 0.08046875
0 0.55859375 0.68359375 0.10625 0.1109375
0 0.7609375 0.65859375 0.09765625 0.12578125
0 0.8625 0.77109375 0.1546875 0.1859375
0 0.1546875 0.68046875 0.09921875 0.11953125
3 0.3984375 0.66015625 0.08984375 0.15703125
3 0.684375 0.74296875 0.15625 0.24921875