1 0.2609375 0.65859375 0.0609375 0.096875
1 0.3734375 0.6328125 0.065625 0.103125
1 0.55078125 0.61484375 0.05625 0.0875
1 0.65078125 0.5890625 0.0609375 0.0921875
2 0.76953125 0.546875 0.078125 0.1234375
2 0.89296875 0.5375 0.078125 0.109375
0 0.17109375 0.83203125 0.1875 0.2015625
0 0.31484375 0.78984375 0.184375 0.234375
3 0.26796875 0.6828125 0.1375 0.1546875
3 0.38515625 0.66640625 0.1265625 0.184375
3 0.55 0.64375 0.1296875 0.1375
3 0.6515625 0.6109375 0.1375 0.159375
3 0.76796875 0.6328125 0.221875 0.2984375
3 0.9125 0.615625 0.1703125 0.2640625