2 0.075 0.534375 0.1 0.1296875
2 0.22578125 0.528125 0.06875 0.0984375
2 0.33984375 0.54375 0.059375 0.0875
2 0.4671875 0.5703125 0.0609375 0.0875
1 0.4640625 0.70234375 0.078125 0.1234375
2 0.59375 0.5921875 0.0640625 0.096875
2 0.671875 0.64765625 0.0765625 0.1171875
2 0.8015625 0.71015625 0.0828125 0.1296875
3 0.08125 0.61015625 0.1625 0.2828125
3 0.221875 0.56796875 0.128125 0.178125
3 0.32265625 0.5859375 0.128125 0.1953125
3 0.4609375 0.61484375 0.1265625 0.1796875
0 0.47734375 0.740625 0.18125 0.225
3 0.578125 0.63515625 0.1421875 0.196875
3 0.659375 0.73046875 0.1875 0.2859375
3 0.80234375 0.7703125 0.1875 0.2640625
0 0.1671875 0.684375 0.1890625 0.2296875