1 0.203125 0.740625 0.0546875 0.08125
1 0.4265625 0.64375 0.0625 0.096875
1 0.60703125 0.63203125 0.0578125 0.075
1 0.78046875 0.54765625 0.0609375 0.084375
1 0.7296875 0.63125 0.090625 0.140625
0 0.20859375 0.765625 0.125 0.1453125
3 0.44609375 0.68203125 0.125 0.1734375
3 0.74296875 0.6921875 0.215625 0.2765625
3 0.790625 0.58046875 0.1296875 0.1671875
0 0.2890625 0.74453125 0.1296875 0.1421875
0 0.36796875 0.7359375 0.109375 0.1109375
0 0.60390625 0.659375 0.1296875 0.1375
0 0.91015625 0.66484375 0.1796875 0.2265625