2 0.17890625 0.6640625 0.0734375 0.109375
2 0.23671875 0.62109375 0.0484375 0.078125
2 0.29375 0.63203125 0.06875 0.11875
2 0.35703125 0.5953125 0.053125 0.1
1 0.53046875 0.60234375 0.05 0.0875
1 0.646875 0.60390625 0.05 0.084375
2 0.75234375 0.5578125 0.06875 0.109375
2 0.8796875 0.5796875 0.0640625 0.1046875
3 0.1765625 0.73515625 0.140625 0.2453125
3 0.23671875 0.634375 0.065625 0.115625
3 0.31171875 0.71953125 0.1546875 0.26875
3 0.37578125 0.63046875 0.1015625 0.178125
3 0.5328125 0.628125 0.1203125 0.146875
3 0.63984375 0.62890625 0.1140625 0.165625
3 0.75546875 0.65546875 0.1921875 0.30625
3 0.89453125 0.6625 0.15 0.2640625