2 0.07578125 0.5359375 0.1015625 0.14375
2 0.21953125 0.53046875 0.0609375 0.096875
2 0.33828125 0.5390625 0.05625 0.0765625
2 0.465625 0.56796875 0.05625 0.0875
2 0.596875 0.590625 0.0640625 0.09375
1 0.465625 0.69921875 0.0828125 0.121875
2 0.675 0.6484375 0.075 0.1234375
1 0.8 0.72890625 0.0828125 0.128125
3 0.08203125 0.60859375 0.1640625 0.2828125
3 0.221875 0.5703125 0.1296875 0.1828125
3 0.3234375 0.58671875 0.125 0.1828125
3 0.4640625 0.61640625 0.1328125 0.1765625
0 0.47734375 0.7390625 0.1796875 0.225
3 0.578125 0.63515625 0.1421875 0.1984375
3 0.65859375 0.7328125 0.1828125 0.290625
3 0.79765625 0.78359375 0.1796875 0.24375
0 0.16953125 0.68125 0.1921875 0.2296875