1 0.06015625 0.60546875 0.06875 0.11484375
1 0.17265625 0.60859375 0.0625 0.11484375
1 0.2984375 0.5484375 0.04609375 0.08203125
1 0.4859375 0.52265625 0.0375 0.08203125
1 0.67578125 0.54375 0.05859375 0.140625
1 0.73828125 0.4890625 0.04140625 0.0890625
1 0.8296875 0.44765625 0.03828125 0.08046875
1 0.80390625 0.52109375 0.06484375 0.14453125
1 0.96875 0.50078125 0.059375 0.14375
3 0.0828125 0.65546875 0.11171875 0.22421875
3 0.178125 0.66796875 0.15234375 0.23203125
3 0.3 0.58203125 0.1015625 0.153125
3 0.39140625 0.63046875 0.159375 0.24453125
3 0.4890625 0.55859375 0.0875 0.14140625
3 0.67265625 0.60625 0.14140625 0.265625
3 0.7359375 0.5265625 0.07734375 0.16328125
3 0.846875 0.5 0.08359375 0.18125
3 0.81796875 0.5953125 0.16640625 0.28515625
3 0.94609375 0.57421875 0.1078125 0.28046875