2 0.1640625 0.63046875 0.0625 0.11640625
2 0.22578125 0.59375 0.040625 0.078125
2 0.2828125 0.61640625 0.05859375 0.11484375
2 0.35078125 0.578125 0.04296875 0.0890625
1 0.5203125 0.60859375 0.04140625 0.090625
1 0.63203125 0.61484375 0.04296875 0.10390625
2 0.74609375 0.58984375 0.0578125 0.109375
2 0.8703125 0.615625 0.05859375 0.0984375
3 0.15703125 0.69140625 0.12421875 0.2203125
3 0.22734375 0.6234375 0.0640625 0.14453125
3 0.2921875 0.69296875 0.13671875 0.2515625
3 0.3640625 0.62421875 0.0921875 0.1734375
3 0.51796875 0.63359375 0.115625 0.15
3 0.628125 0.646875 0.09140625 0.14140625
3 0.73515625 0.67578125 0.16484375 0.28046875
3 0.8796875 0.6984375 0.1234375 0.25