1 0.1484375 0.63046875 0.04453125 0.08125
2 0.2375 0.59375 0.046875 0.08125
1 0.39296875 0.615625 0.0515625 0.090625
2 0.69609375 0.571875 0.0421875 0.09453125
1 0.78828125 0.59375 0.04921875 0.09609375
0 0.153125 0.659375 0.09921875 0.13046875
3 0.234375 0.64296875 0.10546875 0.175
3 0.325 0.62890625 0.0828125 0.16171875
3 0.40546875 0.6515625 0.09609375 0.1609375
3 0.5734375 0.640625 0.10859375 0.16328125
3 0.6828125 0.6234375 0.09921875 0.18828125
3 0.7828125 0.6359375 0.1 0.16953125
3 0.88984375 0.71796875 0.1984375 0.2734375