2 0.07578125 0.53515625 0.096875 0.1453125
2 0.22734375 0.53359375 0.065625 0.1078125
2 0.3328125 0.53203125 0.059375 0.0828125
2 0.47265625 0.57109375 0.0609375 0.0890625
2 0.5890625 0.59140625 0.059375 0.0921875
1 0.46640625 0.703125 0.0875 0.115625
2 0.67421875 0.6484375 0.0734375 0.1125
1 0.79375 0.73359375 0.0875 0.1296875
0 0.16875 0.67421875 0.1875 0.2375
3 0.084375 0.5984375 0.16875 0.309375
3 0.22265625 0.56953125 0.128125 0.1921875
3 0.321875 0.58359375 0.13125 0.1890625
3 0.4609375 0.61640625 0.13125 0.1828125
0 0.47734375 0.73671875 0.1828125 0.2328125
3 0.578125 0.63828125 0.140625 0.1953125
3 0.65859375 0.73203125 0.1859375 0.29375
3 0.79609375 0.78515625 0.18125 0.2453125