1 0.20078125 0.72734375 0.0640625 0.0890625
1 0.25390625 0.6859375 0.0625 0.09375
1 0.42578125 0.64921875 0.0578125 0.09375
2 0.59140625 0.578125 0.05 0.0828125
1 0.78125 0.54375 0.0640625 0.1015625
2 0.85703125 0.5453125 0.090625 0.1375
3 0.27578125 0.72109375 0.1359375 0.175
3 0.3515625 0.703125 0.1078125 0.1578125
3 0.43515625 0.68046875 0.13125 0.16875
3 0.5984375 0.628125 0.125 0.1875
3 0.71796875 0.66171875 0.1890625 0.2921875
3 0.7890625 0.575 0.1375 0.1796875
3 0.8703125 0.62109375 0.240625 0.3046875
0 0.20078125 0.75390625 0.1203125 0.1484375