2 0.0859375 0.61015625 0.084375 0.134375
2 0.23828125 0.57109375 0.0453125 0.0828125
2 0.34609375 0.56640625 0.04375 0.0828125
2 0.48359375 0.575 0.05 0.0828125
1 0.5 0.6953125 0.065625 0.115625
2 0.60078125 0.5765625 0.046875 0.0828125
2 0.6953125 0.615625 0.05625 0.109375
1 0.83203125 0.678125 0.0640625 0.121875
3 0.09609375 0.67734375 0.146875 0.271875
3 0.240625 0.61796875 0.1046875 0.1765625
3 0.33984375 0.615625 0.103125 0.1734375
3 0.48515625 0.6125 0.1046875 0.1734375
0 0.52109375 0.740625 0.146875 0.2078125
3 0.6 0.6234375 0.1109375 0.1765625
3 0.69453125 0.703125 0.1390625 0.275
3 0.84140625 0.73359375 0.1453125 0.228125
0 0.20546875 0.73515625 0.1578125 0.2140625