2 0.21875 0.54765625 0.0515625 0.08125
1 0.3328125 0.56328125 0.0609375 0.0921875
1 0.49921875 0.62578125 0.0515625 0.0859375
1 0.60859375 0.634375 0.053125 0.0859375
2 0.73046875 0.64375 0.078125 0.115625
2 0.8453125 0.69140625 0.0703125 0.1140625
0 0.08203125 0.65 0.1640625 0.2125
0 0.2140625 0.68671875 0.18125 0.23125
3 0.20625 0.57578125 0.109375 0.1453125
3 0.33125 0.6015625 0.1234375 0.1765625
3 0.48984375 0.6375 0.125 0.1453125
3 0.59609375 0.6625 0.1203125 0.1640625
3 0.6921875 0.72734375 0.221875 0.2984375
3 0.8328125 0.77265625 0.1734375 0.2703125