2 0.19921875 0.6359375 0.075 0.125
1 0.2875 0.59921875 0.0515625 0.0828125
1 0.33203125 0.60859375 0.078125 0.1359375
1 0.4125 0.56953125 0.05625 0.09375
1 0.57890625 0.56328125 0.0484375 0.0859375
1 0.61484375 0.59453125 0.075 0.1328125
2 0.7390625 0.5015625 0.0640625 0.1
2 0.87421875 0.52890625 0.0734375 0.11875
0 0.28515625 0.62890625 0.0875 0.1390625
0 0.571875 0.59375 0.09375 0.1453125
3 0.20234375 0.69453125 0.16875 0.2484375
3 0.34296875 0.68203125 0.1734375 0.278125
3 0.42265625 0.60859375 0.10625 0.1703125
3 0.615625 0.6609375 0.171875 0.2671875
3 0.75625 0.60625 0.1734375 0.3203125
3 0.88046875 0.60390625 0.1609375 0.2734375