1 0.08984375 0.6875 0.084375 0.121875
1 0.18828125 0.66796875 0.0828125 0.128125
1 0.3078125 0.59375 0.05625 0.0953125
1 0.39140625 0.6234375 0.0859375 0.140625
1 0.4734375 0.52421875 0.053125 0.09375
1 0.67421875 0.496875 0.084375 0.1515625
1 0.7296875 0.43359375 0.0625 0.0984375
1 0.8171875 0.39296875 0.0671875 0.103125
1 0.95859375 0.415625 0.0828125 0.15
3 0.12109375 0.7359375 0.1484375 0.234375
3 0.215625 0.7171875 0.1984375 0.2515625
3 0.32109375 0.61953125 0.11875 0.153125
3 0.428125 0.66796875 0.1953125 0.246875
3 0.490625 0.56015625 0.13125 0.1859375
3 0.68828125 0.56875 0.1859375 0.29375
3 0.7359375 0.478125 0.1015625 0.1796875
3 0.8296875 0.52890625 0.2109375 0.3125
3 0.83984375 0.43984375 0.11875 0.196875
3 0.9375 0.496875 0.125 0.296875