2 0.18203125 0.59375 0.05859375 0.1203125
1 0.2859375 0.575 0.0375 0.0796875
2 0.33046875 0.5765625 0.0515625 0.11875
1 0.39453125 0.559375 0.04375 0.0890625
2 0.57265625 0.559375 0.03984375 0.08515625
1 0.596875 0.61796875 0.0515625 0.11640625
1 0.72265625 0.5765625 0.05234375 0.11875
1 0.7609375 0.56484375 0.03828125 0.078125
3 0.184375 0.64921875 0.13515625 0.21640625
3 0.334375 0.64453125 0.121875 0.2484375
0 0.28125 0.6046875 0.0671875 0.121875
0 0.41015625 0.6 0.084375 0.159375
3 0.56015625 0.59609375 0.078125 0.15390625
3 0.59453125 0.6765625 0.13671875 0.23125
3 0.72734375 0.653125 0.1375 0.26796875
3 0.85390625 0.6875 0.13203125 0.215625