2 0.21796875 0.52109375 0.0609375 0.0921875
1 0.33046875 0.5515625 0.0703125 0.1
1 0.49140625 0.621875 0.06875 0.090625
1 0.59453125 0.64453125 0.06875 0.0984375
2 0.71875 0.65546875 0.0859375 0.125
2 0.83046875 0.7203125 0.0796875 0.1140625
0 0.0796875 0.6265625 0.159375 0.228125
0 0.20234375 0.66953125 0.1890625 0.2421875
3 0.20625 0.55625 0.1265625 0.1515625
3 0.325 0.58828125 0.1359375 0.18125
3 0.4796875 0.65 0.14375 0.15625
3 0.58359375 0.66328125 0.1265625 0.159375
3 0.675 0.74453125 0.240625 0.3140625
3 0.81796875 0.79140625 0.2015625 0.284375