2 0.21875 0.57890625 0.0546875 0.10546875
1 0.278125 0.56875 0.0390625 0.08125
2 0.31953125 0.59296875 0.05859375 0.11875
1 0.3984375 0.5546875 0.04296875 0.08671875
1 0.5734375 0.58046875 0.0375 0.06640625
1 0.6 0.61875 0.0546875 0.12578125
2 0.73828125 0.56640625 0.05546875 0.1109375
1 0.86328125 0.64375 0.06484375 0.11875
0 0.27578125 0.6 0.04765625 0.13125
0 0.4078125 0.59609375 0.090625 0.16171875
0 0.5625 0.6140625 0.09140625 0.128125
0 0.78671875 0.609375 0.05703125 0.13046875
3 0.209375 0.64453125 0.12109375 0.22578125
3 0.31640625 0.65546875 0.1453125 0.24921875
3 0.59140625 0.67890625 0.13984375 0.23671875
3 0.73671875 0.65390625 0.140625 0.27421875
3 0.85625 0.68828125 0.13046875 0.20078125