2 0.14921875 0.3859375 0.0796875 0.115625
2 0.26171875 0.44765625 0.0796875 0.121875
2 0.3953125 0.45859375 0.0734375 0.1140625
2 0.44296875 0.47578125 0.0546875 0.08125
0 0.58046875 0.60078125 0.13125 0.146875
0 0.67734375 0.62734375 0.1203125 0.1328125
0 0.6953125 0.72265625 0.2015625 0.2078125
0 0.78046875 0.684375 0.1296875 0.1390625
3 0.13515625 0.45234375 0.1890625 0.25
3 0.24140625 0.496875 0.1734375 0.24375
3 0.37578125 0.534375 0.1765625 0.265625
3 0.4453125 0.52109375 0.096875 0.1640625