2 0.23515625 0.58046875 0.04453125 0.06484375
2 0.2390625 0.65546875 0.06015625 0.128125
2 0.3484375 0.58046875 0.04453125 0.07421875
2 0.48515625 0.57890625 0.04296875 0.08671875
1 0.52890625 0.6875 0.05859375 0.13046875
2 0.59453125 0.56875 0.04609375 0.0890625
2 0.703125 0.60546875 0.05625 0.1015625
1 0.83359375 0.678125 0.0578125 0.1109375
3 0.234375 0.71171875 0.13671875 0.23125
3 0.246875 0.60546875 0.07578125 0.11015625
3 0.34296875 0.625 0.08515625 0.16484375
3 0.4765625 0.61953125 0.08984375 0.1640625
3 0.5328125 0.73125 0.14296875 0.21171875
3 0.596875 0.61875 0.08828125 0.178125
3 0.70703125 0.69375 0.13046875 0.26875
3 0.85390625 0.71953125 0.12890625 0.2
0 0.1046875 0.73125 0.14921875 0.21640625