1 0.153125 0.66171875 0.04375 0.075
1 0.39609375 0.621875 0.0421875 0.0875
1 0.56875 0.653125 0.0453125 0.0765625
1 0.75859375 0.6078125 0.0484375 0.0953125
1 0.6921875 0.690625 0.065625 0.140625
0 0.1515625 0.68828125 0.1015625 0.1265625
3 0.40234375 0.659375 0.090625 0.1671875
3 0.6890625 0.73984375 0.1671875 0.2484375
3 0.7625 0.6390625 0.0953125 0.1640625
0 0.23203125 0.68828125 0.1046875 0.125
0 0.31328125 0.6953125 0.0921875 0.1046875
0 0.56328125 0.6796875 0.10625 0.1234375
0 0.87109375 0.771875 0.1609375 0.1890625