2 0.07734375 0.55078125 0.0984375 0.1546875
2 0.23046875 0.5359375 0.0578125 0.0875
2 0.334375 0.54375 0.0546875 0.075
2 0.47734375 0.565625 0.0609375 0.0953125
2 0.59140625 0.590625 0.059375 0.0875
2 0.6765625 0.64375 0.0734375 0.11875
1 0.47109375 0.7015625 0.0890625 0.134375
1 0.80546875 0.71796875 0.08125 0.134375
0 0.171875 0.68984375 0.1765625 0.228125
3 0.08125 0.61953125 0.1625 0.2765625
3 0.2265625 0.5796875 0.11875 0.175
3 0.325 0.59453125 0.125 0.1890625
3 0.46640625 0.609375 0.128125 0.18125
0 0.48671875 0.73828125 0.1765625 0.23125
3 0.5828125 0.6359375 0.1328125 0.196875
3 0.6671875 0.72578125 0.178125 0.2859375
3 0.80859375 0.7734375 0.1734375 0.240625