2 0.190625 0.58828125 0.06875 0.1
1 0.27734375 0.5765625 0.0421875 0.0796875
2 0.3375 0.56484375 0.05625 0.1140625
2 0.4 0.53203125 0.0421875 0.078125
1 0.5671875 0.58125 0.034375 0.078125
1 0.5984375 0.61484375 0.0609375 0.1203125
1 0.753125 0.5578125 0.0453125 0.071875
1 0.80234375 0.59375 0.0671875 0.1203125
2 0.96796875 0.6515625 0.0515625 0.1203125
0 0.553125 0.60703125 0.0796875 0.1375
3 0.18828125 0.64375 0.1359375 0.2265625
3 0.2890625 0.59765625 0.075 0.1234375
3 0.3375 0.63828125 0.1359375 0.25625
3 0.4078125 0.58671875 0.0875 0.1828125
3 0.5921875 0.678125 0.1421875 0.2484375
3 0.740625 0.60234375 0.08125 0.1578125
3 0.79765625 0.66640625 0.1421875 0.259375
3 0.93828125 0.7046875 0.11875 0.215625