2 0.19765625 0.62578125 0.078125 0.1125
1 0.296875 0.6 0.0453125 0.084375
2 0.34296875 0.58984375 0.065625 0.1203125
1 0.40703125 0.5734375 0.05625 0.0953125
2 0.5796875 0.54921875 0.046875 0.0875
1 0.61328125 0.60546875 0.0703125 0.13125
1 0.728125 0.5515625 0.065625 0.1359375
1 0.76875 0.53203125 0.0515625 0.0828125
0 0.29609375 0.62734375 0.0859375 0.1359375
0 0.4234375 0.60859375 0.1046875 0.171875
3 0.571875 0.5890625 0.0953125 0.1546875
3 0.7765625 0.5484375 0.06875 0.1109375
3 0.20703125 0.68515625 0.165625 0.2390625
3 0.3515625 0.66171875 0.1515625 0.2671875
3 0.61484375 0.66640625 0.1703125 0.2640625
3 0.74375 0.62421875 0.1671875 0.2828125
3 0.87421875 0.6359375 0.1671875 0.240625