1 0.0546875 0.58515625 0.04375 0.04453125
1 0.040625 0.64453125 0.0578125 0.10390625
1 0.14453125 0.62578125 0.053125 0.1109375
1 0.26328125 0.58984375 0.03984375 0.08671875
1 0.45078125 0.56328125 0.0375 0.07421875
1 0.61484375 0.5203125 0.0296875 0.06640625
1 0.70078125 0.50625 0.0375 0.090625
1 0.7828125 0.4796875 0.04375 0.078125
1 0.76875 0.56875 0.0609375 0.1296875
1 0.9171875 0.5296875 0.05625 0.1109375
1 0.6484375 0.54453125 0.04609375 0.11484375
3 0.0546875 0.690625 0.10859375 0.2046875
3 0.159375 0.6765625 0.1234375 0.209375
3 0.278125 0.61328125 0.11484375 0.125
3 0.38671875 0.64609375 0.13828125 0.23671875
3 0.465625 0.5921875 0.084375 0.13046875
3 0.60546875 0.5578125 0.05234375 0.14140625
3 0.6421875 0.61796875 0.121875 0.253125
3 0.70390625 0.54375 0.07109375 0.15390625
3 0.796875 0.50546875 0.0796875 0.1203125
3 0.77578125 0.615625 0.14375 0.21875
3 0.91875 0.59765625 0.14375 0.24375