2 0.18203125 0.59140625 0.06640625 0.11328125
1 0.27578125 0.56796875 0.04140625 0.0796875
2 0.32265625 0.58671875 0.05703125 0.13125
1 0.40390625 0.55546875 0.03984375 0.0890625
1 0.56953125 0.56875 0.03515625 0.07421875
1 0.6015625 0.60625 0.05 0.1203125
2 0.740625 0.540625 0.0515625 0.10390625
2 0.86953125 0.6140625 0.06171875 0.11875
3 0.1765625 0.65078125 0.13203125 0.23046875
3 0.31796875 0.65703125 0.134375 0.25546875
3 0.40859375 0.5984375 0.084375 0.15625
3 0.59296875 0.6734375 0.14296875 0.2515625
3 0.7421875 0.64140625 0.12421875 0.30546875
3 0.87265625 0.6703125 0.13515625 0.23515625
0 0.27421875 0.59765625 0.06328125 0.1359375
0 0.5578125 0.603125 0.078125 0.140625