2 0.19375 0.63515625 0.084375 0.125
1 0.2890625 0.6046875 0.0484375 0.0859375
2 0.334375 0.60234375 0.0765625 0.1328125
1 0.4125 0.56796875 0.0578125 0.0984375
2 0.59765625 0.59140625 0.075 0.11875
1 0.9046875 0.56328125 0.0859375 0.1453125
0 0.42421875 0.609375 0.1125 0.1796875
0 0.5859375 0.59296875 0.11875 0.1453125
3 0.20078125 0.696875 0.1671875 0.246875
3 0.34140625 0.68046875 0.171875 0.275
3 0.2859375 0.628125 0.0828125 0.1390625
3 0.61875 0.6609375 0.1734375 0.2609375
3 0.78359375 0.62109375 0.18125 0.2875
3 0.90234375 0.615625 0.15 0.2546875