2 0.2171875 0.57890625 0.05859375 0.10546875
1 0.28125 0.5640625 0.0421875 0.08671875
2 0.33359375 0.57890625 0.0578125 0.12421875
1 0.4 0.55703125 0.0453125 0.09609375
1 0.5640625 0.584375 0.03359375 0.07109375
1 0.59765625 0.61484375 0.053125 0.121875
1 0.72421875 0.58984375 0.0609375 0.12421875
1 0.7703125 0.56640625 0.04140625 0.09609375
2 0.86015625 0.609375 0.0625 0.12578125
0 0.4078125 0.5984375 0.08828125 0.16328125
0 0.28671875 0.596875 0.0578125 0.1484375
0 0.56015625 0.6125 0.07890625 0.13046875
3 0.2109375 0.64375 0.12265625 0.234375
3 0.33828125 0.64375 0.12890625 0.24921875
3 0.59296875 0.67578125 0.13828125 0.23671875
3 0.73046875 0.65859375 0.1296875 0.253125
3 0.77421875 0.6046875 0.0671875 0.14453125
3 0.85703125 0.66796875 0.13359375 0.24140625