1 0.23203125 0.60546875 0.04140625 0.08515625
1 0.3484375 0.6046875 0.04609375 0.09453125
1 0.5234375 0.62265625 0.03828125 0.08203125
1 0.62890625 0.61640625 0.04296875 0.08515625
2 0.75390625 0.6015625 0.0625 0.11484375
2 0.87578125 0.61875 0.05546875 0.1
0 0.10625 0.73359375 0.15859375 0.18359375
0 0.2546875 0.746875 0.14765625 0.20859375
3 0.23046875 0.640625 0.0984375 0.15703125
3 0.3546875 0.63828125 0.09296875 0.16015625
3 0.51875 0.64375 0.11171875 0.11875
3 0.62578125 0.6484375 0.10078125 0.11953125
3 0.73046875 0.6859375 0.16953125 0.26953125
3 0.87734375 0.70234375 0.11328125 0.24140625