1 0.18515625 0.71171875 0.0703125 0.1140625
1 0.275 0.71640625 0.0671875 0.1078125
1 0.36953125 0.6625 0.078125 0.1078125
1 0.57890625 0.6203125 0.0640625 0.10625
2 0.81171875 0.52890625 0.06875 0.1109375
1 0.73984375 0.64921875 0.0984375 0.1734375
3 0.11796875 0.77109375 0.13125 0.1828125
3 0.1953125 0.7515625 0.1671875 0.2140625
3 0.29140625 0.74453125 0.1359375 0.1890625
3 0.38984375 0.709375 0.15625 0.215625
3 0.5890625 0.66171875 0.1640625 0.1953125
3 0.753125 0.71640625 0.240625 0.33125
3 0.8171875 0.57890625 0.1546875 0.2390625
3 0.89765625 0.65078125 0.2046875 0.3390625