2 0.15703125 0.6125 0.0703125 0.1078125
2 0.21953125 0.57265625 0.0421875 0.0828125
2 0.2765625 0.6015625 0.059375 0.121875
2 0.346875 0.57109375 0.0453125 0.0890625
1 0.5140625 0.60625 0.0453125 0.090625
1 0.62734375 0.615625 0.046875 0.090625
2 0.7421875 0.59296875 0.0640625 0.1140625
2 0.8625 0.63828125 0.059375 0.096875
3 0.1484375 0.68125 0.134375 0.2359375
3 0.221875 0.6015625 0.0671875 0.1234375
3 0.28125 0.68046875 0.1421875 0.2515625
3 0.35078125 0.61640625 0.1015625 0.18125
3 0.51484375 0.6328125 0.1125 0.1421875
3 0.62421875 0.64609375 0.1109375 0.15625
3 0.728125 0.690625 0.178125 0.3015625
3 0.8671875 0.71484375 0.1390625 0.2578125