1 0.16015625 0.6671875 0.04375 0.0796875
1 0.40234375 0.61953125 0.040625 0.0859375
1 0.5734375 0.64453125 0.0390625 0.08125
1 0.878125 0.725 0.0796875 0.1265625
1 0.69453125 0.675 0.0703125 0.1421875
0 0.871875 0.75546875 0.1609375 0.2015625
0 0.76875 0.65625 0.096875 0.1328125
0 0.56328125 0.6734375 0.10625 0.1296875
0 0.23828125 0.68984375 0.1046875 0.1125
0 0.31953125 0.70234375 0.0890625 0.0796875
0 0.159375 0.68984375 0.0984375 0.125
3 0.40546875 0.659375 0.0953125 0.1640625
3 0.69375 0.73671875 0.1671875 0.2515625