1 0.06796875 0.62421875 0.0453125 0.046875
1 0.05625 0.6828125 0.0671875 0.1125
1 0.159375 0.65078125 0.065625 0.10625
1 0.26953125 0.60234375 0.0453125 0.0765625
1 0.45625 0.56484375 0.040625 0.071875
1 0.61640625 0.51171875 0.0359375 0.071875
1 0.7 0.4859375 0.0421875 0.0828125
1 0.7796875 0.45625 0.046875 0.078125
1 0.6484375 0.534375 0.0546875 0.1234375
1 0.775 0.55234375 0.0734375 0.125
1 0.9171875 0.49453125 0.075 0.125
3 0.078125 0.73125 0.134375 0.2203125
3 0.17578125 0.70234375 0.1484375 0.215625
3 0.2859375 0.63359375 0.1265625 0.1359375
3 0.3984375 0.65234375 0.159375 0.25
3 0.471875 0.5921875 0.1015625 0.14375
3 0.60859375 0.553125 0.0609375 0.146875
3 0.653125 0.6046875 0.1484375 0.2625
3 0.70625 0.52421875 0.0859375 0.1609375
3 0.7953125 0.4890625 0.0953125 0.14375
3 0.78125 0.59375 0.1671875 0.2375
3 0.91875 0.55625 0.1625 0.25625