1 0.05390625 0.5515625 0.084375 0.11875
1 0.17578125 0.55 0.071875 0.1171875
1 0.29296875 0.51640625 0.0515625 0.0953125
1 0.475 0.525 0.0546875 0.090625
2 0.40234375 0.53203125 0.065625 0.115625
1 0.6609375 0.56328125 0.071875 0.1421875
2 0.740625 0.49765625 0.05625 0.0828125
2 0.81015625 0.54921875 0.0921875 0.153125
1 0.965625 0.55546875 0.06875 0.1390625
3 0.071875 0.60625 0.140625 0.2265625
3 0.184375 0.6109375 0.1390625 0.2359375
3 0.29453125 0.5578125 0.1203125 0.165625
3 0.40234375 0.6109375 0.159375 0.265625
3 0.48203125 0.5609375 0.1125 0.1578125
3 0.65546875 0.62578125 0.1625 0.275
3 0.73671875 0.553125 0.1109375 0.2
3 0.8 0.62578125 0.19375 0.303125
3 0.84296875 0.53515625 0.10625 0.1703125
3 0.93203125 0.63671875 0.1359375 0.2734375