1 0.15 0.63046875 0.0421875 0.08125
2 0.23828125 0.59296875 0.04140625 0.08125
1 0.3921875 0.609375 0.04375 0.09375
2 0.69375 0.578125 0.04375 0.09296875
1 0.78828125 0.59375 0.05 0.09296875
0 0.15078125 0.65625 0.10078125 0.12421875
3 0.234375 0.64296875 0.10546875 0.165625
3 0.32734375 0.62890625 0.0796875 0.16171875
3 0.40390625 0.65 0.09921875 0.16484375
3 0.571875 0.64296875 0.1109375 0.159375
3 0.68125 0.6234375 0.10078125 0.18671875
3 0.78125 0.63515625 0.10234375 0.16875
3 0.88828125 0.7171875 0.19375 0.27109375