2 0.23828125 0.5796875 0.04140625 0.06328125
2 0.2390625 0.65078125 0.05859375 0.11953125
2 0.3484375 0.58046875 0.0375 0.08125
2 0.4859375 0.57421875 0.04140625 0.08046875
1 0.52578125 0.68984375 0.05234375 0.11328125
2 0.6046875 0.5734375 0.04453125 0.09375
2 0.70078125 0.60546875 0.053125 0.10390625
1 0.8375 0.67890625 0.0609375 0.109375
0 0.1046875 0.7390625 0.14765625 0.21015625
3 0.23359375 0.7171875 0.1453125 0.23046875
3 0.24765625 0.603125 0.08046875 0.11484375
3 0.34140625 0.62578125 0.090625 0.1640625
3 0.48359375 0.6171875 0.10703125 0.16796875
3 0.53203125 0.73125 0.14453125 0.20859375
3 0.6 0.61796875 0.0828125 0.18046875
3 0.71171875 0.69609375 0.13125 0.2734375
3 0.8546875 0.72109375 0.13046875 0.2