1 0.034375 0.52109375 0.06875 0.1171875
1 0.19765625 0.5171875 0.075 0.1171875
2 0.31875 0.45390625 0.0640625 0.109375
2 0.36328125 0.46015625 0.0453125 0.065625
2 0.65703125 0.46640625 0.0484375 0.0734375
2 0.6984375 0.48984375 0.065625 0.1078125
3 0.21484375 0.56484375 0.1484375 0.2046875
3 0.33828125 0.53046875 0.184375 0.2671875
3 0.39140625 0.50625 0.090625 0.16875
3 0.54609375 0.49375 0.11875 0.1796875
3 0.63984375 0.5015625 0.1015625 0.134375
3 0.69296875 0.54609375 0.1640625 0.2328125
3 0.74296875 0.5015625 0.0765625 0.159375
0 0.0796875 0.5625 0.159375 0.215625