1 0.1515625 0.653125 0.0375 0.07578125
1 0.21953125 0.621875 0.04140625 0.08125
1 0.3921875 0.6234375 0.04375 0.08359375
2 0.5734375 0.62578125 0.0375 0.08125
1 0.76328125 0.61640625 0.04375 0.09296875
2 0.85078125 0.678125 0.06015625 0.13359375
0 0.1515625 0.678125 0.08828125 0.12109375
3 0.23046875 0.665625 0.09609375 0.1546875
3 0.31328125 0.66171875 0.07734375 0.15625
3 0.3953125 0.66171875 0.09453125 0.1484375
3 0.56953125 0.70859375 0.08046875 0.2359375
3 0.6796875 0.7046875 0.11171875 0.25546875
3 0.76640625 0.65234375 0.09921875 0.1546875
3 0.86015625 0.73515625 0.13828125 0.2390625