1 0.1546875 0.65546875 0.040625 0.07421875
1 0.39765625 0.61875 0.04140625 0.0890625
1 0.56640625 0.64765625 0.03359375 0.08046875
1 0.8703125 0.73046875 0.06640625 0.128125
1 0.68828125 0.68203125 0.06015625 0.13359375
0 0.2328125 0.68046875 0.09921875 0.109375
0 0.3125 0.69453125 0.08203125 0.08046875
0 0.76328125 0.659375 0.08984375 0.12578125
0 0.8625 0.76640625 0.15 0.1984375
0 0.55859375 0.67421875 0.10234375 0.13359375
0 0.15625 0.68125 0.09140625 0.115625
3 0.3984375 0.65703125 0.09453125 0.16484375
3 0.68515625 0.74296875 0.15546875 0.24140625