2 0.09453125 0.63046875 0.078125 0.12578125
2 0.24375 0.58125 0.0453125 0.0890625
2 0.35078125 0.5703125 0.04296875 0.07421875
2 0.48828125 0.57421875 0.04140625 0.08125
1 0.51015625 0.7046875 0.0625 0.11640625
2 0.60625 0.56875 0.0421875 0.08125
2 0.70078125 0.60546875 0.05625 0.1
1 0.840625 0.659375 0.0609375 0.10546875
0 0.2171875 0.75390625 0.14609375 0.203125
3 0.10546875 0.69453125 0.13671875 0.2640625
3 0.24765625 0.6296875 0.08984375 0.171875
3 0.346875 0.62421875 0.0921875 0.1734375
3 0.490625 0.61875 0.096875 0.165625
3 0.60703125 0.61875 0.10390625 0.16875
0 0.53125 0.74296875 0.13671875 0.19453125
3 0.71015625 0.69140625 0.12890625 0.2640625
3 0.853125 0.7140625 0.13359375 0.215625