1 0.25390625 0.65546875 0.059375 0.096875
1 0.36953125 0.628125 0.0640625 0.09375
1 0.546875 0.6125 0.0546875 0.0921875
1 0.6484375 0.58828125 0.065625 0.096875
2 0.76640625 0.5484375 0.0765625 0.1265625
2 0.890625 0.54140625 0.078125 0.1140625
0 0.16171875 0.80234375 0.1984375 0.2140625
0 0.30625 0.78359375 0.1828125 0.228125
3 0.25859375 0.68125 0.1234375 0.1546875
3 0.38203125 0.66171875 0.121875 0.1734375
3 0.54453125 0.63828125 0.121875 0.1484375
3 0.6515625 0.621875 0.1203125 0.1453125
3 0.7671875 0.63828125 0.221875 0.3078125
3 0.903125 0.621875 0.1640625 0.2671875