1 0.0515625 0.53125 0.046875 0.0484375
1 0.03203125 0.58671875 0.0640625 0.1140625
1 0.1359375 0.5765625 0.06875 0.1078125
1 0.253125 0.55234375 0.0484375 0.078125
1 0.44375 0.5546875 0.04375 0.0734375
1 0.6109375 0.5359375 0.0375 0.071875
1 0.69921875 0.52734375 0.0453125 0.0828125
1 0.7828125 0.51484375 0.0484375 0.078125
1 0.6375 0.5640625 0.0578125 0.1234375
1 0.75859375 0.6078125 0.0765625 0.1265625
1 0.909375 0.58203125 0.0796875 0.1265625
3 0.0546875 0.63828125 0.109375 0.2234375
3 0.140625 0.63046875 0.1546875 0.21875
3 0.2625 0.5859375 0.1296875 0.1390625
3 0.36875 0.628125 0.1671875 0.2546875
3 0.453125 0.584375 0.10625 0.1453125
3 0.5953125 0.575 0.065625 0.1484375
3 0.628125 0.634375 0.15625 0.2671875
3 0.69609375 0.56640625 0.090625 0.1625
3 0.79140625 0.55078125 0.1 0.1453125
3 0.75546875 0.65 0.1734375 0.2421875
3 0.90234375 0.64375 0.178125 0.2609375