1 0.21875 0.5484375 0.059375 0.0953125
1 0.33046875 0.5703125 0.0640625 0.096875
1 0.496875 0.6265625 0.059375 0.0890625
1 0.60078125 0.63984375 0.059375 0.09375
2 0.72890625 0.6453125 0.08125 0.1203125
2 0.83984375 0.69375 0.0765625 0.115625
0 0.084375 0.64453125 0.16875 0.2078125
0 0.21015625 0.6890625 0.19375 0.2296875
3 0.20625 0.57578125 0.1296875 0.1609375
3 0.32734375 0.60390625 0.1265625 0.1765625
3 0.4859375 0.64375 0.1171875 0.1390625
3 0.59609375 0.6625 0.1375 0.159375
3 0.6859375 0.725 0.228125 0.3109375
3 0.82578125 0.778125 0.1703125 0.26875