2 0.09453125 0.63203125 0.07265625 0.13125
2 0.2421875 0.58046875 0.04375 0.078125
2 0.34765625 0.5703125 0.04375 0.07421875
1 0.19453125 0.76875 0.075 0.11640625
2 0.48828125 0.57421875 0.04140625 0.08125
1 0.5109375 0.7015625 0.06640625 0.121875
2 0.60703125 0.571875 0.04765625 0.08125
2 0.70078125 0.60546875 0.05546875 0.10390625
1 0.83984375 0.65625 0.0546875 0.11640625
0 0.2171875 0.75078125 0.14609375 0.20625
3 0.10625 0.70390625 0.13359375 0.26796875
3 0.246875 0.63046875 0.08984375 0.16953125
3 0.346875 0.62265625 0.09140625 0.17109375
3 0.4859375 0.61796875 0.0921875 0.16875
0 0.53125 0.74296875 0.1359375 0.20390625
3 0.6046875 0.61796875 0.103125 0.1765625
3 0.70859375 0.69296875 0.13046875 0.27109375
3 0.85078125 0.71015625 0.13515625 0.21875