1 0.00859375 0.378125 0.01640625 0.0546875
0 0.02109375 0.38125 0.04140625 0.07109375
1 0.11015625 0.42265625 0.028125 0.0546875
0 0.10625 0.42890625 0.07890625 0.08203125
2 0.18828125 0.34375 0.02109375 0.04296875
3 0.18828125 0.37890625 0.08828125 0.10703125
1 0.06484375 0.34765625 0.02109375 0.0453125
3 0.0734375 0.35546875 0.03671875 0.0640625
1 0.1109375 0.34921875 0.021875 0.04375
3 0.1125 0.35625 0.0453125 0.0546875
0 0.1171875 0.38828125 0.05859375 0.05625
1 0.165625 0.34296875 0.02109375 0.0359375
1 0.18046875 0.31484375 0.021875 0.040625
1 0.2078125 0.31328125 0.01953125 0.0359375
3 0.21484375 0.31328125 0.0359375 0.04453125
3 0.14375 0.321875 0.0328125 0.05546875
1 0.2703125 0.4125 0.02890625 0.05625
3 0.25703125 0.42890625 0.059375 0.09609375
2 0.3015625 0.41796875 0.03125 0.05546875
3 0.3046875 0.45390625 0.07109375 0.12109375
1 0.35 0.35625 0.02578125 0.0546875
3 0.340625 0.3796875 0.04921875 0.10703125
1 0.3609375 0.40703125 0.02734375 0.06171875
3 0.3671875 0.42890625 0.07734375 0.1015625
1 0.30703125 0.34765625 0.01875 0.0453125
3 0.309375 0.35625 0.04453125 0.065625
2 0.3296875 0.31328125 0.01953125 0.03828125
2 0.3453125 0.296875 0.01640625 0.03671875
3 0.35390625 0.30859375 0.03203125 0.05546875
1 0.3953125 0.35625 0.01875 0.03828125
1 0.40390625 0.365625 0.05 0.05859375
2 0.43828125 0.36796875 0.01953125 0.04921875
3 0.43984375 0.39140625 0.0546875 0.09140625
3 0.43203125 0.4546875 0.07421875 0.1296875
2 0.4984375 0.41796875 0.03203125 0.06640625
3 0.5015625 0.45390625 0.071875 0.134375
1 0.57578125 0.42109375 0.0296875 0.06640625
3 0.571875 0.45703125 0.0734375 0.13828125
2 0.4859375 0.3140625 0.0171875 0.04140625
3 0.4875 0.33125 0.0328125 0.06953125
2 0.415625 0.2875 0.0140625 0.03046875
3 0.41640625 0.30546875 0.040625 0.0703125
1 0.39140625 0.29609375 0.01484375 0.03515625
3 0.38984375 0.29921875 0.0296875 0.04375
2 0.43203125 0.2859375 0.01484375 0.03046875
2 0.44609375 0.3078125 0.01953125 0.04140625
3 0.44375 0.328125 0.04765625 0.0765625
1 0.51875 0.30546875 0.0171875 0.03671875
3 0.51328125 0.31171875 0.03359375 0.05546875
1 0.528125 0.3328125 0.01484375 0.03828125
3 0.525 0.3421875 0.040625 0.06171875
2 0.57734375 0.3421875 0.01796875 0.04140625
3 0.57890625 0.35546875 0.03515625 0.071875
1 0.553125 0.38203125 0.02109375 0.05546875
3 0.54140625 0.39375 0.04921875 0.08984375
2 0.63671875 0.31171875 0.01640625 0.0390625
3 0.63203125 0.32265625 0.034375 0.05625
2 0.67421875 0.31875 0.015625 0.0390625
2 0.65625 0.32109375 0.01640625 0.03671875
3 0.66015625 0.34140625 0.04140625 0.06875
3 0.67578125 0.32578125 0.025 0.05078125
1 0.6984375 0.3359375 0.01953125 0.04140625
3 0.7 0.34375 0.0359375 0.059375
1 0.74609375 0.31796875 0.01484375 0.0359375
3 0.7390625 0.328125 0.02890625 0.05625
1 0.728125 0.36015625 0.01796875 0.03125
1 0.72890625 0.39296875 0.02421875 0.04921875
3 0.7125 0.41171875 0.05546875 0.08125
1 0.75859375 0.390625 0.02265625 0.04921875
2 0.77734375 0.40390625 0.0234375 0.0453125
2 0.8046875 0.36953125 0.01953125 0.046875
2 0.83125 0.36796875 0.01796875 0.03828125
1 0.82890625 0.42109375 0.03359375 0.06953125
3 0.765625 0.43125 0.04921875 0.10625
3 0.80390625 0.390625 0.03515625 0.084375
3 0.809375 0.45703125 0.08359375 0.1484375
2 0.89296875 0.46796875 0.03671875 0.0734375
3 0.884375 0.5125 0.08046875 0.15625
2 0.9546875 0.4515625 0.03671875 0.075
3 0.95 0.49375 0.08046875 0.1703125
2 0.5375 0.28671875 0.01484375 0.03125
3 0.53828125 0.30078125 0.02578125 0.05546875