2 0.15625 0.5984375 0.0859375 0.146875
1 0.3046875 0.6390625 0.0640625 0.115625
1 0.315625 0.57578125 0.0515625 0.071875
2 0.3875 0.57578125 0.0484375 0.084375
2 0.56484375 0.559375 0.0421875 0.065625
1 0.6546875 0.6078125 0.0484375 0.09375
1 0.771875 0.64296875 0.06875 0.1296875
1 0.9109375 0.68515625 0.08125 0.1125
3 0.16640625 0.64765625 0.146875 0.234375
3 0.3078125 0.6875 0.14375 0.2078125
3 0.4015625 0.6203125 0.10625 0.178125
3 0.32265625 0.58671875 0.0796875 0.0875
3 0.5421875 0.596875 0.096875 0.171875
3 0.57890625 0.69921875 0.1421875 0.2390625
3 0.6640625 0.6453125 0.090625 0.1625
3 0.76640625 0.69609375 0.146875 0.25
3 0.91953125 0.740625 0.1390625 0.2234375