2 0.17578125 0.64765625 0.06875 0.1265625
1 0.32578125 0.665625 0.0625 0.11875
1 0.32421875 0.59765625 0.05 0.0703125
2 0.39921875 0.59609375 0.0453125 0.0875
2 0.571875 0.5515625 0.0375 0.0765625
1 0.66796875 0.58515625 0.0515625 0.0984375
1 0.790625 0.60390625 0.06875 0.1359375
1 0.934375 0.6328125 0.06875 0.1203125
3 0.18984375 0.70234375 0.1453125 0.2265625
3 0.33671875 0.7171875 0.1375 0.203125
3 0.33515625 0.61640625 0.08125 0.103125
3 0.41484375 0.6359375 0.11875 0.1765625
3 0.55234375 0.603125 0.0890625 0.1921875
3 0.60859375 0.6984375 0.1328125 0.2296875
3 0.6796875 0.62734375 0.1046875 0.1734375
3 0.79296875 0.671875 0.159375 0.2515625
3 0.94140625 0.6796875 0.1171875 0.215625