1 0.2171875 0.56640625 0.053125 0.09375
1 0.334375 0.58046875 0.0578125 0.1
1 0.50703125 0.62109375 0.0515625 0.08125
1 0.61015625 0.63515625 0.0578125 0.09375
2 0.7375 0.6359375 0.071875 0.121875
2 0.85625 0.6703125 0.075 0.1171875
3 0.209375 0.590625 0.1078125 0.1390625
3 0.33515625 0.6140625 0.1125 0.1703125
3 0.496875 0.64375 0.125 0.1390625
3 0.6046875 0.66484375 0.128125 0.15625
3 0.70625 0.71484375 0.209375 0.290625
3 0.84765625 0.75 0.15 0.26875
0 0.08828125 0.67421875 0.1765625 0.2015625
0 0.2234375 0.71328125 0.1703125 0.2234375