1 0.0578125 0.58125 0.0734375 0.1140625
1 0.16796875 0.58828125 0.065625 0.121875
1 0.29375 0.54296875 0.05 0.0984375
1 0.4828125 0.53046875 0.0453125 0.0734375
1 0.3953125 0.5609375 0.0625 0.128125
1 0.67109375 0.55234375 0.0703125 0.1390625
1 0.7375 0.50234375 0.046875 0.103125
1 0.83359375 0.4640625 0.05 0.0828125
1 0.803125 0.53046875 0.078125 0.1375
1 0.96796875 0.53671875 0.0640625 0.1390625
3 0.07578125 0.634375 0.128125 0.2265625
3 0.1671875 0.6515625 0.165625 0.2390625
3 0.296875 0.5734375 0.109375 0.1515625
3 0.38828125 0.63125 0.175 0.2640625
3 0.4921875 0.565625 0.1 0.1328125
3 0.66640625 0.61484375 0.1515625 0.271875
3 0.73671875 0.5359375 0.090625 0.171875
3 0.809375 0.61015625 0.1765625 0.290625
3 0.84609375 0.52109375 0.0953125 0.19375
3 0.9421875 0.60390625 0.115625 0.2765625