2 0.0921875 0.60390625 0.0546875 0.0796875
1 0.08203125 0.66484375 0.0796875 0.11875
1 0.19453125 0.62734375 0.0703125 0.1171875
1 0.303125 0.5734375 0.0546875 0.084375
1 0.48046875 0.53125 0.0484375 0.0890625
1 0.675 0.5109375 0.0765625 0.1375
2 0.7296875 0.42421875 0.053125 0.090625
1 0.80078125 0.45078125 0.0828125 0.134375
1 0.82890625 0.40703125 0.046875 0.103125
1 0.96171875 0.4421875 0.0765625 0.14375
3 0.11328125 0.7125 0.1515625 0.2375
3 0.121875 0.6390625 0.09375 0.140625
3 0.22578125 0.68671875 0.1515625 0.2375
3 0.31484375 0.61171875 0.1125 0.1546875
3 0.4125 0.6578125 0.184375 0.2703125
3 0.49609375 0.5625 0.1140625 0.165625
3 0.6859375 0.5875 0.178125 0.28125
3 0.7390625 0.4859375 0.1046875 0.2140625
3 0.8125 0.525 0.1828125 0.303125
3 0.84765625 0.45703125 0.1046875 0.19375
3 0.9390625 0.521875 0.121875 0.28125