2 0.17578125 0.56171875 0.075 0.1140625
1 0.2734375 0.55546875 0.046875 0.084375
2 0.315625 0.56953125 0.071875 0.1234375
1 0.39609375 0.5453125 0.0578125 0.1
1 0.56953125 0.575 0.040625 0.0765625
1 0.58671875 0.62734375 0.065625 0.1203125
2 0.74296875 0.5671875 0.0484375 0.0625
1 0.88515625 0.63984375 0.075 0.134375
0 0.3984375 0.5875 0.1078125 0.1734375
0 0.553125 0.61015625 0.096875 0.15
3 0.16875 0.6234375 0.15625 0.2390625
3 0.30625 0.640625 0.1546875 0.2671875
3 0.26171875 0.578125 0.075 0.1375
3 0.5828125 0.68359375 0.15625 0.2515625
3 0.7421875 0.678125 0.1515625 0.2765625
3 0.859375 0.69765625 0.146875 0.2671875