1 0.12578125 0.5796875 0.0578125 0.0875
1 0.3703125 0.59296875 0.059375 0.1015625
1 0.53515625 0.66640625 0.0578125 0.0828125
1 0.72734375 0.665625 0.0640625 0.096875
1 0.64453125 0.72578125 0.0875 0.146875
0 0.11953125 0.60546875 0.128125 0.15
3 0.36875 0.63359375 0.1203125 0.1734375
3 0.6328125 0.78046875 0.2109375 0.2828125
3 0.72421875 0.70078125 0.128125 0.184375
0 0.20078125 0.62421875 0.1203125 0.140625
0 0.2765625 0.6484375 0.1109375 0.1203125
0 0.5203125 0.6890625 0.121875 0.134375
0 0.80078125 0.84921875 0.190625 0.225