2 0.18515625 0.60078125 0.0703125 0.1109375
1 0.28203125 0.5828125 0.04375 0.0828125
2 0.32578125 0.59140625 0.0671875 0.1203125
1 0.40234375 0.55703125 0.053125 0.0984375
1 0.578125 0.56640625 0.0359375 0.075
1 0.6015625 0.61640625 0.0609375 0.11875
2 0.74921875 0.5375 0.0453125 0.0609375
1 0.89921875 0.59140625 0.06875 0.13125
0 0.409375 0.59921875 0.1 0.16875
0 0.56640625 0.603125 0.090625 0.1453125
3 0.1859375 0.6625 0.1453125 0.2328125
3 0.325 0.66328125 0.1421875 0.2609375
3 0.2734375 0.60625 0.0671875 0.134375
3 0.6046875 0.671875 0.14375 0.2453125
3 0.7625 0.646875 0.1375 0.2703125
3 0.88046875 0.65234375 0.1328125 0.2609375