1 0.2125 0.5328125 0.0609375 0.0921875
1 0.32734375 0.565625 0.06875 0.1046875
1 0.49609375 0.62109375 0.0671875 0.0875
1 0.5921875 0.6453125 0.0671875 0.090625
2 0.72109375 0.65234375 0.0828125 0.1234375
2 0.83203125 0.6984375 0.0796875 0.1046875
3 0.2078125 0.565625 0.1375 0.165625
3 0.3234375 0.59453125 0.1375 0.1796875
3 0.484375 0.640625 0.14375 0.171875
3 0.590625 0.66328125 0.140625 0.1765625
3 0.68046875 0.73515625 0.240625 0.315625
3 0.81328125 0.78125 0.1765625 0.2765625
0 0.08359375 0.62890625 0.1671875 0.2078125
0 0.203125 0.675 0.1953125 0.2390625