2 0.08203125 0.546875 0.0375 0.06953125
1 0.059375 0.6015625 0.0671875 0.11484375
1 0.184375 0.5796875 0.05625 0.11484375
1 0.29453125 0.553125 0.03828125 0.0796875
1 0.478125 0.52421875 0.0390625 0.08046875
1 0.6703125 0.5375 0.05859375 0.13046875
2 0.73828125 0.45859375 0.04140625 0.08515625
1 0.80625 0.4859375 0.0578125 0.13046875
1 0.83828125 0.45546875 0.03515625 0.09609375
1 0.9703125 0.5015625 0.05625 0.13671875
3 0.0875 0.65703125 0.1265625 0.215625
3 0.10234375 0.58125 0.0796875 0.12578125
3 0.20703125 0.6421875 0.128125 0.22890625
3 0.38828125 0.64140625 0.15234375 0.25390625
3 0.303125 0.58828125 0.09609375 0.14375
3 0.4859375 0.5640625 0.09609375 0.15
3 0.6703125 0.60390625 0.14296875 0.27421875
3 0.73828125 0.51953125 0.08125 0.2
3 0.80546875 0.5703125 0.1390625 0.28671875
3 0.8546875 0.50390625 0.06953125 0.1859375
3 0.94453125 0.57890625 0.10859375 0.26640625