2 0.23046875 0.56328125 0.0390625 0.0578125
2 0.23671875 0.64609375 0.0625 0.1296875
2 0.34609375 0.575 0.0484375 0.06875
2 0.4828125 0.57265625 0.046875 0.08125
1 0.521875 0.690625 0.0625 0.11875
2 0.6 0.5734375 0.0484375 0.09375
2 0.70078125 0.6125 0.0515625 0.1078125
1 0.8328125 0.690625 0.0703125 0.115625
3 0.22578125 0.70625 0.1484375 0.2390625
3 0.24296875 0.59140625 0.078125 0.1078125
3 0.3390625 0.6203125 0.096875 0.16875
3 0.48359375 0.61875 0.1203125 0.1671875
3 0.52421875 0.7359375 0.146875 0.2109375
3 0.596875 0.62109375 0.0921875 0.1828125
3 0.70234375 0.69609375 0.1375 0.2734375
3 0.84609375 0.73359375 0.1390625 0.2046875
0 0.096875 0.721875 0.153125 0.2109375