1 0.15703125 0.565625 0.090625 0.140625
1 0.30390625 0.5578125 0.0515625 0.0671875
1 0.29296875 0.61796875 0.075 0.1265625
2 0.5453125 0.565625 0.05 0.08125
1 0.64453125 0.6234375 0.0640625 0.0984375
1 0.75390625 0.6734375 0.078125 0.1390625
1 0.88671875 0.728125 0.084375 0.128125
1 0.3734375 0.59609375 0.0609375 0.0921875
3 0.14921875 0.62734375 0.171875 0.2453125
3 0.2921875 0.66953125 0.15625 0.2171875
3 0.3078125 0.57421875 0.0859375 0.121875
3 0.390625 0.63203125 0.1203125 0.1640625
3 0.521875 0.6328125 0.1125 0.2390625
3 0.55546875 0.71953125 0.1625 0.2453125
3 0.63828125 0.65703125 0.1171875 0.1796875
3 0.7453125 0.73203125 0.1890625 0.275
3 0.88828125 0.7828125 0.1671875 0.2359375