2 0.2421875 0.64140625 0.0703125 0.1140625
1 0.29921875 0.621875 0.05 0.078125
2 0.3421875 0.62734375 0.0890625 0.1296875
1 0.41484375 0.5765625 0.065625 0.1015625
1 0.58203125 0.5625 0.05625 0.0734375
1 0.62734375 0.59375 0.0859375 0.1296875
2 0.7484375 0.5109375 0.078125 0.1171875
1 0.8828125 0.54765625 0.090625 0.1265625
0 0.434375 0.61640625 0.128125 0.1828125
0 0.58515625 0.59140625 0.11875 0.1484375
0 0.30625 0.6546875 0.08125 0.14375
3 0.25078125 0.7171875 0.1703125 0.2640625
3 0.36015625 0.70078125 0.2015625 0.28125
3 0.63515625 0.65234375 0.1953125 0.2671875
3 0.765625 0.5953125 0.2 0.3
3 0.89375 0.59453125 0.175 0.2328125