2 0.065625 0.61328125 0.0609375 0.1140625
2 0.1828125 0.58671875 0.0625 0.1171875
2 0.296875 0.54765625 0.04375 0.0828125
2 0.4765625 0.5203125 0.0453125 0.0828125
2 0.3890625 0.58125 0.0640625 0.1234375
2 0.63125 0.4828125 0.040625 0.0625
2 0.7109375 0.4375 0.0421875 0.0828125
1 0.82890625 0.4390625 0.05 0.0921875
2 0.93125 0.45625 0.06875 0.11875
2 0.76875 0.4796875 0.075 0.1375
1 0.6703125 0.51171875 0.059375 0.128125
3 0.08984375 0.6734375 0.13125 0.221875
3 0.196875 0.66328125 0.153125 0.2671875
3 0.30859375 0.5890625 0.103125 0.1609375
3 0.40234375 0.64453125 0.165625 0.24375
3 0.48984375 0.56171875 0.10625 0.1640625
3 0.63359375 0.52890625 0.0546875 0.1578125
3 0.66875 0.59296875 0.1359375 0.284375
3 0.71953125 0.4796875 0.0609375 0.1546875
3 0.80078125 0.5640625 0.1671875 0.29375
3 0.8421875 0.48828125 0.1 0.1859375
3 0.940625 0.5359375 0.11875 0.28125