2 0.21875 0.65625 0.090625 0.1234375
1 0.30859375 0.6171875 0.0578125 0.0859375
2 0.3578125 0.6 0.0765625 0.11875
2 0.415625 0.55078125 0.0625 0.09375
1 0.58203125 0.56484375 0.046875 0.071875
1 0.62109375 0.5859375 0.075 0.1328125
1 0.77421875 0.50703125 0.053125 0.06875
2 0.81484375 0.503125 0.0765625 0.115625
1 0.971875 0.53984375 0.05625 0.1359375
0 0.578125 0.5921875 0.1078125 0.15
0 0.76484375 0.55703125 0.1140625 0.1578125
3 0.22578125 0.7125 0.175 0.2484375
3 0.3171875 0.6453125 0.0875 0.1359375
3 0.3734375 0.67109375 0.178125 0.275
3 0.43359375 0.60234375 0.1140625 0.1890625
3 0.6296875 0.646875 0.184375 0.2609375
3 0.825 0.59140625 0.2015625 0.303125
3 0.946875 0.59453125 0.10625 0.2390625