1 0.13828125 0.5203125 0.059375 0.1109375
1 0.26796875 0.528125 0.0515625 0.11484375
2 0.43515625 0.48125 0.03984375 0.07421875
2 0.621875 0.49375 0.0421875 0.08671875
2 0.7265625 0.5140625 0.0375 0.08125
2 0.7984375 0.51875 0.0375 0.08671875
2 0.7625 0.55703125 0.0546875 0.10703125
3 0.1515625 0.56328125 0.13359375 0.175
3 0.27265625 0.5703125 0.11640625 0.1890625
3 0.39375 0.56796875 0.1546875 0.2390625
3 0.45 0.53125 0.07421875 0.15859375
3 0.60625 0.54140625 0.1015625 0.165625
3 0.70390625 0.55390625 0.096875 0.13828125
3 0.746875 0.61953125 0.1453125 0.225
3 0.81328125 0.5640625 0.06328125 0.1640625