1 0.15078125 0.65390625 0.040625 0.078125
1 0.3921875 0.61953125 0.040625 0.08671875
2 0.56640625 0.59921875 0.040625 0.08125
1 0.76328125 0.615625 0.040625 0.090625
2 0.83203125 0.628125 0.0625 0.1109375
0 0.15078125 0.678125 0.09453125 0.115625
3 0.22890625 0.659375 0.09765625 0.15625
3 0.30859375 0.66640625 0.07421875 0.14609375
3 0.3953125 0.6609375 0.09921875 0.15078125
3 0.56328125 0.69765625 0.09140625 0.26796875
3 0.67578125 0.71171875 0.12421875 0.25625
3 0.76328125 0.64609375 0.0875 0.15
3 0.8296875 0.70546875 0.17578125 0.26328125