2 0.0890625 0.61640625 0.071875 0.1375
2 0.2390625 0.57890625 0.04375 0.0875
2 0.34609375 0.56328125 0.0421875 0.0765625
2 0.48671875 0.57265625 0.05 0.0828125
2 0.60703125 0.57265625 0.0484375 0.090625
1 0.5015625 0.69921875 0.0609375 0.1078125
2 0.696875 0.61015625 0.0546875 0.1078125
1 0.83515625 0.6671875 0.06875 0.1171875
3 0.1 0.68125 0.1390625 0.2703125
3 0.2421875 0.621875 0.0984375 0.16875
3 0.34140625 0.615625 0.1 0.1828125
3 0.4890625 0.61796875 0.10625 0.1703125
0 0.5234375 0.7421875 0.146875 0.2
3 0.603125 0.62265625 0.1078125 0.178125
3 0.703125 0.6984375 0.1375 0.2734375
3 0.8453125 0.7234375 0.1453125 0.225
0 0.20859375 0.7390625 0.1578125 0.2140625