1 0.1390625 0.51875 0.06015625 0.1109375
2 0.27890625 0.50546875 0.053125 0.109375
2 0.4390625 0.48515625 0.04296875 0.08125
2 0.61953125 0.49453125 0.04609375 0.08125
2 0.709375 0.51484375 0.0390625 0.07421875
2 0.7578125 0.56015625 0.05 0.11328125
3 0.15078125 0.55859375 0.128125 0.18203125
3 0.27265625 0.56796875 0.115625 0.21796875
3 0.3890625 0.56875 0.16015625 0.24296875
3 0.446875 0.52890625 0.06875 0.1515625
3 0.60234375 0.5421875 0.10625 0.165625
3 0.70078125 0.55625 0.07734375 0.146875
3 0.7453125 0.62421875 0.14375 0.23828125
3 0.80546875 0.565625 0.06484375 0.165625