1 0.14921875 0.634375 0.04296875 0.0890625
2 0.23984375 0.58828125 0.0453125 0.08671875
1 0.3921875 0.61484375 0.05 0.0890625
2 0.69375 0.5765625 0.0421875 0.084375
2 0.78828125 0.59375 0.04296875 0.1
0 0.153125 0.65546875 0.0984375 0.121875
3 0.23515625 0.63671875 0.10234375 0.16953125
3 0.32265625 0.63046875 0.07734375 0.16484375
3 0.40390625 0.6546875 0.10078125 0.15546875
3 0.57265625 0.64140625 0.109375 0.159375
3 0.68125 0.6265625 0.09765625 0.18515625
3 0.784375 0.63046875 0.10078125 0.16640625
3 0.890625 0.71796875 0.1890625 0.2734375