2 0.22890625 0.61484375 0.071875 0.121875
1 0.2859375 0.596875 0.0609375 0.090625
2 0.340625 0.596875 0.0703125 0.125
1 0.40859375 0.571875 0.0546875 0.0984375
1 0.57578125 0.571875 0.0390625 0.071875
1 0.6140625 0.6015625 0.075 0.1390625
1 0.73359375 0.55546875 0.0765625 0.1328125
1 0.78046875 0.546875 0.0546875 0.0953125
2 0.8734375 0.56015625 0.078125 0.1234375
3 0.23125 0.68046875 0.1453125 0.240625
3 0.35625 0.66328125 0.1578125 0.259375
3 0.61328125 0.66328125 0.1671875 0.2578125
3 0.746875 0.6328125 0.1625 0.2640625
3 0.87734375 0.62578125 0.1609375 0.2546875
0 0.29609375 0.62578125 0.078125 0.1375
0 0.42109375 0.60859375 0.1015625 0.165625
0 0.5703125 0.60234375 0.09375 0.134375