1 0.1390625 0.525 0.05625 0.1125
2 0.26875 0.51796875 0.0671875 0.125
2 0.43828125 0.48203125 0.0421875 0.0859375
2 0.61953125 0.48203125 0.0453125 0.0828125
2 0.70859375 0.5 0.0421875 0.0828125
2 0.7953125 0.5046875 0.0515625 0.0984375
2 0.75703125 0.55 0.0625 0.121875
3 0.15 0.5703125 0.1359375 0.196875
3 0.27265625 0.5734375 0.1265625 0.225
3 0.39140625 0.56484375 0.1703125 0.2546875
3 0.446875 0.5171875 0.065625 0.146875
3 0.6046875 0.5296875 0.10625 0.1734375
3 0.70234375 0.53671875 0.08125 0.15
3 0.746875 0.61328125 0.1609375 0.2359375
3 0.803125 0.54375 0.0765625 0.1671875