2 0.109375 0.671875 0.0828125 0.1359375
2 0.2453125 0.6140625 0.0546875 0.0859375
2 0.35625 0.5859375 0.0484375 0.078125
2 0.48984375 0.57578125 0.05 0.084375
1 0.528125 0.70390625 0.0765625 0.125
2 0.6171875 0.55 0.0484375 0.0984375
2 0.71015625 0.584375 0.0640625 0.109375
1 0.85546875 0.61875 0.071875 0.125
0 0.246875 0.78203125 0.16875 0.2234375
3 0.12890625 0.74453125 0.1578125 0.28125
3 0.259375 0.65703125 0.115625 0.175
3 0.35859375 0.63984375 0.1125 0.1796875
3 0.503125 0.61640625 0.1171875 0.1765625
0 0.55703125 0.73515625 0.1609375 0.2171875
3 0.61796875 0.60625 0.1203125 0.196875
3 0.728125 0.66953125 0.1578125 0.2859375
3 0.8734375 0.67578125 0.1546875 0.234375