1 0.11953125 0.52109375 0.06171875 0.109375
1 0.24453125 0.53046875 0.05390625 0.109375
2 0.38515625 0.4734375 0.05390625 0.10546875
1 0.43203125 0.503125 0.03828125 0.0796875
2 0.60625 0.48984375 0.0390625 0.07578125
1 0.69140625 0.5390625 0.040625 0.08515625
1 0.79453125 0.540625 0.04375 0.08515625
1 0.73828125 0.58515625 0.05625 0.11875
3 0.14296875 0.565625 0.11328125 0.18984375
3 0.25625 0.57734375 0.12578125 0.19140625
3 0.38046875 0.56796875 0.12109375 0.28046875
3 0.446875 0.54375 0.06953125 0.15078125
3 0.58828125 0.54296875 0.096875 0.16953125
0 0.68671875 0.56796875 0.0796875 0.13125
3 0.73125 0.6390625 0.13359375 0.2140625
3 0.79375 0.578125 0.0671875 0.14453125