1 0.23203125 0.6296875 0.040625 0.09296875
1 0.30703125 0.63515625 0.04609375 0.09296875
1 0.38984375 0.628125 0.0421875 0.08515625
1 0.5734375 0.63125 0.03828125 0.08515625
1 0.78359375 0.61875 0.05 0.09453125
1 0.7109375 0.6890625 0.0625 0.1484375
3 0.16875 0.67265625 0.0828125 0.13046875
3 0.23046875 0.6734375 0.0984375 0.15546875
3 0.3109375 0.678125 0.08515625 0.15
3 0.3953125 0.66640625 0.09765625 0.15625
3 0.571875 0.66796875 0.11484375 0.153125
3 0.7046875 0.75546875 0.15625 0.2546875
3 0.78203125 0.6546875 0.09921875 0.16328125
3 0.871875 0.74375 0.1765625 0.278125