1 0.08046875 0.66328125 0.0765625 0.1234375
1 0.18125 0.6515625 0.075 0.125
1 0.3015625 0.58359375 0.0546875 0.0859375
1 0.4765625 0.528125 0.0515625 0.090625
1 0.678125 0.5046875 0.078125 0.146875
1 0.73125 0.44765625 0.05625 0.0953125
1 0.821875 0.40546875 0.0578125 0.0953125
1 0.96015625 0.4375 0.0796875 0.153125
3 0.10625 0.71484375 0.14375 0.225
3 0.2109375 0.70546875 0.190625 0.240625
3 0.3140625 0.61328125 0.11875 0.15625
3 0.421875 0.6625 0.18125 0.234375
3 0.490625 0.565625 0.121875 0.16875
3 0.68671875 0.57421875 0.1734375 0.296875
3 0.73671875 0.49296875 0.096875 0.1828125
3 0.82890625 0.5515625 0.1890625 0.2984375
3 0.8453125 0.4515625 0.1015625 0.1890625
3 0.940625 0.51796875 0.11875 0.2828125