2 0.178125 0.59375 0.0609375 0.1296875
1 0.28046875 0.56796875 0.0390625 0.08359375
2 0.32578125 0.58046875 0.05859375 0.12578125
1 0.40078125 0.5546875 0.04296875 0.09453125
1 0.56953125 0.54609375 0.0375 0.0890625
1 0.59765625 0.61484375 0.06171875 0.12578125
1 0.73203125 0.57421875 0.06875 0.1296875
2 0.87421875 0.61875 0.0640625 0.12578125
3 0.17734375 0.6515625 0.13828125 0.22890625
3 0.3203125 0.65859375 0.13828125 0.2703125
3 0.27265625 0.59296875 0.06015625 0.12890625
3 0.55390625 0.58671875 0.07890625 0.16875
3 0.59375 0.67890625 0.13203125 0.24921875
3 0.734375 0.64609375 0.13046875 0.2734375
3 0.865625 0.67578125 0.1328125 0.228125
0 0.40859375 0.596875 0.09140625 0.16796875