1 0.04765625 0.51171875 0.090625 0.1265625
1 0.15703125 0.53828125 0.084375 0.125
1 0.29296875 0.50546875 0.0625 0.0890625
1 0.48125 0.51953125 0.053125 0.0875
1 0.6625 0.5796875 0.0859375 0.15
1 0.73515625 0.5390625 0.059375 0.0953125
1 0.83359375 0.5171875 0.0546875 0.0859375
1 0.79296875 0.58359375 0.09375 0.1546875
1 0.95703125 0.5984375 0.0859375 0.153125
3 0.06875 0.56484375 0.1375 0.2421875
3 0.15 0.59765625 0.196875 0.259375
3 0.2875 0.53828125 0.13125 0.1703125
3 0.36640625 0.6046875 0.20625 0.271875
3 0.47734375 0.5546875 0.115625 0.15625
3 0.646875 0.63984375 0.19375 0.2890625
3 0.725 0.575 0.109375 0.1765625
3 0.8390625 0.571875 0.11875 0.1953125
3 0.79140625 0.659375 0.221875 0.3140625
3 0.91953125 0.665625 0.1609375 0.296875