2 0.16796875 0.62578125 0.0640625 0.12578125
1 0.3171875 0.65546875 0.053125 0.10390625
1 0.31953125 0.58125 0.03828125 0.06328125
2 0.3921875 0.58515625 0.04140625 0.09296875
2 0.56796875 0.55546875 0.0359375 0.071875
1 0.66328125 0.5984375 0.04921875 0.10390625
1 0.78515625 0.61875 0.05390625 0.13671875
1 0.92578125 0.6515625 0.06875 0.1109375
3 0.1796875 0.690625 0.12265625 0.2234375
3 0.32734375 0.703125 0.125 0.1890625
3 0.32578125 0.60625 0.06640625 0.0953125
3 0.4109375 0.6359375 0.10234375 0.1703125
3 0.55078125 0.60546875 0.08125 0.16796875
3 0.5984375 0.7 0.12421875 0.228125
3 0.6734375 0.6265625 0.08203125 0.15
3 0.78515625 0.68125 0.1375 0.2453125
3 0.93515625 0.70546875 0.12890625 0.2140625