1 0.2625 0.66328125 0.05625 0.0921875
1 0.37578125 0.625 0.0640625 0.0921875
1 0.5515625 0.61796875 0.05625 0.0921875
1 0.65625 0.5765625 0.0609375 0.0890625
2 0.76953125 0.54609375 0.0796875 0.128125
2 0.88984375 0.53203125 0.0765625 0.109375
0 0.1671875 0.81484375 0.1984375 0.2296875
0 0.3203125 0.790625 0.1875 0.2359375
3 0.26328125 0.68515625 0.1171875 0.1515625
3 0.38828125 0.66484375 0.1328125 0.1859375
3 0.5546875 0.64296875 0.1390625 0.1453125
3 0.65625 0.61171875 0.1328125 0.1875
3 0.76640625 0.6265625 0.2296875 0.3125
3 0.9125 0.60859375 0.175 0.2671875