2 0.21796875 0.57578125 0.0546875 0.1125
1 0.28046875 0.56953125 0.0390625 0.08125
1 0.3203125 0.603125 0.0609375 0.1328125
1 0.39765625 0.5546875 0.0484375 0.0921875
1 0.56640625 0.58203125 0.0265625 0.0578125
1 0.5953125 0.621875 0.05625 0.1234375
2 0.73671875 0.5703125 0.0578125 0.115625
3 0.209375 0.6421875 0.1265625 0.228125
3 0.3109375 0.65859375 0.15 0.2390625
3 0.58984375 0.68125 0.1421875 0.2421875
3 0.734375 0.65703125 0.1453125 0.2828125
3 0.8625 0.68671875 0.140625 0.2265625
0 0.275 0.59765625 0.0546875 0.1453125
0 0.4046875 0.5953125 0.0890625 0.165625
0 0.55546875 0.60859375 0.0828125 0.1296875
0 0.78828125 0.6203125 0.059375 0.1375