1 0.17421875 0.690625 0.0515625 0.0859375
1 0.23671875 0.65625 0.05625 0.0828125
1 0.3140625 0.6390625 0.05 0.084375
1 0.4140625 0.63125 0.05625 0.0859375
2 0.5828125 0.62265625 0.046875 0.0796875
1 0.7734375 0.60234375 0.0609375 0.084375
1 0.86875 0.65546875 0.0875 0.1328125
0 0.17109375 0.7125 0.1109375 0.1359375
3 0.24609375 0.69375 0.1140625 0.159375
3 0.33359375 0.67890625 0.1 0.1640625
3 0.41875 0.67578125 0.10625 0.1625
3 0.58828125 0.7015625 0.10625 0.2375
3 0.68984375 0.68671875 0.153125 0.28125
0 0.88515625 0.70078125 0.1609375 0.2296875
3 0.77421875 0.628125 0.1015625 0.140625