1 0.15078125 0.65390625 0.03984375 0.07421875
1 0.21953125 0.63046875 0.04609375 0.090625
2 0.30078125 0.61484375 0.04296875 0.0890625
1 0.4 0.61953125 0.0453125 0.08046875
2 0.57265625 0.63046875 0.03515625 0.078125
1 0.7609375 0.63046875 0.046875 0.08515625
0 0.15078125 0.68046875 0.09453125 0.1203125
3 0.22890625 0.6671875 0.1 0.146875
3 0.31328125 0.65859375 0.0875 0.16484375
3 0.4015625 0.6671875 0.08984375 0.15859375
3 0.56640625 0.7125 0.084375 0.225
3 0.67578125 0.7109375 0.121875 0.25625
3 0.7609375 0.66171875 0.09453125 0.134375
3 0.86015625 0.7421875 0.14140625 0.225