2 0.23515625 0.57421875 0.040625 0.05625
2 0.240625 0.65546875 0.05625 0.11875
2 0.3453125 0.5765625 0.04140625 0.071875
2 0.48515625 0.57421875 0.04296875 0.08046875
1 0.5265625 0.690625 0.05390625 0.11484375
2 0.60078125 0.565625 0.04296875 0.090625
2 0.703125 0.60859375 0.0546875 0.1109375
1 0.83984375 0.6765625 0.0609375 0.11953125
3 0.23671875 0.71171875 0.1328125 0.2390625
3 0.246875 0.6046875 0.07734375 0.109375
3 0.34296875 0.6265625 0.08828125 0.16171875
3 0.48828125 0.615625 0.10078125 0.15859375
3 0.5328125 0.7328125 0.140625 0.21796875
3 0.60390625 0.61875 0.090625 0.184375
3 0.7078125 0.6890625 0.13046875 0.271875
3 0.853125 0.71953125 0.1296875 0.18828125
0 0.10625 0.734375 0.1453125 0.22421875