2 0.1609375 0.6015625 0.078125 0.134375
1 0.3125 0.5765625 0.0515625 0.0703125
1 0.30625 0.64453125 0.0625 0.1109375
2 0.38515625 0.57578125 0.05 0.096875
2 0.5640625 0.5609375 0.04375 0.0765625
1 0.6546875 0.6078125 0.05 0.1046875
1 0.77109375 0.64296875 0.0640625 0.1296875
1 0.9109375 0.690625 0.0765625 0.1203125
3 0.16796875 0.6578125 0.1453125 0.2453125
3 0.3078125 0.6953125 0.1390625 0.2125
3 0.32109375 0.596875 0.0921875 0.1265625
3 0.40390625 0.62421875 0.109375 0.178125
3 0.53984375 0.609375 0.0953125 0.190625
3 0.58125 0.70625 0.1390625 0.2296875
3 0.65859375 0.64453125 0.1125 0.178125
3 0.76171875 0.7046875 0.15625 0.259375
3 0.9140625 0.7375 0.1515625 0.2296875