2 0.1578125 0.60703125 0.08125 0.13125
1 0.31171875 0.5765625 0.0484375 0.0671875
1 0.309375 0.6421875 0.0625 0.1171875
2 0.38671875 0.57890625 0.0484375 0.096875
2 0.565625 0.56015625 0.0421875 0.075
1 0.65625 0.6078125 0.0484375 0.096875
1 0.77578125 0.63828125 0.065625 0.128125
1 0.91640625 0.675 0.071875 0.1171875
3 0.165625 0.66796875 0.15 0.2296875
3 0.31484375 0.6953125 0.14375 0.1984375
3 0.32109375 0.59375 0.075 0.0921875
3 0.40625 0.62421875 0.109375 0.1828125
3 0.54140625 0.61015625 0.0890625 0.175
3 0.5796875 0.71640625 0.1328125 0.2265625
3 0.66015625 0.63828125 0.109375 0.1703125
3 0.7625 0.70234375 0.1640625 0.25
3 0.91953125 0.73359375 0.14375 0.2265625