1 0.18359375 0.7046875 0.0734375 0.115625
1 0.27421875 0.70859375 0.0671875 0.1015625
1 0.3640625 0.659375 0.071875 0.1078125
1 0.5765625 0.628125 0.059375 0.109375
2 0.80546875 0.53046875 0.06875 0.103125
1 0.7375 0.6484375 0.096875 0.16875
3 0.1140625 0.7671875 0.128125 0.1765625
3 0.18671875 0.75 0.1671875 0.2140625
3 0.2875 0.7421875 0.1296875 0.1796875
3 0.38671875 0.7078125 0.15 0.2140625
3 0.58515625 0.6640625 0.1609375 0.184375
3 0.74921875 0.72109375 0.2328125 0.328125
3 0.815625 0.5890625 0.1484375 0.2390625
3 0.8984375 0.65703125 0.203125 0.3296875