1 0.178125 0.628125 0.0640625 0.12578125
1 0.3171875 0.59375 0.040625 0.059375
1 0.31640625 0.65625 0.05390625 0.10390625
1 0.39765625 0.61953125 0.046875 0.0890625
2 0.55703125 0.55625 0.0375 0.08125
1 0.66328125 0.59375 0.04375 0.1
1 0.78203125 0.6234375 0.05546875 0.13046875
1 0.92578125 0.65078125 0.065625 0.11953125
3 0.1796875 0.68984375 0.13203125 0.221875
3 0.32578125 0.70234375 0.125 0.19375
3 0.32890625 0.61015625 0.08359375 0.0984375
3 0.4109375 0.6546875 0.10078125 0.15
3 0.54921875 0.61171875 0.0671875 0.1703125
3 0.5984375 0.70234375 0.121875 0.23046875
3 0.66796875 0.63125 0.0796875 0.16015625
3 0.78828125 0.6859375 0.13828125 0.25859375
3 0.93828125 0.69453125 0.12265625 0.21640625