1 0.23125 0.60390625 0.0453125 0.08515625
1 0.35078125 0.5984375 0.05078125 0.09375
1 0.5265625 0.61875 0.03828125 0.0703125
1 0.62890625 0.61484375 0.04296875 0.0890625
2 0.75390625 0.6046875 0.05390625 0.11328125
2 0.871875 0.621875 0.0546875 0.09375
3 0.234375 0.63671875 0.10625 0.14453125
3 0.3515625 0.63359375 0.09140625 0.1640625
3 0.51640625 0.6359375 0.10859375 0.13125
3 0.6265625 0.63828125 0.10078125 0.13125
3 0.7359375 0.6890625 0.17421875 0.27109375
3 0.87578125 0.6953125 0.12109375 0.2390625
0 0.1140625 0.728125 0.17109375 0.18828125
0 0.25859375 0.746875 0.14375 0.20390625