1 0.11875 0.48515625 0.0765625 0.1234375
1 0.2453125 0.5 0.071875 0.125
2 0.390625 0.47265625 0.065625 0.1109375
1 0.4359375 0.4875 0.0515625 0.0953125
2 0.60625 0.50703125 0.0515625 0.0890625
2 0.68828125 0.53984375 0.04375 0.08125
2 0.7890625 0.56171875 0.05625 0.09375
1 0.72421875 0.61171875 0.0703125 0.125
0 0.13671875 0.5296875 0.1421875 0.1890625
3 0.246875 0.553125 0.14375 0.2109375
3 0.378125 0.55546875 0.1828125 0.271875
3 0.44140625 0.525 0.078125 0.1546875
3 0.58359375 0.5515625 0.1171875 0.1796875
3 0.67265625 0.578125 0.10625 0.15625
3 0.71171875 0.66796875 0.1671875 0.221875
3 0.78828125 0.60390625 0.090625 0.171875