1 0.1484375 0.4921875 0.065625 0.115625
1 0.26171875 0.51953125 0.0625 0.10625
2 0.4390625 0.48515625 0.0453125 0.0890625
2 0.62734375 0.49765625 0.046875 0.0796875
2 0.79375 0.5296875 0.04375 0.078125
2 0.7609375 0.5625 0.0609375 0.109375
3 0.15859375 0.53828125 0.1328125 0.196875
3 0.27109375 0.56328125 0.121875 0.1859375
3 0.39375 0.56015625 0.1484375 0.240625
3 0.45078125 0.52734375 0.0875 0.1609375
3 0.60859375 0.54453125 0.1140625 0.16875
3 0.7015625 0.559375 0.1 0.1484375
3 0.80625 0.578125 0.08125 0.16875
3 0.746875 0.63125 0.153125 0.2421875