1 0.22890625 0.60546875 0.04296875 0.090625
1 0.34765625 0.60078125 0.04765625 0.08671875
1 0.52421875 0.61953125 0.0390625 0.08671875
1 0.62890625 0.61484375 0.05 0.0890625
2 0.75234375 0.5984375 0.0546875 0.11875
2 0.87578125 0.61484375 0.059375 0.10390625
0 0.11015625 0.73203125 0.16640625 0.1859375
0 0.25546875 0.74140625 0.146875 0.20390625
3 0.228125 0.63203125 0.0984375 0.1390625
3 0.353125 0.6359375 0.09296875 0.15859375
3 0.5171875 0.64453125 0.09921875 0.13203125
3 0.62578125 0.6484375 0.09765625 0.12890625
3 0.7359375 0.68671875 0.171875 0.28046875
3 0.87265625 0.696875 0.11796875 0.25