2 0.1796875 0.59375 0.059375 0.1203125
1 0.278125 0.57265625 0.0359375 0.08046875
2 0.32265625 0.5765625 0.0625 0.11953125
1 0.403125 0.55546875 0.0453125 0.09453125
1 0.57265625 0.56796875 0.03125 0.0796875
2 0.6 0.59296875 0.0546875 0.10390625
2 0.87265625 0.61875 0.06484375 0.11875
0 0.40703125 0.59375 0.08828125 0.16875
0 0.553125 0.6046875 0.06953125 0.14609375
3 0.17578125 0.65 0.134375 0.228125
3 0.3171875 0.65078125 0.13359375 0.25546875
3 0.2734375 0.59453125 0.07109375 0.125
3 0.59375 0.6765625 0.14140625 0.2640625
3 0.7515625 0.65546875 0.12421875 0.2890625
3 0.87109375 0.6734375 0.1234375 0.23671875