2 0.12265625 0.56015625 0.0734375 0.1046875
1 0.25390625 0.57578125 0.075 0.125
1 0.38828125 0.53046875 0.071875 0.1265625
2 0.43828125 0.5015625 0.046875 0.0828125
2 0.6046875 0.47734375 0.05625 0.0953125
1 0.6953125 0.50625 0.0546875 0.0921875
2 0.790625 0.46796875 0.0546875 0.0953125
1 0.76640625 0.54921875 0.078125 0.1234375
3 0.146875 0.61796875 0.178125 0.2234375
3 0.26953125 0.61484375 0.1515625 0.2140625
3 0.40234375 0.58671875 0.165625 0.2609375
3 0.4578125 0.54296875 0.0921875 0.1640625
3 0.60859375 0.53046875 0.121875 0.1859375
3 0.8046875 0.51328125 0.103125 0.1859375
3 0.703125 0.53125 0.115625 0.1453125
0 0.7609375 0.59609375 0.1671875 0.2296875