1 0.11796875 0.56171875 0.078125 0.11875
2 0.2671875 0.521875 0.071875 0.10625
2 0.38359375 0.49453125 0.065625 0.109375
1 0.42578125 0.50390625 0.040625 0.078125
2 0.5953125 0.47265625 0.0515625 0.0796875
2 0.6890625 0.48515625 0.046875 0.06875
2 0.790625 0.5 0.0546875 0.096875
1 0.74609375 0.55078125 0.0734375 0.13125
3 0.14375 0.6140625 0.1421875 0.209375
3 0.27421875 0.59140625 0.140625 0.24375
3 0.40078125 0.578125 0.1796875 0.278125
3 0.4453125 0.54375 0.08125 0.165625
3 0.59453125 0.52734375 0.1171875 0.1828125
3 0.68671875 0.5328125 0.1015625 0.159375
3 0.74296875 0.603125 0.1640625 0.2390625
3 0.8015625 0.5375 0.0828125 0.1640625