1 0.18671875 0.60625 0.0734375 0.121875
1 0.315625 0.5984375 0.0640625 0.13046875
1 0.59765625 0.615625 0.065625 0.1203125
2 0.74296875 0.55546875 0.0609375 0.10703125
2 0.8609375 0.57421875 0.059375 0.11953125
0 0.56015625 0.60703125 0.08515625 0.121875
3 0.18515625 0.653125 0.13203125 0.21796875
3 0.31953125 0.65703125 0.13359375 0.24609375
3 0.39765625 0.58828125 0.08203125 0.16875
3 0.59375 0.67421875 0.1390625 0.24375
3 0.74609375 0.64609375 0.13046875 0.290625
3 0.875 0.65390625 0.15234375 0.2734375