1 0.09921875 0.3953125 0.0875 0.1296875
1 0.246875 0.44453125 0.08125 0.1203125
2 0.3890625 0.42734375 0.0796875 0.1171875
2 0.4234375 0.43671875 0.04375 0.071875
2 0.60390625 0.484375 0.0578125 0.0890625
2 0.684375 0.521875 0.0515625 0.0796875
2 0.76875 0.55078125 0.053125 0.08125
2 0.7296875 0.56328125 0.078125 0.115625
0 0.12109375 0.43984375 0.175 0.209375
3 0.246875 0.48671875 0.1546875 0.20625
3 0.3703125 0.503125 0.20625 0.278125
3 0.43359375 0.48515625 0.109375 0.178125
3 0.58125 0.52734375 0.134375 0.178125
3 0.6703125 0.5625 0.1140625 0.1640625
3 0.70234375 0.63046875 0.1859375 0.2515625
3 0.76640625 0.59296875 0.0953125 0.1671875