1 0.14140625 0.4296875 0.0828125 0.115625
1 0.24375 0.47109375 0.0828125 0.125
2 0.4046875 0.44453125 0.0765625 0.1078125
1 0.43125 0.48828125 0.0546875 0.0875
2 0.60390625 0.51484375 0.0546875 0.08125
2 0.6796875 0.5671875 0.0578125 0.0765625
2 0.7765625 0.609375 0.065625 0.09375
1 0.7109375 0.63515625 0.08125 0.128125
3 0.14375 0.47734375 0.146875 0.2015625
3 0.24453125 0.52109375 0.1703125 0.2203125
3 0.37421875 0.5296875 0.1828125 0.290625
0 0.43828125 0.52890625 0.1015625 0.153125
3 0.57578125 0.56171875 0.1359375 0.190625
3 0.665625 0.59921875 0.109375 0.1515625
3 0.68828125 0.6890625 0.1828125 0.2390625
3 0.76796875 0.64375 0.1078125 0.16875