2 0.11796875 0.48125 0.0640625 0.103125
1 0.246875 0.51640625 0.065625 0.121875
1 0.38203125 0.50546875 0.053125 0.1203125
2 0.44140625 0.490625 0.0390625 0.071875
2 0.61015625 0.50546875 0.04375 0.0828125
1 0.68671875 0.5484375 0.0421875 0.08125
2 0.7921875 0.534375 0.0421875 0.090625
1 0.7484375 0.61015625 0.0640625 0.1265625
0 0.68671875 0.578125 0.1015625 0.1359375
0 0.73203125 0.65078125 0.1515625 0.225
3 0.13046875 0.5375 0.159375 0.2171875
3 0.2484375 0.5609375 0.128125 0.196875
3 0.38359375 0.56796875 0.1359375 0.2390625
3 0.44375 0.62578125 0.0828125 0.34375
3 0.59765625 0.55234375 0.109375 0.1828125
3 0.79453125 0.578125 0.0796875 0.178125