1 0.15 0.54140625 0.096875 0.14375
1 0.30078125 0.54296875 0.05625 0.06875
1 0.284375 0.6046875 0.08125 0.121875
1 0.365625 0.596875 0.065625 0.096875
2 0.53671875 0.5671875 0.0546875 0.0828125
1 0.63671875 0.6328125 0.0671875 0.1046875
1 0.74140625 0.690625 0.0859375 0.140625
1 0.87109375 0.75859375 0.090625 0.1265625
3 0.14296875 0.59296875 0.1875 0.2640625
3 0.27734375 0.6578125 0.1640625 0.21875
3 0.2953125 0.56328125 0.0828125 0.1109375
3 0.37265625 0.628125 0.1390625 0.1578125
3 0.515625 0.61015625 0.1234375 0.18125
3 0.54296875 0.71796875 0.175 0.246875
3 0.6296875 0.66953125 0.1234375 0.18125
3 0.73046875 0.75 0.190625 0.2703125
3 0.8703125 0.8078125 0.1734375 0.2359375