2 0.17578125 0.5609375 0.0703125 0.125
1 0.3125 0.5609375 0.0734375 0.1390625
1 0.56015625 0.596875 0.046875 0.0734375
1 0.58046875 0.63046875 0.071875 0.1234375
2 0.7359375 0.5890625 0.0828125 0.125
2 0.83984375 0.628125 0.075 0.121875
3 0.165625 0.61171875 0.165625 0.23125
3 0.31484375 0.62578125 0.1609375 0.259375
3 0.3828125 0.571875 0.1109375 0.178125
3 0.56953125 0.690625 0.171875 0.253125
3 0.72265625 0.67578125 0.1640625 0.3
3 0.8453125 0.70546875 0.18125 0.2796875
3 0.27734375 0.56328125 0.078125 0.140625
0 0.540625 0.61796875 0.0953125 0.140625