1 0.20390625 0.734375 0.0625 0.0890625
1 0.2609375 0.69140625 0.065625 0.0875
1 0.33515625 0.66328125 0.059375 0.0890625
1 0.43359375 0.6421875 0.065625 0.090625
2 0.59921875 0.61015625 0.05625 0.0828125
1 0.784375 0.56328125 0.0703125 0.090625
1 0.88671875 0.60234375 0.103125 0.140625
0 0.20390625 0.75625 0.125 0.146875
3 0.27578125 0.72734375 0.13125 0.16875
3 0.36015625 0.7 0.11875 0.171875
3 0.44375 0.68515625 0.125 0.1703125
3 0.61484375 0.68671875 0.1359375 0.24375
3 0.7140625 0.65859375 0.1875 0.2921875
0 0.9078125 0.6453125 0.184375 0.24375
3 0.78984375 0.5890625 0.1171875 0.15