1 0.23125 0.634375 0.04375 0.096875
1 0.309375 0.63671875 0.046875 0.0828125
1 0.39375 0.63203125 0.0453125 0.0875
1 0.575 0.62890625 0.0453125 0.084375
1 0.784375 0.609375 0.0484375 0.1
1 0.7140625 0.68671875 0.0671875 0.1453125
3 0.1734375 0.6765625 0.08125 0.1359375
3 0.234375 0.6734375 0.10625 0.1625
3 0.315625 0.68046875 0.0890625 0.1515625
3 0.39921875 0.66953125 0.096875 0.1609375
3 0.57578125 0.66875 0.1171875 0.1484375
3 0.7109375 0.7515625 0.1625 0.2671875
3 0.784375 0.65078125 0.0984375 0.171875
3 0.87578125 0.7328125 0.171875 0.28125