1 0.08359375 0.63125 0.0328125 0.03671875
1 0.06953125 0.6890625 0.0625 0.1109375
1 0.18203125 0.69140625 0.05625 0.11640625
1 0.29453125 0.6109375 0.04375 0.08125
1 0.47265625 0.60390625 0.0375 0.078125
1 0.40390625 0.6515625 0.05859375 0.12578125
1 0.6359375 0.56484375 0.03828125 0.07421875
1 0.7203125 0.55 0.04140625 0.08125
1 0.81640625 0.53125 0.04765625 0.0890625
1 0.6734375 0.59921875 0.05625 0.11875
1 0.79609375 0.6203125 0.06640625 0.13359375
1 0.94140625 0.590625 0.06640625 0.13359375
3 0.078125 0.7484375 0.121875 0.21796875
3 0.10859375 0.678125 0.08359375 0.12109375
0 0.19296875 0.734375 0.13515625 0.1890625
3 0.30390625 0.64921875 0.08984375 0.1453125
3 0.4046875 0.703125 0.13359375 0.2015625
3 0.48515625 0.63203125 0.09765625 0.12421875
3 0.62890625 0.59765625 0.05546875 0.1359375
3 0.6671875 0.671875 0.13046875 0.2546875
3 0.72734375 0.5859375 0.0671875 0.14375
3 0.81953125 0.57578125 0.096875 0.15546875
0 0.79453125 0.68359375 0.14609375 0.21171875
3 0.934375 0.65546875 0.13125 0.2453125