2 0.22421875 0.5234375 0.059375 0.0765625
2 0.2125 0.59765625 0.0828125 0.134375
2 0.33125 0.5453125 0.0578125 0.078125
2 0.4703125 0.5640625 0.0609375 0.090625
2 0.584375 0.5859375 0.059375 0.0890625
1 0.4828125 0.69453125 0.0796875 0.1296875
2 0.6765625 0.64609375 0.075 0.109375
1 0.79296875 0.740625 0.0875 0.128125
0 0.08046875 0.646875 0.1609375 0.240625
3 0.19140625 0.65625 0.190625 0.2734375
3 0.22890625 0.54921875 0.0953125 0.11875
3 0.32109375 0.59140625 0.11875 0.1765625
3 0.46484375 0.61171875 0.13125 0.1796875
3 0.484375 0.7359375 0.1859375 0.2390625
3 0.575 0.63671875 0.1234375 0.1875
3 0.66484375 0.7328125 0.18125 0.2890625
3 0.8 0.78828125 0.171875 0.2265625