1 0.1984375 0.734375 0.059375 0.084375
1 0.2578125 0.68984375 0.0640625 0.096875
2 0.33515625 0.6609375 0.0640625 0.0875
1 0.4328125 0.63984375 0.0609375 0.09375
2 0.59921875 0.61015625 0.05625 0.0796875
1 0.784375 0.56328125 0.0625 0.0890625
3 0.90625 0.64609375 0.1875 0.2515625
3 0.78984375 0.58828125 0.1203125 0.153125
3 0.7171875 0.659375 0.1875 0.2875
3 0.61796875 0.6859375 0.1390625 0.25
3 0.4421875 0.68203125 0.1265625 0.1765625
3 0.35625 0.696875 0.121875 0.171875
3 0.28046875 0.728125 0.121875 0.16875
0 0.20234375 0.7578125 0.11875 0.14375