1 0.190625 0.72578125 0.053125 0.0875
1 0.4234375 0.6375 0.0609375 0.0890625
1 0.59921875 0.63359375 0.053125 0.08125
1 0.77578125 0.56015625 0.0625 0.096875
1 0.72421875 0.64453125 0.084375 0.1390625
0 0.275 0.73515625 0.125 0.1421875
0 0.35703125 0.7234375 0.1046875 0.115625
0 0.59453125 0.6640625 0.1234375 0.1375
0 0.90859375 0.6921875 0.1828125 0.2125
0 0.19453125 0.746875 0.128125 0.153125
3 0.43359375 0.67734375 0.121875 0.1703125
3 0.73515625 0.70234375 0.2109375 0.2734375
3 0.7796875 0.5953125 0.1296875 0.1796875