2 0.17109375 0.5265625 0.0828125 0.125
1 0.27109375 0.52734375 0.0578125 0.0875
2 0.31015625 0.55390625 0.08125 0.1359375
1 0.39453125 0.5421875 0.0640625 0.1015625
1 0.56328125 0.57890625 0.046875 0.0859375
1 0.57734375 0.62578125 0.071875 0.1203125
2 0.73203125 0.5796875 0.0734375 0.1140625
2 0.8640625 0.671875 0.084375 0.1296875
0 0.25703125 0.55703125 0.0890625 0.15
0 0.5390625 0.61015625 0.1015625 0.1546875
3 0.15703125 0.59140625 0.1796875 0.25625
3 0.29296875 0.61953125 0.1796875 0.2796875
3 0.39296875 0.58125 0.1171875 0.1765625
3 0.5625 0.68515625 0.18125 0.2703125
3 0.7109375 0.678125 0.1828125 0.321875
3 0.8359375 0.728125 0.1796875 0.2609375