2 0.16953125 0.51484375 0.0875 0.1359375
1 0.265625 0.5125 0.0609375 0.096875
2 0.3046875 0.54296875 0.0859375 0.1359375
1 0.38984375 0.53046875 0.0640625 0.0984375
1 0.5484375 0.5828125 0.046875 0.0765625
1 0.57265625 0.6265625 0.0765625 0.1234375
2 0.7203125 0.58828125 0.0734375 0.1078125
2 0.83515625 0.665625 0.0796875 0.1140625
3 0.15078125 0.56640625 0.1875 0.2515625
3 0.28515625 0.60703125 0.19375 0.2828125
3 0.3875 0.56953125 0.125 0.1765625
3 0.5484375 0.69140625 0.2015625 0.28125
3 0.69765625 0.69296875 0.2015625 0.325
3 0.81171875 0.7390625 0.184375 0.2875
0 0.25546875 0.5390625 0.0984375 0.15
0 0.53125 0.61484375 0.1046875 0.1515625