1 0.0765625 0.62421875 0.0421875 0.0640625
1 0.06015625 0.68515625 0.0703125 0.1109375
1 0.17109375 0.66328125 0.071875 0.1125
1 0.28828125 0.603125 0.0515625 0.0828125
1 0.46015625 0.56015625 0.0453125 0.0796875
1 0.38359375 0.628125 0.0703125 0.125
1 0.6203125 0.50859375 0.040625 0.06875
1 0.7 0.484375 0.05 0.084375
1 0.778125 0.45 0.0453125 0.0734375
1 0.659375 0.5453125 0.0625 0.1234375
1 0.7671875 0.52890625 0.0703125 0.13125
1 0.91796875 0.4859375 0.078125 0.1171875
3 0.08515625 0.73515625 0.1421875 0.21875
3 0.10078125 0.66640625 0.0921875 0.1390625
3 0.19375 0.70625 0.1328125 0.2140625
3 0.3 0.62890625 0.1078125 0.146875
3 0.3984375 0.67734375 0.171875 0.2234375
3 0.471875 0.590625 0.1109375 0.1484375
3 0.6171875 0.546875 0.059375 0.1390625
3 0.65390625 0.60625 0.1453125 0.2515625
3 0.7078125 0.52109375 0.0734375 0.1546875
3 0.7828125 0.58515625 0.1671875 0.2484375
3 0.7890625 0.49375 0.1109375 0.165625
3 0.91953125 0.5515625 0.1609375 0.259375