2 0.19375 0.6265625 0.075 0.125
1 0.2875 0.59296875 0.05 0.0890625
2 0.33203125 0.59921875 0.075 0.128125
1 0.4046875 0.5671875 0.05625 0.1
1 0.584375 0.56015625 0.040625 0.0765625
1 0.6140625 0.60703125 0.065625 0.1203125
2 0.75078125 0.51796875 0.04375 0.06875
1 0.90078125 0.5640625 0.08125 0.1359375
3 0.19609375 0.68671875 0.1609375 0.24375
3 0.3359375 0.675 0.1625 0.2734375
3 0.2828125 0.61875 0.0734375 0.134375
3 0.6140625 0.66875 0.1578125 0.25625
3 0.77265625 0.62734375 0.15625 0.28125
3 0.89453125 0.62734375 0.146875 0.2625
3 0.74453125 0.5671875 0.078125 0.1625
0 0.41796875 0.603125 0.103125 0.175
0 0.57421875 0.596875 0.1 0.1484375