2 0.13203125 0.47421875 0.05546875 0.09375
2 0.25703125 0.49921875 0.05234375 0.10625
2 0.38828125 0.48359375 0.05234375 0.0984375
2 0.440625 0.49296875 0.0359375 0.07421875
3 0.134375 0.5453125 0.14375 0.23359375
3 0.25078125 0.565625 0.12578125 0.215625
3 0.38671875 0.57109375 0.11875 0.25703125
3 0.45 0.534375 0.06640625 0.1546875
0 0.6 0.57109375 0.1078125 0.12890625
0 0.70078125 0.58046875 0.090625 0.1203125
0 0.815625 0.60859375 0.1046875 0.1140625
0 0.7453125 0.6640625 0.16328125 0.18515625