1 0.153125 0.65546875 0.0390625 0.08125
1 0.22109375 0.62265625 0.0421875 0.08203125
1 0.39453125 0.628125 0.04140625 0.08515625
2 0.57109375 0.628125 0.0421875 0.078125
1 0.7640625 0.61484375 0.04296875 0.0890625
2 0.85078125 0.6734375 0.05859375 0.13046875
0 0.15 0.67421875 0.09375 0.11953125
3 0.2328125 0.66015625 0.09765625 0.15546875
3 0.31015625 0.6609375 0.07890625 0.15546875
3 0.39453125 0.6640625 0.09453125 0.14609375
3 0.56875 0.7078125 0.07890625 0.23828125
3 0.68046875 0.709375 0.1109375 0.26171875
3 0.765625 0.65078125 0.1 0.15625
3 0.85859375 0.73125 0.14140625 0.24609375