2 0.17734375 0.575 0.071875 0.1171875
1 0.27265625 0.55625 0.0453125 0.08125
2 0.31875 0.57734375 0.0640625 0.134375
1 0.40078125 0.55 0.04375 0.090625
1 0.565625 0.57265625 0.0390625 0.0765625
1 0.59609375 0.61171875 0.05625 0.1234375
2 0.73828125 0.553125 0.05625 0.10625
2 0.86328125 0.63359375 0.0671875 0.121875
3 0.16875 0.63359375 0.14375 0.2375
3 0.31015625 0.64765625 0.146875 0.2625
3 0.40390625 0.59375 0.0921875 0.1609375
3 0.58359375 0.678125 0.15625 0.259375
3 0.734375 0.65390625 0.140625 0.3109375
3 0.86328125 0.68984375 0.146875 0.2421875
0 0.26953125 0.5859375 0.0703125 0.1390625
0 0.55234375 0.60625 0.0859375 0.14375