1 0.14609375 0.46328125 0.0765625 0.1203125
1 0.265625 0.50078125 0.06875 0.1125
2 0.440625 0.47890625 0.0484375 0.084375
2 0.62578125 0.50859375 0.0515625 0.0859375
2 0.79140625 0.5453125 0.0515625 0.0796875
2 0.75703125 0.5875 0.065625 0.1203125
3 0.15546875 0.5109375 0.1453125 0.203125
3 0.26953125 0.5453125 0.1359375 0.1890625
3 0.39609375 0.54453125 0.1625 0.2546875
3 0.45078125 0.5203125 0.1 0.165625
3 0.6046875 0.5515625 0.121875 0.18125
3 0.69609375 0.56953125 0.103125 0.15625
3 0.73515625 0.6484375 0.175 0.2515625
3 0.8 0.59453125 0.0875 0.1765625