1 0.08515625 0.68046875 0.08125 0.1203125
2 0.19375 0.64921875 0.078125 0.1265625
1 0.30625 0.58515625 0.0578125 0.0875
1 0.3921875 0.60703125 0.084375 0.140625
1 0.47578125 0.5234375 0.05625 0.096875
1 0.66796875 0.4953125 0.0828125 0.1390625
1 0.72890625 0.43984375 0.0625 0.096875
1 0.80078125 0.47578125 0.0875 0.153125
1 0.815625 0.3921875 0.0546875 0.0875
1 0.95703125 0.425 0.0859375 0.153125
3 0.11171875 0.728125 0.15 0.2265625
3 0.20625 0.7203125 0.1875 0.2609375
3 0.31640625 0.61484375 0.121875 0.159375
3 0.42578125 0.66953125 0.1875 0.2578125
3 0.49375 0.5609375 0.1234375 0.1765625
3 0.6828125 0.5703125 0.178125 0.2953125
3 0.73203125 0.4484375 0.09375 0.1328125
3 0.82265625 0.54140625 0.2015625 0.2890625
3 0.83671875 0.42109375 0.0984375 0.1421875
3 0.93828125 0.4984375 0.1234375 0.284375