2 0.1453125 0.49375 0.05625 0.10390625
2 0.25390625 0.5015625 0.05390625 0.11484375
2 0.38515625 0.4859375 0.053125 0.09375
2 0.44140625 0.48984375 0.03671875 0.0796875
2 0.60078125 0.4859375 0.04140625 0.08046875
2 0.68515625 0.51484375 0.03984375 0.06640625
2 0.81328125 0.540625 0.040625 0.07421875
2 0.77109375 0.58046875 0.0484375 0.1203125
3 0.15078125 0.55625 0.10546875 0.20859375
3 0.24921875 0.56796875 0.1265625 0.2296875
3 0.38515625 0.56953125 0.11640625 0.253125
3 0.44765625 0.53203125 0.06953125 0.15703125
3 0.59765625 0.540625 0.10234375 0.17890625
3 0.6875 0.55625 0.0859375 0.14921875
3 0.7375 0.634375 0.15078125 0.2234375
3 0.815625 0.58046875 0.0515625 0.16171875