2 0.13046875 0.52421875 0.0703125 0.1125
1 0.365625 0.52890625 0.0671875 0.1390625
2 0.42734375 0.496875 0.04375 0.078125
2 0.60234375 0.475 0.05 0.0828125
2 0.7875 0.48828125 0.053125 0.0828125
1 0.74375 0.5515625 0.0734375 0.125
3 0.14921875 0.58984375 0.134375 0.234375
3 0.27265625 0.5984375 0.1328125 0.2234375
3 0.39296875 0.5859375 0.175 0.2515625
3 0.44453125 0.54140625 0.0890625 0.1703125
3 0.59765625 0.53203125 0.115625 0.184375
3 0.6890625 0.5359375 0.09375 0.15
3 0.740625 0.6109375 0.153125 0.234375
3 0.7984375 0.53515625 0.0859375 0.1703125