1 0.03515625 0.50078125 0.0703125 0.1234375
1 0.19765625 0.50859375 0.065625 0.1234375
1 0.31875 0.46796875 0.0671875 0.1296875
2 0.36875 0.453125 0.040625 0.0734375
2 0.5515625 0.446875 0.04375 0.0796875
2 0.70078125 0.4953125 0.05625 0.109375
0 0.07578125 0.5453125 0.1515625 0.2125
3 0.209375 0.546875 0.1375 0.19375
3 0.340625 0.52890625 0.1640625 0.2453125
3 0.390625 0.5015625 0.084375 0.1609375
3 0.54375 0.49140625 0.1078125 0.1765625
3 0.6328125 0.50234375 0.090625 0.15
3 0.69296875 0.55625 0.1515625 0.228125
3 0.73984375 0.51484375 0.0734375 0.153125