2 0.175 0.55234375 0.0734375 0.1125
1 0.2703125 0.54296875 0.0546875 0.0890625
2 0.31484375 0.56328125 0.075 0.1359375
1 0.3984375 0.54609375 0.05625 0.1
1 0.56640625 0.57109375 0.0453125 0.0796875
1 0.58359375 0.61484375 0.0671875 0.140625
2 0.7375 0.55546875 0.0671875 0.109375
2 0.87421875 0.65234375 0.08125 0.1375
3 0.1640625 0.61484375 0.1578125 0.2390625
3 0.303125 0.6359375 0.159375 0.278125
3 0.3984375 0.58671875 0.103125 0.1734375
3 0.57421875 0.684375 0.16875 0.2625
3 0.721875 0.66484375 0.1671875 0.33125
3 0.85390625 0.7078125 0.1671875 0.2546875
0 0.2625 0.5734375 0.078125 0.15
0 0.54921875 0.609375 0.090625 0.1515625