2 0.18203125 0.59296875 0.06171875 0.10390625
1 0.2765625 0.571875 0.0375 0.0890625
2 0.32265625 0.58046875 0.06171875 0.12421875
1 0.403125 0.55390625 0.04375 0.10390625
1 0.57578125 0.56953125 0.03203125 0.07578125
1 0.59765625 0.61953125 0.05859375 0.11328125
1 0.75390625 0.5703125 0.05859375 0.13671875
1 0.8734375 0.646875 0.06875 0.12421875
0 0.409375 0.59453125 0.08671875 0.171875
0 0.559375 0.60625 0.0796875 0.13984375
0 0.596875 0.68046875 0.13515625 0.23359375
0 0.27265625 0.6015625 0.06328125 0.13828125
3 0.17734375 0.65234375 0.1375 0.225
3 0.31875 0.65859375 0.1359375 0.2609375
3 0.7484375 0.64453125 0.12578125 0.28515625
3 0.8734375 0.69140625 0.12734375 0.2046875