1 0.253125 0.64921875 0.059375 0.0875
1 0.3703125 0.62265625 0.0609375 0.0984375
1 0.54609375 0.6125 0.0578125 0.084375
1 0.646875 0.59375 0.059375 0.09375
2 0.765625 0.55078125 0.0765625 0.121875
2 0.8875 0.55234375 0.071875 0.1046875
0 0.15390625 0.80078125 0.190625 0.209375
0 0.30078125 0.78203125 0.178125 0.23125
3 0.26796875 0.67890625 0.1390625 0.1625
3 0.375 0.6609375 0.125 0.1734375
3 0.540625 0.6359375 0.11875 0.1296875
3 0.64609375 0.61328125 0.1359375 0.1578125
3 0.7625 0.64765625 0.215625 0.3078125
3 0.9046875 0.6265625 0.1625 0.2828125