1 0.15625 0.659375 0.0390625 0.0796875
1 0.221875 0.63359375 0.0421875 0.090625
2 0.303125 0.6125 0.0390625 0.08125
1 0.403125 0.6203125 0.0390625 0.084375
2 0.575 0.63046875 0.040625 0.06875
1 0.76328125 0.62578125 0.0484375 0.0828125
1 0.853125 0.68515625 0.06875 0.1265625
0 0.15390625 0.684375 0.0953125 0.125
3 0.23125 0.6734375 0.1 0.159375
3 0.31796875 0.65859375 0.0890625 0.1578125
3 0.40625 0.6625 0.0921875 0.15625
3 0.5734375 0.7125 0.0875 0.2296875
3 0.67578125 0.70859375 0.1265625 0.2578125
3 0.76171875 0.65078125 0.0890625 0.134375
0 0.865625 0.7328125 0.1453125 0.2265625