1 0.17578125 0.61875 0.06796875 0.11953125
1 0.3171875 0.59375 0.03828125 0.06640625
1 0.31953125 0.65546875 0.05625 0.109375
1 0.3953125 0.61875 0.04453125 0.09296875
2 0.5578125 0.55546875 0.0375 0.08125
1 0.66328125 0.590625 0.04140625 0.08515625
1 0.78515625 0.62109375 0.06015625 0.13046875
1 0.92578125 0.65 0.06640625 0.11875
3 0.18515625 0.68359375 0.13046875 0.23046875
3 0.32734375 0.70703125 0.1265625 0.19609375
3 0.328125 0.61875 0.0734375 0.11484375
3 0.41171875 0.6515625 0.0984375 0.1484375
3 0.546875 0.6046875 0.07578125 0.16328125
3 0.59765625 0.703125 0.12421875 0.23515625
3 0.6734375 0.63125 0.08828125 0.1546875
3 0.78984375 0.684375 0.13046875 0.26328125
3 0.93671875 0.7015625 0.1265625 0.21953125