1 0.240625 0.58203125 0.0453125 0.08671875
1 0.4 0.59921875 0.0453125 0.08125
1 0.5734375 0.5984375 0.0375 0.09296875
1 0.67265625 0.58515625 0.04921875 0.10546875
1 0.78984375 0.59375 0.0453125 0.09609375
1 0.87734375 0.65546875 0.0703125 0.1484375
3 0.15 0.63828125 0.1078125 0.14453125
3 0.240625 0.63046875 0.1015625 0.16328125
3 0.325 0.64296875 0.0671875 0.13046875
3 0.39765625 0.64140625 0.09765625 0.1546875
3 0.571875 0.640625 0.11015625 0.15078125
3 0.67421875 0.63203125 0.09765625 0.17890625
3 0.78359375 0.63046875 0.10546875 0.1609375
3 0.865625 0.72421875 0.1953125 0.25625