1 0.15078125 0.65546875 0.04609375 0.08125
1 0.39453125 0.61875 0.04609375 0.08125
1 0.56953125 0.65625 0.04296875 0.07421875
1 0.75703125 0.61875 0.04453125 0.08125
1 0.6890625 0.690625 0.0625 0.13671875
0 0.1484375 0.68125 0.096875 0.1359375
3 0.4 0.65625 0.08671875 0.1609375
3 0.6875 0.74375 0.16328125 0.25
3 0.75703125 0.65390625 0.08984375 0.15859375
0 0.2328125 0.68046875 0.1 0.109375
0 0.3125 0.69140625 0.08828125 0.0953125
0 0.5578125 0.68046875 0.10390625 0.1203125
0 0.86171875 0.7703125 0.1515625 0.19609375