2 0.215625 0.57421875 0.053125 0.09609375
1 0.2828125 0.56171875 0.04140625 0.08359375
2 0.33125 0.57890625 0.0578125 0.11640625
1 0.3984375 0.559375 0.046875 0.1
1 0.56640625 0.58359375 0.03984375 0.07421875
1 0.60078125 0.61484375 0.06015625 0.13359375
1 0.72265625 0.59375 0.06484375 0.128125
1 0.76953125 0.56875 0.04609375 0.078125
2 0.859375 0.6015625 0.0609375 0.11484375
3 0.2109375 0.64453125 0.11953125 0.22578125
3 0.3390625 0.64765625 0.1234375 0.24921875
3 0.59296875 0.6765625 0.13828125 0.24140625
3 0.7296875 0.6578125 0.13203125 0.2546875
3 0.85625 0.66875 0.12734375 0.2390625
3 0.77421875 0.60546875 0.06171875 0.1484375
3 0.28828125 0.59609375 0.065625 0.13984375
0 0.41171875 0.59609375 0.08125 0.16171875
0 0.5578125 0.60859375 0.08203125 0.13671875