2 0.128125 0.7125 0.1 0.146875
2 0.26640625 0.63203125 0.0625 0.09375
2 0.36015625 0.6046875 0.059375 0.0890625
2 0.503125 0.571875 0.0578125 0.0875
2 0.61875 0.5453125 0.0625 0.096875
1 0.5515625 0.6921875 0.0890625 0.1296875
2 0.7203125 0.5609375 0.075 0.11875
1 0.8671875 0.5875 0.08125 0.128125
3 0.15703125 0.78046875 0.184375 0.2859375
3 0.27890625 0.678125 0.1203125 0.1765625
3 0.37265625 0.65625 0.1265625 0.1921875
3 0.51875 0.6171875 0.1296875 0.18125
0 0.58046875 0.7234375 0.1765625 0.21875
3 0.6296875 0.59375 0.1375 0.1875
3 0.74453125 0.640625 0.1859375 0.284375
3 0.88984375 0.628125 0.1765625 0.240625
0 0.27890625 0.8 0.18125 0.23125