1 0.10234375 0.56015625 0.0671875 0.125
1 0.24609375 0.54375 0.065625 0.115625
2 0.38359375 0.48671875 0.0625 0.1078125
1 0.69609375 0.52578125 0.0484375 0.0828125
1 0.79609375 0.528125 0.05 0.0984375
2 0.740625 0.54140625 0.0640625 0.10625
0 0.1390625 0.59296875 0.1359375 0.178125
3 0.259375 0.58984375 0.1375 0.1984375
3 0.38828125 0.565625 0.1546875 0.2671875
3 0.45078125 0.53671875 0.0703125 0.153125
3 0.59140625 0.5390625 0.103125 0.1765625
3 0.6890625 0.55546875 0.090625 0.140625
3 0.7375 0.60625 0.1484375 0.2390625
3 0.7984375 0.56328125 0.071875 0.1578125