1 0.15390625 0.653125 0.0375 0.0796875
1 0.21953125 0.62890625 0.040625 0.090625
2 0.3015625 0.609375 0.0375 0.08125
1 0.40078125 0.61875 0.0375 0.08359375
2 0.57265625 0.63203125 0.03984375 0.06875
1 0.7609375 0.63046875 0.04765625 0.08125
1 0.85 0.69140625 0.0671875 0.12578125
0 0.15078125 0.678125 0.09296875 0.1234375
3 0.228125 0.66875 0.096875 0.15703125
3 0.31484375 0.65546875 0.08671875 0.15703125
3 0.403125 0.6609375 0.0890625 0.15546875
3 0.56953125 0.7140625 0.08359375 0.228125
3 0.671875 0.71171875 0.12265625 0.25625
3 0.759375 0.65546875 0.08671875 0.13359375
0 0.86171875 0.7390625 0.1421875 0.2234375