2 0.12578125 0.7046875 0.103125 0.146875
2 0.26328125 0.6359375 0.0671875 0.1015625
2 0.3625 0.60234375 0.0546875 0.0875
2 0.5015625 0.57109375 0.059375 0.0953125
1 0.55 0.69921875 0.08125 0.11875
2 0.61796875 0.54765625 0.0609375 0.096875
2 0.7203125 0.56484375 0.078125 0.115625
1 0.8640625 0.59375 0.084375 0.128125
3 0.15078125 0.76875 0.1828125 0.28125
3 0.2734375 0.67265625 0.125 0.1765625
3 0.375 0.64921875 0.1234375 0.184375
3 0.5109375 0.62109375 0.1265625 0.1796875
0 0.57734375 0.7203125 0.171875 0.228125
3 0.62734375 0.5953125 0.1375 0.1921875
3 0.740625 0.6484375 0.1765625 0.284375
3 0.88671875 0.63984375 0.171875 0.2421875
0 0.271875 0.79453125 0.184375 0.234375