1 0.15234375 0.60078125 0.0828125 0.121875
1 0.28046875 0.5796875 0.0765625 0.1234375
2 0.4328125 0.49609375 0.05625 0.08125
2 0.6171875 0.46640625 0.0609375 0.09375
2 0.72421875 0.4625 0.0546875 0.0875
2 0.7953125 0.45078125 0.05625 0.0921875
2 0.76875 0.496875 0.078125 0.1171875
3 0.175 0.63984375 0.1703125 0.2
3 0.29453125 0.61953125 0.15625 0.2109375
3 0.41171875 0.58984375 0.2046875 0.2671875
3 0.45859375 0.54140625 0.1078125 0.171875
3 0.6125 0.51640625 0.1359375 0.184375
3 0.7109375 0.50703125 0.125 0.15625
3 0.7671875 0.5609375 0.1921875 0.2515625
3 0.81953125 0.4921875 0.0984375 0.1734375