1 0.1546875 0.65546875 0.04375 0.07421875
1 0.21953125 0.62421875 0.04609375 0.08125
2 0.30078125 0.615625 0.04140625 0.07578125
1 0.3984375 0.61875 0.040625 0.08359375
2 0.571875 0.63046875 0.0421875 0.06328125
1 0.759375 0.63046875 0.040625 0.07578125
1 0.85234375 0.69296875 0.0671875 0.12578125
0 0.153125 0.68125 0.09296875 0.11953125
3 0.23046875 0.6625 0.09140625 0.14375
3 0.315625 0.659375 0.0859375 0.14453125
3 0.4 0.66171875 0.08828125 0.15546875
3 0.56796875 0.70625 0.08359375 0.22890625
3 0.67421875 0.70625 0.1265625 0.2640625
3 0.759375 0.65703125 0.08984375 0.12578125
0 0.859375 0.74140625 0.14296875 0.2265625