1 0.15 0.5296875 0.0734375 0.115625
1 0.26796875 0.546875 0.06875 0.115625
2 0.43984375 0.49296875 0.0484375 0.0875
2 0.62578125 0.484375 0.05 0.084375
2 0.79765625 0.4875 0.0453125 0.0765625
2 0.76640625 0.534375 0.0578125 0.1125
3 0.16640625 0.5796875 0.1296875 0.1984375
3 0.2796875 0.5921875 0.121875 0.184375
3 0.4 0.56796875 0.1578125 0.2390625
3 0.4546875 0.52890625 0.0859375 0.1609375
3 0.61171875 0.52734375 0.1125 0.175
3 0.7078125 0.5375 0.096875 0.153125
3 0.8140625 0.54140625 0.078125 0.1734375
3 0.7578125 0.59921875 0.159375 0.2421875