1 0.0890625 0.4453125 0.075 0.125
1 0.24140625 0.47578125 0.06875 0.1140625
2 0.38125 0.44140625 0.0671875 0.1125
2 0.41640625 0.44609375 0.0359375 0.06875
2 0.60078125 0.471875 0.0484375 0.084375
2 0.68515625 0.49921875 0.04375 0.078125
2 0.7734375 0.51796875 0.04375 0.078125
2 0.7359375 0.53515625 0.0671875 0.1109375
0 0.11640625 0.48671875 0.15625 0.196875
3 0.246875 0.5171875 0.134375 0.1953125
3 0.371875 0.51875 0.1796875 0.2640625
3 0.43203125 0.49375 0.090625 0.171875
3 0.58359375 0.5171875 0.1171875 0.1703125
3 0.6765625 0.54140625 0.096875 0.15625
3 0.7171875 0.6046875 0.1609375 0.2390625
3 0.77578125 0.559375 0.0765625 0.1625