2 0.11796875 0.50703125 0.0609375 0.096875
1 0.24609375 0.540625 0.0625 0.115625
1 0.3859375 0.51484375 0.0546875 0.1203125
2 0.43828125 0.49375 0.0375 0.0734375
2 0.6109375 0.4953125 0.046875 0.0828125
1 0.69296875 0.53359375 0.04375 0.0828125
2 0.79375 0.50390625 0.0453125 0.0828125
1 0.7546875 0.58828125 0.0625 0.1203125
3 0.1375 0.56640625 0.1546875 0.2078125
3 0.25546875 0.5796875 0.1265625 0.2
3 0.38984375 0.57578125 0.13125 0.2375
3 0.45390625 0.62421875 0.08125 0.3328125
3 0.60234375 0.540625 0.1046875 0.1734375
3 0.8 0.5546875 0.0796875 0.175
3 0.69296875 0.559375 0.0953125 0.1328125
0 0.74609375 0.6328125 0.1421875 0.2140625