2 0.23671875 0.61328125 0.04375 0.090625
1 0.35078125 0.59921875 0.0453125 0.096875
1 0.52734375 0.61875 0.040625 0.0875
1 0.6359375 0.60078125 0.0453125 0.0953125
2 0.75390625 0.5859375 0.0625 0.1125
2 0.8765625 0.60546875 0.059375 0.0984375
0 0.1140625 0.74921875 0.1734375 0.1875
0 0.26640625 0.753125 0.15 0.2140625
3 0.228125 0.63828125 0.084375 0.1484375
3 0.35546875 0.63359375 0.1 0.16875
3 0.52265625 0.64609375 0.1125 0.134375
3 0.63125 0.6375 0.1140625 0.1453125
3 0.740625 0.68046875 0.18125 0.290625
3 0.88359375 0.68125 0.1390625 0.2609375