2 0.1796875 0.53359375 0.0875 0.11875
1 0.27890625 0.53828125 0.0515625 0.090625
2 0.328125 0.53671875 0.0703125 0.1171875
2 0.39609375 0.51640625 0.0578125 0.1
1 0.5515625 0.5921875 0.05 0.08125
1 0.57578125 0.621875 0.0828125 0.134375
1 0.74765625 0.61796875 0.05 0.0703125
2 0.78828125 0.62578125 0.0765625 0.1234375
1 0.934375 0.725 0.08125 0.153125
0 0.534375 0.6140625 0.1015625 0.1515625
0 0.721875 0.6546875 0.1140625 0.1609375
3 0.1671875 0.59140625 0.1765625 0.246875
3 0.2765625 0.55546875 0.084375 0.13125
3 0.31640625 0.61015625 0.1765625 0.2765625
3 0.39609375 0.5703125 0.1171875 0.2
3 0.5609375 0.684375 0.1859375 0.275
3 0.7640625 0.70703125 0.19375 0.2984375
3 0.89765625 0.77265625 0.1546875 0.2390625