1 0.18359375 0.70078125 0.0625 0.0921875
2 0.26015625 0.646875 0.0625 0.1
1 0.41796875 0.625 0.065625 0.09375
2 0.70390625 0.52734375 0.0625 0.09375
2 0.70625 0.6421875 0.0703125 0.0734375
2 0.80078125 0.5296875 0.065625 0.103125
0 0.19375 0.72421875 0.1234375 0.14375
3 0.2703125 0.69296875 0.1390625 0.19375
3 0.35390625 0.665625 0.1140625 0.1796875
3 0.43828125 0.6625 0.1328125 0.1765625
3 0.6 0.6234375 0.1421875 0.1859375
3 0.70390625 0.5859375 0.134375 0.2015625
3 0.8046875 0.56953125 0.13125 0.1890625
3 0.89921875 0.63046875 0.2015625 0.3078125