1 0.06015625 0.6015625 0.0625 0.11484375
1 0.17890625 0.596875 0.06640625 0.10546875
1 0.29609375 0.54375 0.0421875 0.08125
1 0.38203125 0.58046875 0.06015625 0.12578125
1 0.47578125 0.53125 0.0375 0.0890625
1 0.66875 0.54921875 0.0578125 0.13515625
2 0.73828125 0.47421875 0.04765625 0.09296875
1 0.821875 0.51953125 0.06875 0.1609375
1 0.96875 0.50703125 0.0578125 0.14453125
3 0.0890625 0.6578125 0.11953125 0.215625
3 0.2046875 0.653125 0.121875 0.20703125
3 0.3 0.584375 0.0953125 0.14375
3 0.403125 0.63515625 0.13515625 0.23515625
3 0.4890625 0.565625 0.0984375 0.14296875
3 0.67109375 0.60703125 0.13515625 0.26640625
3 0.73828125 0.52578125 0.07578125 0.18828125
3 0.8171875 0.59140625 0.1578125 0.2796875
3 0.94609375 0.58359375 0.10390625 0.27578125