1 0.06953125 0.59296875 0.04609375 0.07421875
1 0.028125 0.640625 0.05546875 0.1109375
1 0.15625 0.63125 0.0578125 0.10703125
1 0.26640625 0.5890625 0.04765625 0.08125
1 0.45078125 0.55859375 0.03359375 0.08359375
1 0.38515625 0.62578125 0.05390625 0.1109375
1 0.61953125 0.51796875 0.03671875 0.071875
1 0.6515625 0.5546875 0.05 0.11328125
1 0.7015625 0.50390625 0.0375 0.08125
1 0.79375 0.475 0.0421875 0.06875
1 0.78515625 0.58046875 0.06171875 0.1203125
1 0.92265625 0.52578125 0.06796875 0.1109375
0 0.05390625 0.69609375 0.10546875 0.20078125
3 0.084375 0.63671875 0.07890625 0.1453125
3 0.1546875 0.69453125 0.13828125 0.2234375
3 0.27421875 0.6140625 0.0890625 0.12578125
3 0.378125 0.665625 0.13203125 0.190625
3 0.4640625 0.590625 0.09140625 0.1390625
3 0.61171875 0.559375 0.059375 0.14453125
3 0.646875 0.6203125 0.13515625 0.23671875
3 0.70703125 0.54375 0.06796875 0.1484375
3 0.77890625 0.615625 0.13359375 0.21875
3 0.79609375 0.50546875 0.08984375 0.13984375
3 0.921875 0.59921875 0.14765625 0.23671875