1 0.040625 0.646875 0.0609375 0.11328125
1 0.05703125 0.58046875 0.03828125 0.05390625
1 0.14453125 0.621875 0.05546875 0.10546875
1 0.2703125 0.553125 0.03984375 0.0796875
1 0.61640625 0.51875 0.03125 0.06640625
1 0.696875 0.50546875 0.040625 0.08125
1 0.78515625 0.48515625 0.04375 0.08125
1 0.9171875 0.53046875 0.06484375 0.128125
1 0.771875 0.575 0.065625 0.13125
1 0.64453125 0.54296875 0.04765625 0.11484375
3 0.05859375 0.69375 0.11328125 0.20703125
3 0.1625 0.678125 0.1296875 0.2015625
3 0.27265625 0.590625 0.09921875 0.15703125
3 0.07578125 0.62109375 0.08828125 0.1109375
3 0.40390625 0.64765625 0.13984375 0.2265625
3 0.60546875 0.56171875 0.05234375 0.134375
3 0.64296875 0.61796875 0.121875 0.25078125
3 0.7015625 0.54375 0.07265625 0.14296875
3 0.77421875 0.61640625 0.146875 0.21796875
3 0.7890625 0.53984375 0.11015625 0.18359375
3 0.92109375 0.73359375 0.14921875 0.525