1 0.165625 0.675 0.05 0.0921875
1 0.228125 0.64140625 0.0484375 0.084375
1 0.40390625 0.6328125 0.046875 0.084375
2 0.5828125 0.61875 0.04375 0.08125
1 0.76953125 0.59296875 0.0515625 0.0859375
2 0.8625 0.65 0.0703125 0.1359375
0 0.1640625 0.70078125 0.103125 0.1328125
3 0.240625 0.68125 0.1109375 0.1625
3 0.321875 0.675 0.0890625 0.1640625
3 0.40859375 0.6703125 0.103125 0.1546875
3 0.584375 0.709375 0.0953125 0.2390625
3 0.69296875 0.69296875 0.13125 0.271875
3 0.77421875 0.63046875 0.109375 0.1609375
3 0.871875 0.7046875 0.1515625 0.2421875