2 0.196875 0.69765625 0.078125 0.128125
2 0.25078125 0.64765625 0.05625 0.08125
2 0.31171875 0.66171875 0.08125 0.1203125
2 0.36953125 0.60546875 0.0625 0.0890625
1 0.553125 0.61640625 0.0546875 0.0875
1 0.64765625 0.58125 0.0578125 0.0875
2 0.75859375 0.53671875 0.08125 0.1234375
2 0.88671875 0.5390625 0.065625 0.103125
3 0.2 0.7609375 0.1703125 0.2515625
3 0.25234375 0.6625 0.0875 0.134375
3 0.33671875 0.72578125 0.18125 0.284375
3 0.38984375 0.646875 0.1125 0.1828125
3 0.54921875 0.64609375 0.1328125 0.14375
3 0.65625 0.61171875 0.128125 0.1640625
3 0.76875 0.634375 0.225 0.3203125
3 0.91171875 0.61640625 0.1703125 0.2796875