1 0.12890625 0.5734375 0.059375 0.0828125
1 0.1984375 0.5578125 0.0625 0.0890625
2 0.2796875 0.56796875 0.0578125 0.0828125
1 0.37421875 0.59296875 0.0578125 0.090625
2 0.540625 0.64296875 0.0546875 0.071875
1 0.7234375 0.68515625 0.05625 0.0828125
1 0.8 0.7671875 0.09375 0.1375
0 0.12109375 0.5984375 0.1171875 0.1375
3 0.20078125 0.59765625 0.121875 0.1609375
3 0.284375 0.6140625 0.115625 0.1609375
3 0.36640625 0.63515625 0.1203125 0.171875
3 0.51953125 0.71640625 0.1328125 0.2421875
3 0.6234375 0.73984375 0.1828125 0.2859375
3 0.7171875 0.71171875 0.115625 0.1421875
0 0.79609375 0.81640625 0.190625 0.253125