2 0.08046875 0.57265625 0.0890625 0.1421875
2 0.225 0.55625 0.05625 0.0984375
2 0.340625 0.5546875 0.05625 0.08125
2 0.471875 0.5703125 0.0484375 0.0859375
1 0.48203125 0.6984375 0.0828125 0.1390625
2 0.596875 0.57734375 0.0515625 0.0859375
2 0.684375 0.63046875 0.0625 0.10625
2 0.82265625 0.68203125 0.071875 0.125
3 0.08203125 0.63828125 0.1640625 0.2765625
3 0.22890625 0.5921875 0.1203125 0.1828125
3 0.32890625 0.6015625 0.1203125 0.1859375
3 0.471875 0.61953125 0.1203125 0.178125
0 0.4984375 0.73828125 0.1671875 0.2234375
3 0.590625 0.62578125 0.125 0.1953125
3 0.678125 0.71796875 0.1609375 0.2796875
3 0.82109375 0.746875 0.16875 0.2609375
0 0.18359375 0.70703125 0.175 0.225