2 0.12578125 0.5 0.06015625 0.10703125
2 0.25703125 0.50703125 0.05390625 0.1109375
1 0.3640625 0.5140625 0.05703125 0.11875
1 0.43203125 0.49921875 0.040625 0.08125
2 0.60078125 0.48515625 0.03984375 0.08125
2 0.671875 0.51875 0.0421875 0.08125
1 0.7921875 0.54453125 0.04609375 0.09296875
1 0.74453125 0.5953125 0.0625 0.128125
3 0.140625 0.55 0.11171875 0.209375
3 0.26171875 0.56640625 0.1140625 0.21796875
3 0.38515625 0.57578125 0.15234375 0.234375
3 0.440625 0.5375 0.07109375 0.15625
3 0.59140625 0.53984375 0.09375 0.1703125
3 0.675 0.55546875 0.0859375 0.14296875
3 0.7328125 0.64296875 0.1390625 0.20859375
3 0.796875 0.578125 0.06484375 0.14453125