2 0.2046875 0.52421875 0.075 0.11875
1 0.26953125 0.5265625 0.0640625 0.1
2 0.32421875 0.54140625 0.075 0.115625
1 0.39140625 0.53671875 0.065625 0.103125
1 0.55 0.6 0.05 0.075
1 0.57890625 0.63359375 0.08125 0.1390625
1 0.7046875 0.63125 0.08125 0.1375
1 0.75078125 0.6203125 0.0609375 0.1
2 0.83671875 0.67265625 0.0890625 0.1328125
3 0.18828125 0.58671875 0.165625 0.2453125
3 0.31328125 0.61171875 0.1734375 0.2640625
3 0.55390625 0.69140625 0.178125 0.2609375
3 0.6953125 0.70234375 0.18125 0.28125
3 0.82109375 0.73671875 0.175 0.2546875
3 0.7453125 0.66171875 0.0890625 0.1546875
0 0.26875 0.56015625 0.0890625 0.1453125
0 0.3921875 0.5796875 0.1125 0.175
0 0.53515625 0.62578125 0.1046875 0.1453125