1 0.04609375 0.3921875 0.075 0.1265625
1 0.2 0.43984375 0.0765625 0.11875
2 0.33671875 0.40859375 0.071875 0.1109375
2 0.37890625 0.4234375 0.04375 0.065625
2 0.6625 0.50859375 0.0453125 0.075
2 0.7 0.53984375 0.0640625 0.1140625
3 0.203125 0.4890625 0.1421875 0.2078125
3 0.3390625 0.4890625 0.1875 0.2671875
3 0.39453125 0.4765625 0.09375 0.1625
3 0.54453125 0.50390625 0.1171875 0.18125
3 0.634375 0.5375 0.1046875 0.1390625
3 0.67734375 0.59453125 0.16875 0.2328125
3 0.73515625 0.5640625 0.0765625 0.1515625
0 0.07890625 0.45078125 0.1578125 0.2234375