2 0.1578125 0.5953125 0.0859375 0.140625
1 0.31328125 0.571875 0.0515625 0.0671875
1 0.30390625 0.6390625 0.0671875 0.1203125
2 0.3859375 0.5765625 0.0546875 0.090625
2 0.56328125 0.5625 0.046875 0.078125
1 0.65234375 0.6109375 0.0515625 0.1015625
1 0.7703125 0.65703125 0.075 0.1390625
1 0.90703125 0.69453125 0.0828125 0.1265625
3 0.159375 0.65546875 0.153125 0.2375
3 0.30546875 0.6890625 0.1453125 0.2015625
3 0.315625 0.58359375 0.0875 0.0921875
3 0.403125 0.6234375 0.1078125 0.175
3 0.53671875 0.60859375 0.1046875 0.1828125
3 0.575 0.7140625 0.1453125 0.23125
3 0.65703125 0.64609375 0.1171875 0.178125
3 0.7609375 0.71015625 0.165625 0.2546875
3 0.90703125 0.74296875 0.159375 0.2296875