1 0.12578125 0.50703125 0.06484375 0.11484375
2 0.4265625 0.48359375 0.0375 0.078125
2 0.61015625 0.49140625 0.04296875 0.07578125
2 0.70390625 0.51875 0.0375 0.08125
2 0.778125 0.51875 0.0390625 0.078125
2 0.74765625 0.55546875 0.05390625 0.10703125
3 0.1375 0.55703125 0.140625 0.1890625
3 0.25625 0.57578125 0.1140625 0.2015625
3 0.36953125 0.565625 0.1640625 0.2265625
3 0.43203125 0.53046875 0.07421875 0.15703125
3 0.59375 0.54296875 0.10390625 0.165625
3 0.6875 0.553125 0.08828125 0.14140625
3 0.7328125 0.62421875 0.14140625 0.23359375
3 0.7953125 0.56484375 0.06640625 0.159375