1 0.1484375 0.6296875 0.046875 0.08515625
2 0.23828125 0.59296875 0.04140625 0.08515625
1 0.3921875 0.609375 0.04921875 0.09453125
2 0.68828125 0.578125 0.05 0.0890625
1 0.78515625 0.59296875 0.04765625 0.0890625
3 0.153125 0.65546875 0.1015625 0.13359375
3 0.23359375 0.64375 0.1078125 0.17578125
3 0.31953125 0.63046875 0.08671875 0.1609375
3 0.403125 0.6484375 0.10234375 0.15859375
3 0.5734375 0.63671875 0.1078125 0.165625
3 0.6796875 0.6265625 0.09765625 0.18359375
3 0.784375 0.634375 0.10078125 0.16875
3 0.890625 0.71796875 0.18515625 0.28984375