2 0.0953125 0.63671875 0.07109375 0.125
2 0.24765625 0.58828125 0.04296875 0.0859375
2 0.34921875 0.5734375 0.03828125 0.071875
2 0.4921875 0.57109375 0.04140625 0.08046875
1 0.51328125 0.69921875 0.06484375 0.10546875
2 0.609375 0.57109375 0.05 0.09375
2 0.703125 0.609375 0.053125 0.11875
1 0.84296875 0.65546875 0.0640625 0.11875
3 0.10703125 0.70390625 0.13515625 0.2609375
3 0.24375 0.628125 0.0921875 0.16171875
3 0.34453125 0.6265625 0.09375 0.175
3 0.4921875 0.61875 0.09921875 0.1640625
0 0.53359375 0.7390625 0.1359375 0.2
3 0.60625 0.61796875 0.1015625 0.17890625
3 0.70625 0.69140625 0.13203125 0.26328125
3 0.85390625 0.70546875 0.13515625 0.21875
0 0.21953125 0.75 0.15234375 0.20546875