2 0.17109375 0.58359375 0.071875 0.134375
1 0.27890625 0.5578125 0.0421875 0.0890625
2 0.31875 0.57109375 0.06875 0.128125
1 0.3984375 0.5484375 0.0484375 0.0953125
1 0.5640625 0.546875 0.0375 0.0828125
1 0.58984375 0.61796875 0.0609375 0.121875
1 0.73046875 0.584375 0.0640625 0.128125
2 0.86484375 0.63828125 0.065625 0.1265625
0 0.4015625 0.59140625 0.1 0.1703125
3 0.1703125 0.63203125 0.1453125 0.2359375
3 0.26875 0.5828125 0.0671875 0.1390625
3 0.31171875 0.64765625 0.146875 0.265625
3 0.5484375 0.58828125 0.0953125 0.1734375
3 0.5890625 0.68046875 0.1546875 0.25
3 0.7296875 0.6609375 0.1421875 0.28125
3 0.85703125 0.6921875 0.15 0.2375