1 0.13203125 0.61015625 0.053125 0.0828125
1 0.38203125 0.6046875 0.059375 0.0921875
1 0.55 0.6625 0.0515625 0.071875
1 0.740625 0.646875 0.053125 0.0859375
1 0.6640625 0.7125 0.075 0.1359375
0 0.2125 0.64921875 0.1109375 0.1265625
0 0.29140625 0.66875 0.096875 0.0984375
0 0.53671875 0.6875 0.1171875 0.13125
0 0.82578125 0.82109375 0.178125 0.2078125
0 0.128125 0.634375 0.1109375 0.1390625
3 0.38125 0.646875 0.109375 0.1671875
3 0.65625 0.76875 0.1890625 0.2625
3 0.73671875 0.68203125 0.109375 0.159375