1 0.06328125 0.60546875 0.07109375 0.1109375
1 0.184375 0.5890625 0.059375 0.1109375
1 0.296875 0.54140625 0.040625 0.090625
1 0.478125 0.528125 0.0453125 0.08515625
2 0.40703125 0.54375 0.05234375 0.109375
1 0.6671875 0.54296875 0.05625 0.13671875
2 0.73828125 0.46875 0.04765625 0.078125
2 0.8140625 0.5109375 0.075 0.14453125
1 0.9703125 0.4984375 0.05625 0.13359375
3 0.08828125 0.6578125 0.115625 0.2140625
3 0.2 0.6484375 0.11328125 0.2234375
3 0.303125 0.58203125 0.10234375 0.1546875
3 0.41640625 0.621875 0.13046875 0.2515625
3 0.48984375 0.5625 0.0953125 0.146875
3 0.66953125 0.60625 0.13125 0.2609375
3 0.74140625 0.52421875 0.0875 0.19140625
3 0.81328125 0.58828125 0.159375 0.2859375
3 0.84453125 0.49296875 0.0875 0.16015625
3 0.946875 0.5828125 0.10625 0.26171875