1 0.15390625 0.66015625 0.0453125 0.078125
1 0.39453125 0.621875 0.0453125 0.090625
2 0.56796875 0.596875 0.0375 0.08125
1 0.76484375 0.60390625 0.0421875 0.0890625
2 0.83125 0.6234375 0.0640625 0.1171875
0 0.153125 0.684375 0.09375 0.1171875
3 0.23046875 0.66640625 0.096875 0.159375
3 0.3125 0.66953125 0.0765625 0.15
3 0.3984375 0.6640625 0.1 0.1578125
3 0.56640625 0.69609375 0.0984375 0.271875
3 0.6796875 0.7078125 0.1375 0.2578125
3 0.7640625 0.6390625 0.0890625 0.1578125
3 0.8328125 0.70234375 0.1859375 0.2671875