2 0.23125 0.61171875 0.065625 0.109375
1 0.28671875 0.5953125 0.0515625 0.0953125
1 0.33125 0.62734375 0.075 0.1390625
1 0.40625 0.5671875 0.0578125 0.1046875
1 0.5796875 0.571875 0.0453125 0.0671875
1 0.6125 0.60703125 0.0671875 0.1296875
2 0.746875 0.53359375 0.065625 0.1109375
0 0.80078125 0.58046875 0.0828125 0.146875
0 0.29453125 0.6265625 0.06875 0.14375
0 0.4203125 0.60703125 0.10625 0.16875
0 0.575 0.603125 0.10625 0.1390625
3 0.228125 0.68125 0.14375 0.2421875
3 0.3375 0.68203125 0.1734375 0.2515625
3 0.6140625 0.66328125 0.1671875 0.2453125
3 0.75078125 0.62265625 0.171875 0.290625
3 0.88515625 0.63359375 0.1625 0.2453125