2 0.1078125 0.671875 0.084375 0.1328125
2 0.24921875 0.61953125 0.059375 0.1
2 0.3625 0.590625 0.0515625 0.0859375
2 0.490625 0.5796875 0.053125 0.09375
1 0.53203125 0.6984375 0.0734375 0.11875
2 0.61875 0.55234375 0.053125 0.0890625
2 0.7109375 0.58359375 0.0640625 0.115625
2 0.85703125 0.5953125 0.071875 0.11875
3 0.12734375 0.7421875 0.15625 0.271875
3 0.259375 0.6515625 0.115625 0.178125
3 0.35703125 0.63984375 0.1125 0.18125
3 0.50078125 0.61953125 0.109375 0.1734375
3 0.61640625 0.60625 0.121875 0.1890625
0 0.5578125 0.734375 0.15625 0.2140625
3 0.72578125 0.67109375 0.1609375 0.290625
3 0.871875 0.659375 0.153125 0.25
0 0.246875 0.78515625 0.1625 0.2171875