2 0.240625 0.58984375 0.046875 0.084375
2 0.2515625 0.678125 0.0625 0.1234375
2 0.35390625 0.58515625 0.0421875 0.071875
2 0.4875 0.58046875 0.0453125 0.0953125
1 0.5421875 0.6875 0.0640625 0.1234375
2 0.60625 0.565625 0.046875 0.0875
2 0.7078125 0.590625 0.059375 0.1015625
1 0.84765625 0.65625 0.0703125 0.1140625
0 0.121875 0.765625 0.159375 0.2296875
3 0.2515625 0.73984375 0.15 0.2390625
3 0.25546875 0.62265625 0.0796875 0.115625
3 0.353125 0.63515625 0.0984375 0.171875
3 0.49375 0.61875 0.109375 0.1671875
3 0.5484375 0.72890625 0.1546875 0.2203125
3 0.60546875 0.6109375 0.096875 0.1875
3 0.721875 0.67890625 0.1484375 0.278125
3 0.8671875 0.69453125 0.15 0.209375