2 0.07734375 0.540625 0.096875 0.14375
1 0.23828125 0.5265625 0.0703125 0.103125
2 0.328125 0.540625 0.0640625 0.09375
2 0.47578125 0.55625 0.0609375 0.0890625
1 0.47421875 0.6890625 0.09375 0.146875
2 0.60390625 0.59453125 0.065625 0.0984375
2 0.671875 0.646875 0.078125 0.121875
1 0.78828125 0.74453125 0.0828125 0.115625
0 0.16953125 0.6765625 0.1953125 0.24375
3 0.0828125 0.60703125 0.165625 0.2921875
3 0.2328125 0.56640625 0.1328125 0.196875
3 0.31953125 0.58671875 0.125 0.1875
3 0.46640625 0.60703125 0.140625 0.190625
0 0.48203125 0.7265625 0.18125 0.24375
3 0.58359375 0.6390625 0.1421875 0.1953125
3 0.659375 0.728125 0.1828125 0.2828125
3 0.79296875 0.79140625 0.16875 0.2171875