1 0.03203125 0.46484375 0.0625 0.11484375
1 0.2 0.48046875 0.0625 0.1203125
1 0.32265625 0.44921875 0.05390625 0.1203125
2 0.37421875 0.44375 0.0359375 0.07421875
2 0.55703125 0.44375 0.03359375 0.071875
2 0.63828125 0.46953125 0.04296875 0.06875
2 0.73359375 0.475 0.04296875 0.0796875
2 0.7046875 0.5203125 0.05234375 0.10703125
0 0.071875 0.5140625 0.14296875 0.20703125
3 0.20703125 0.53046875 0.12109375 0.20546875
3 0.3359375 0.51640625 0.15234375 0.246875
3 0.39453125 0.49296875 0.07734375 0.16328125
3 0.54921875 0.496875 0.09453125 0.16953125
3 0.634375 0.515625 0.0796875 0.14296875
3 0.6890625 0.57421875 0.13828125 0.21328125
3 0.74375 0.528125 0.05859375 0.159375