2 0.0890625 0.57109375 0.046875 0.071875
1 0.06875 0.62109375 0.071875 0.1125
1 0.2078125 0.5890625 0.0640625 0.109375
1 0.47734375 0.5296875 0.0421875 0.0875
2 0.39609375 0.5609375 0.0671875 0.1234375
1 0.6734375 0.53125 0.06875 0.1390625
2 0.7359375 0.45390625 0.0546875 0.0921875
2 0.80390625 0.471875 0.0671875 0.1328125
1 0.83828125 0.4375 0.0328125 0.0953125
1 0.9671875 0.48125 0.065625 0.1265625
3 0.096875 0.678125 0.13125 0.2203125
3 0.11015625 0.6078125 0.0890625 0.134375
3 0.21796875 0.65546875 0.128125 0.234375
3 0.30703125 0.590625 0.1046875 0.1484375
3 0.39453125 0.6375 0.1625 0.265625
3 0.490625 0.56484375 0.1 0.1546875
3 0.67734375 0.59921875 0.15625 0.26875
3 0.73671875 0.4953125 0.0890625 0.1859375
3 0.8140625 0.5546875 0.165625 0.29375
3 0.84765625 0.4875 0.09375 0.1890625
3 0.94296875 0.559375 0.1140625 0.278125