2 0.2171875 0.5796875 0.053125 0.121875
1 0.2828125 0.56484375 0.0375 0.0890625
2 0.3328125 0.56875 0.06015625 0.121875
1 0.40078125 0.55703125 0.04765625 0.1
1 0.56640625 0.59375 0.03359375 0.071875
1 0.60078125 0.61640625 0.05 0.1296875
1 0.72578125 0.58828125 0.06015625 0.13125
1 0.77265625 0.5703125 0.04296875 0.08515625
2 0.8609375 0.60390625 0.0625 0.121875
0 0.4078125 0.5984375 0.08671875 0.15625
0 0.2828125 0.596875 0.06171875 0.14453125
0 0.5578125 0.61640625 0.08125 0.12890625
3 0.21015625 0.64296875 0.12265625 0.23046875
3 0.33828125 0.64140625 0.1265625 0.2484375
3 0.59296875 0.67578125 0.13828125 0.24296875
3 0.72890625 0.65703125 0.13046875 0.2515625
3 0.77265625 0.60546875 0.065625 0.1515625
3 0.8609375 0.66953125 0.12890625 0.24140625