1 0.05 0.3828125 0.090625 0.140625
1 0.2078125 0.43828125 0.08125 0.1171875
2 0.3578125 0.42109375 0.08125 0.121875
2 0.39140625 0.42890625 0.04375 0.071875
2 0.5671875 0.4765625 0.0609375 0.0890625
2 0.64921875 0.50546875 0.05625 0.08125
2 0.69140625 0.56484375 0.08125 0.1203125
3 0.2078125 0.484375 0.1625 0.2140625
3 0.33828125 0.49453125 0.2125 0.2828125
3 0.39765625 0.4796875 0.103125 0.171875
3 0.54765625 0.5203125 0.134375 0.184375
3 0.63359375 0.54921875 0.109375 0.1609375
3 0.6671875 0.62421875 0.1796875 0.23125
0 0.08203125 0.43359375 0.1640625 0.2203125