2 0.1875 0.6734375 0.09375 0.15
1 0.340625 0.6796875 0.06875 0.1171875
1 0.33671875 0.61484375 0.0546875 0.075
2 0.40703125 0.59921875 0.0515625 0.0859375
2 0.5765625 0.54375 0.0453125 0.0671875
1 0.675 0.5703125 0.053125 0.0953125
1 0.79765625 0.578125 0.075 0.1328125
1 0.9421875 0.5875 0.0859375 0.115625
3 0.2078125 0.71953125 0.1578125 0.240625
3 0.35546875 0.7265625 0.153125 0.2125
3 0.43125 0.6390625 0.1140625 0.1828125
3 0.346875 0.62421875 0.0828125 0.090625
3 0.56328125 0.58515625 0.1046875 0.175
3 0.621875 0.67578125 0.153125 0.24375
3 0.6921875 0.6046875 0.0984375 0.165625
3 0.80390625 0.63046875 0.1578125 0.2546875
3 0.94375 0.6390625 0.1125 0.228125