1 0.15078125 0.65625 0.0375 0.08125
1 0.396875 0.61875 0.0453125 0.08125
1 0.56953125 0.6515625 0.03828125 0.07421875
1 0.75703125 0.61640625 0.04453125 0.0890625
1 0.6890625 0.68828125 0.05859375 0.13046875
0 0.23125 0.68359375 0.10234375 0.1234375
0 0.31328125 0.6890625 0.08671875 0.09921875
0 0.55859375 0.68046875 0.10078125 0.11953125
0 0.865625 0.775 0.16015625 0.18359375
0 0.15 0.678125 0.1015625 0.13515625
3 0.3984375 0.659375 0.0921875 0.15390625
3 0.68828125 0.746875 0.16328125 0.24453125
3 0.75390625 0.6515625 0.09765625 0.16328125