2 0.1140625 0.6765625 0.0859375 0.1375
2 0.253125 0.60859375 0.0578125 0.090625
2 0.3625 0.58984375 0.05 0.084375
2 0.4890625 0.571875 0.05 0.078125
1 0.53203125 0.6984375 0.0734375 0.11875
2 0.61640625 0.55703125 0.0578125 0.0796875
2 0.7109375 0.58515625 0.0625 0.115625
1 0.853125 0.6203125 0.0671875 0.11875
0 0.2421875 0.78125 0.165625 0.2171875
3 0.1296875 0.74375 0.1578125 0.2734375
3 0.2609375 0.65625 0.115625 0.1765625
3 0.35859375 0.6390625 0.115625 0.1796875
3 0.50859375 0.61640625 0.115625 0.171875
0 0.55859375 0.73125 0.165625 0.2203125
3 0.6203125 0.6046875 0.1171875 0.1875
3 0.7265625 0.6703125 0.1546875 0.278125
3 0.87421875 0.67265625 0.1578125 0.24375