2 0.1796875 0.59296875 0.06015625 0.1296875
1 0.27578125 0.5703125 0.03515625 0.078125
2 0.3203125 0.58046875 0.0625 0.12421875
1 0.403125 0.55859375 0.04375 0.0984375
1 0.5734375 0.5703125 0.02890625 0.078125
1 0.60234375 0.60390625 0.0546875 0.11875
1 0.88203125 0.61796875 0.059375 0.14296875
3 0.17734375 0.65390625 0.134375 0.228125
3 0.26875 0.596875 0.06640625 0.121875
3 0.31953125 0.65625 0.1328125 0.25859375
3 0.59765625 0.67109375 0.13984375 0.25546875
3 0.7578125 0.65390625 0.12734375 0.2734375
3 0.8734375 0.67109375 0.11796875 0.2390625
0 0.40859375 0.5921875 0.08984375 0.16953125
0 0.56015625 0.59921875 0.07265625 0.14453125