1 0.03515625 0.4109375 0.06875 0.1265625
1 0.190625 0.4421875 0.0765625 0.1234375
2 0.33125 0.41640625 0.065625 0.1125
2 0.37109375 0.42734375 0.04375 0.0640625
2 0.6578125 0.5015625 0.0546875 0.071875
2 0.6890625 0.52890625 0.0609375 0.103125
0 0.07421875 0.45859375 0.1484375 0.2203125
3 0.19609375 0.4921875 0.14375 0.209375
3 0.32578125 0.490625 0.190625 0.265625
3 0.38359375 0.4796875 0.090625 0.1640625
3 0.53515625 0.50234375 0.1140625 0.178125
3 0.628125 0.53515625 0.1046875 0.140625
3 0.7265625 0.55625 0.075 0.1578125
3 0.66640625 0.58671875 0.1578125 0.2296875