2 0.18203125 0.59375 0.06953125 0.121875
1 0.28828125 0.58046875 0.04140625 0.08125
2 0.33671875 0.56875 0.0578125 0.11484375
1 0.39609375 0.56171875 0.0421875 0.09140625
2 0.5734375 0.54765625 0.0375 0.06953125
1 0.59921875 0.61875 0.0515625 0.11875
1 0.72578125 0.5890625 0.05703125 0.12578125
1 0.84375 0.6140625 0.0625 0.12578125
3 0.18515625 0.64765625 0.1375 0.21953125
3 0.3375 0.646875 0.12578125 0.25390625
0 0.28203125 0.6015625 0.07421875 0.13046875
0 0.41015625 0.59765625 0.08203125 0.16171875
3 0.56015625 0.59296875 0.08046875 0.153125
3 0.59453125 0.675 0.13984375 0.23515625
3 0.73203125 0.65546875 0.12890625 0.2640625
3 0.85390625 0.66875 0.134375 0.23515625