1 0.05390625 0.57421875 0.0765625 0.11875
1 0.165625 0.58515625 0.0703125 0.11875
1 0.2953125 0.534375 0.0515625 0.084375
1 0.484375 0.521875 0.04375 0.084375
1 0.67265625 0.55625 0.06875 0.14375
1 0.73828125 0.50546875 0.046875 0.0921875
1 0.8328125 0.47109375 0.04375 0.0828125
1 0.8015625 0.5421875 0.075 0.1484375
1 0.96640625 0.5328125 0.0671875 0.146875
3 0.07265625 0.62578125 0.1265625 0.23125
3 0.1671875 0.6453125 0.16875 0.2421875
3 0.29453125 0.56796875 0.1125 0.159375
3 0.3828125 0.62265625 0.1765625 0.2546875
3 0.48515625 0.5578125 0.096875 0.146875
3 0.66484375 0.61796875 0.159375 0.275
3 0.73359375 0.54296875 0.0890625 0.16875
3 0.84609375 0.52421875 0.0953125 0.1859375
3 0.81015625 0.6171875 0.1859375 0.2953125
3 0.93828125 0.6046875 0.1234375 0.2875