2 0.16953125 0.63046875 0.06484375 0.1203125
1 0.31953125 0.59375 0.04140625 0.0609375
1 0.31953125 0.65859375 0.05390625 0.11328125
2 0.3921875 0.59296875 0.040625 0.0890625
2 0.56953125 0.55546875 0.0375 0.07421875
1 0.66328125 0.59375 0.04296875 0.1
1 0.784375 0.628125 0.059375 0.13359375
1 0.9234375 0.6515625 0.065625 0.11484375
3 0.17734375 0.69453125 0.12578125 0.22578125
3 0.33046875 0.71015625 0.11875 0.19296875
3 0.325 0.59453125 0.0734375 0.090625
3 0.4140625 0.634375 0.10234375 0.16875
3 0.5578125 0.6078125 0.09140625 0.1734375
3 0.596875 0.70625 0.11953125 0.209375
3 0.66953125 0.63046875 0.08203125 0.15
3 0.77890625 0.68125 0.13984375 0.24375
3 0.93671875 0.70390625 0.1265625 0.2140625