2 0.14609375 0.45859375 0.0640625 0.1
1 0.36953125 0.49375 0.0625 0.13125
1 0.4296875 0.4890625 0.046875 0.0953125
2 0.6046875 0.4921875 0.04375 0.084375
2 0.68984375 0.53125 0.0484375 0.078125
2 0.784375 0.5390625 0.05 0.08125
1 0.73359375 0.58984375 0.0671875 0.121875
3 0.14453125 0.52734375 0.1328125 0.21875
3 0.25703125 0.55546875 0.125 0.221875
3 0.38125 0.56171875 0.171875 0.2578125
3 0.43984375 0.5296875 0.0734375 0.1546875
3 0.5890625 0.5453125 0.109375 0.178125
3 0.6796875 0.56875 0.0953125 0.146875
3 0.72109375 0.6515625 0.1484375 0.225
3 0.78828125 0.58828125 0.0734375 0.1640625