2 0.08046875 0.57421875 0.090625 0.140625
2 0.23359375 0.54375 0.0546875 0.0828125
2 0.3390625 0.5484375 0.053125 0.0796875
1 0.16015625 0.7234375 0.090625 0.125
2 0.478125 0.571875 0.0515625 0.0859375
1 0.4828125 0.70078125 0.0828125 0.1296875
2 0.59609375 0.5859375 0.0578125 0.0875
2 0.684375 0.63203125 0.06875 0.1109375
1 0.81484375 0.70234375 0.0703125 0.1234375
0 0.18515625 0.70859375 0.1734375 0.225
3 0.08359375 0.646875 0.1671875 0.284375
3 0.23125 0.59375 0.1125 0.1796875
3 0.33125 0.6 0.1140625 0.1828125
3 0.46953125 0.61484375 0.1140625 0.1796875
0 0.496875 0.7453125 0.1625 0.2203125
3 0.5875 0.63125 0.1265625 0.1890625
3 0.6796875 0.7203125 0.1671875 0.2859375
3 0.81796875 0.75703125 0.1640625 0.2359375