1 0.13984375 0.55078125 0.0703125 0.1140625
2 0.2671875 0.52890625 0.0703125 0.128125
2 0.43671875 0.4875 0.0578125 0.0890625
2 0.70625 0.48125 0.0484375 0.090625
2 0.78671875 0.47109375 0.046875 0.0875
2 0.759375 0.5234375 0.06875 0.1171875
3 0.15625 0.6015625 0.165625 0.2171875
3 0.27890625 0.58984375 0.146875 0.2359375
3 0.3921875 0.57265625 0.2 0.259375
3 0.44765625 0.52890625 0.0828125 0.1578125
3 0.6046875 0.521875 0.125 0.18125
3 0.703125 0.52109375 0.1046875 0.1625
3 0.80625 0.5171875 0.0890625 0.171875
3 0.75625 0.584375 0.1734375 0.2421875