1 0.22890625 0.60546875 0.0375 0.08671875
1 0.35078125 0.5984375 0.04375 0.09296875
1 0.52265625 0.61875 0.04609375 0.08125
1 0.6265625 0.61875 0.0375 0.08046875
2 0.7515625 0.59375 0.05625 0.109375
2 0.87265625 0.621875 0.053125 0.10546875
0 0.10859375 0.734375 0.16171875 0.18125
0 0.2578125 0.746875 0.15234375 0.1984375
3 0.234375 0.62265625 0.1015625 0.1234375
3 0.3546875 0.63125 0.09375 0.16640625
3 0.5171875 0.6421875 0.10546875 0.134375
3 0.62734375 0.64296875 0.1125 0.128125
3 0.7375 0.690625 0.1703125 0.28125
3 0.8765625 0.6984375 0.12734375 0.25390625