1 0.16171875 0.67421875 0.0484375 0.0765625
1 0.39765625 0.625 0.05625 0.0765625
1 0.57734375 0.6515625 0.05 0.0703125
1 0.765625 0.6015625 0.0515625 0.078125
1 0.69765625 0.678125 0.065625 0.1328125
0 0.1609375 0.69921875 0.10625 0.125
3 0.40859375 0.665625 0.0953125 0.1640625
3 0.696875 0.7359375 0.175 0.25625
3 0.7671875 0.6390625 0.1015625 0.15625
0 0.2421875 0.6953125 0.10625 0.1203125
0 0.321875 0.70234375 0.090625 0.0921875
0 0.5703125 0.6765625 0.1109375 0.1203125
0 0.8765625 0.75 0.1671875 0.196875