2 0.1875 0.59921875 0.0640625 0.1078125
1 0.28984375 0.578125 0.0421875 0.08125
2 0.334375 0.57265625 0.05625 0.1171875
1 0.39921875 0.5625 0.046875 0.0953125
2 0.575 0.55703125 0.0375 0.084375
1 0.6 0.61484375 0.0546875 0.1203125
1 0.721875 0.5765625 0.05625 0.121875
1 0.7640625 0.55546875 0.0359375 0.08125
3 0.1890625 0.6546875 0.140625 0.2265625
3 0.3359375 0.64765625 0.125 0.2625
3 0.56171875 0.59609375 0.08125 0.1546875
3 0.59609375 0.675 0.14375 0.2390625
3 0.72890625 0.653125 0.134375 0.2703125
3 0.85703125 0.675 0.1421875 0.221875
3 0.77265625 0.59296875 0.059375 0.1453125
0 0.284375 0.6078125 0.071875 0.13125
0 0.4109375 0.60078125 0.0875 0.159375