2 0.134375 0.47890625 0.0578125 0.0984375
2 0.25703125 0.50078125 0.05390625 0.10546875
2 0.38671875 0.48046875 0.0515625 0.0984375
2 0.43828125 0.49296875 0.0375 0.07421875
0 0.60234375 0.578125 0.1078125 0.13203125
0 0.7 0.58046875 0.09296875 0.1203125
0 0.74453125 0.6640625 0.16484375 0.18046875
0 0.815625 0.61015625 0.10390625 0.11328125
3 0.13125 0.54296875 0.15234375 0.22890625
3 0.25078125 0.56171875 0.12578125 0.21953125
3 0.38828125 0.56875 0.11796875 0.26171875
3 0.44921875 0.5328125 0.06640625 0.15625