2 0.09296875 0.63359375 0.06796875 0.125
2 0.24609375 0.5875 0.04296875 0.084375
2 0.353125 0.5765625 0.03671875 0.07109375
2 0.4875 0.5734375 0.03671875 0.08046875
2 0.60859375 0.571875 0.0453125 0.08046875
1 0.5109375 0.70546875 0.0625 0.11328125
2 0.70078125 0.60546875 0.05 0.1015625
1 0.8390625 0.65546875 0.059375 0.11640625
3 0.1046875 0.69921875 0.13671875 0.25625
3 0.24453125 0.6265625 0.09296875 0.159375
3 0.34453125 0.6234375 0.09609375 0.18125
3 0.48984375 0.61875 0.09296875 0.16328125
0 0.53515625 0.740625 0.13828125 0.19921875
3 0.60546875 0.61875 0.10390625 0.17578125
3 0.70703125 0.69296875 0.13046875 0.26953125
3 0.85390625 0.7109375 0.13828125 0.21875
0 0.21953125 0.74921875 0.14609375 0.21796875