2 0.14765625 0.5296875 0.0671875 0.109375
2 0.25859375 0.5328125 0.075 0.1140625
2 0.3875 0.5 0.059375 0.10625
2 0.43828125 0.49453125 0.0421875 0.0765625
2 0.59921875 0.47578125 0.0484375 0.084375
2 0.6890625 0.50234375 0.0484375 0.0703125
2 0.8171875 0.50859375 0.05 0.084375
2 0.78515625 0.55625 0.0671875 0.109375
3 0.1609375 0.5875 0.128125 0.2171875
3 0.25703125 0.58984375 0.146875 0.225
3 0.3921875 0.578125 0.1390625 0.259375
3 0.45234375 0.53671875 0.0796875 0.15625
3 0.6 0.53046875 0.1140625 0.1796875
3 0.6921875 0.5421875 0.09375 0.153125
3 0.75 0.61875 0.1671875 0.228125
3 0.82265625 0.553125 0.0625 0.159375