1 0.21875 0.5578125 0.0546875 0.090625
1 0.33203125 0.57734375 0.05625 0.0984375
1 0.50234375 0.62265625 0.05 0.08125
1 0.60546875 0.6390625 0.0609375 0.0875
2 0.7296875 0.64609375 0.0765625 0.11875
2 0.846875 0.6796875 0.0734375 0.1078125
3 0.21796875 0.578125 0.1234375 0.146875
3 0.33125 0.60859375 0.1171875 0.1734375
3 0.4921875 0.64140625 0.128125 0.1484375
3 0.6 0.66328125 0.1265625 0.14375
3 0.69921875 0.72265625 0.215625 0.3
3 0.840625 0.7625 0.15625 0.2671875
0 0.08515625 0.65390625 0.1703125 0.2171875
0 0.21875 0.7015625 0.18125 0.2265625