2 0.1265625 0.53671875 0.0765625 0.109375
2 0.25625 0.5265625 0.0671875 0.109375
1 0.36484375 0.525 0.0671875 0.1234375
1 0.4296875 0.50546875 0.0453125 0.09375
2 0.603125 0.484375 0.0453125 0.0859375
2 0.67109375 0.50625 0.046875 0.084375
1 0.79765625 0.5203125 0.053125 0.0921875
1 0.75390625 0.571875 0.08125 0.1265625
3 0.14765625 0.58515625 0.1328125 0.2125
3 0.2671875 0.5875 0.1328125 0.225
3 0.3921875 0.58359375 0.1734375 0.2515625
3 0.4421875 0.5453125 0.090625 0.159375
3 0.59296875 0.53203125 0.1046875 0.18125
3 0.67421875 0.546875 0.1015625 0.1609375
3 0.74375 0.62109375 0.153125 0.2078125
3 0.79921875 0.5515625 0.0734375 0.15