2 0.165625 0.53828125 0.084375 0.11875
1 0.26796875 0.5328125 0.053125 0.084375
2 0.3125 0.5515625 0.0734375 0.1265625
1 0.39453125 0.54453125 0.059375 0.1
1 0.5546875 0.5796875 0.05 0.0828125
1 0.584375 0.62421875 0.071875 0.11875
2 0.73515625 0.5734375 0.0734375 0.1125
2 0.8484375 0.67578125 0.084375 0.1421875
3 0.16015625 0.6 0.1734375 0.25
3 0.2953125 0.6265625 0.1703125 0.28125
3 0.39765625 0.57890625 0.1109375 0.1765625
3 0.565625 0.6859375 0.1765625 0.2609375
3 0.715625 0.6796875 0.178125 0.3234375
3 0.84375 0.72578125 0.1703125 0.2515625
0 0.54375 0.6125 0.09375 0.1359375
0 0.26015625 0.565625 0.0921875 0.1453125