1 0.0359375 0.51796875 0.071875 0.1265625
2 0.13125 0.52734375 0.078125 0.11875
1 0.24921875 0.52734375 0.059375 0.0875
1 0.43671875 0.55078125 0.0546875 0.08125
1 0.34765625 0.584375 0.1015625 0.1390625
1 0.6046875 0.54765625 0.046875 0.06875
1 0.6296875 0.56953125 0.0734375 0.1171875
1 0.696875 0.55078125 0.0578125 0.0921875
1 0.78125 0.54921875 0.0578125 0.075
1 0.746875 0.634375 0.084375 0.121875
1 0.89921875 0.63125 0.0984375 0.1359375
3 0.053125 0.57734375 0.10625 0.2453125
3 0.1296875 0.578125 0.178125 0.240625
3 0.25546875 0.55 0.14375 0.153125
3 0.3453125 0.63203125 0.2078125 0.2515625
3 0.4421875 0.57890625 0.1234375 0.1578125
3 0.59140625 0.5828125 0.078125 0.146875
3 0.609375 0.64609375 0.178125 0.28125
3 0.68828125 0.58828125 0.10625 0.1609375
3 0.7359375 0.68046875 0.1953125 0.25
3 0.78125 0.58671875 0.13125 0.1671875
3 0.88515625 0.6921875 0.203125 0.275