2 0.23203125 0.60546875 0.04609375 0.08515625
1 0.35078125 0.6 0.04140625 0.09453125
1 0.52578125 0.61875 0.04140625 0.08125
1 0.63203125 0.609375 0.04609375 0.08125
2 0.75390625 0.59375 0.059375 0.11328125
2 0.87421875 0.621875 0.0609375 0.10546875
0 0.109375 0.73359375 0.16015625 0.19453125
0 0.259375 0.74296875 0.14296875 0.215625
3 0.2328125 0.63125 0.10546875 0.14375
3 0.35390625 0.6390625 0.08671875 0.1640625
3 0.52109375 0.64609375 0.1109375 0.12578125
3 0.621875 0.63203125 0.09609375 0.14140625
3 0.7296875 0.68359375 0.17890625 0.2734375
3 0.88125 0.6984375 0.12421875 0.24609375