2 0.17109375 0.63046875 0.0671875 0.1296875
1 0.31953125 0.59296875 0.04609375 0.06640625
1 0.31953125 0.6609375 0.05390625 0.10703125
2 0.3921875 0.58515625 0.04140625 0.09296875
2 0.56953125 0.55546875 0.0375 0.07421875
1 0.66328125 0.59375 0.04140625 0.1015625
1 0.7828125 0.61875 0.05390625 0.12578125
1 0.92578125 0.65390625 0.06640625 0.11484375
3 0.1828125 0.6859375 0.12578125 0.23515625
3 0.32578125 0.7109375 0.12109375 0.203125
3 0.33046875 0.61171875 0.0828125 0.11953125
3 0.41484375 0.63203125 0.09453125 0.17109375
3 0.54921875 0.60546875 0.0796875 0.184375
3 0.59921875 0.6984375 0.12109375 0.2203125
3 0.6703125 0.63046875 0.09765625 0.1703125
3 0.77890625 0.68125 0.13515625 0.2484375
3 0.93359375 0.70078125 0.1328125 0.21875