1 0.17890625 0.70234375 0.05 0.0796875
1 0.24921875 0.6609375 0.0515625 0.0859375
1 0.42734375 0.62265625 0.05625 0.0859375
2 0.58515625 0.63046875 0.0515625 0.084375
2 0.8671875 0.6203125 0.0765625 0.13125
1 0.7109375 0.65 0.078125 0.146875
0 0.25859375 0.69765625 0.1171875 0.1578125
0 0.34296875 0.7171875 0.0984375 0.096875
0 0.78359375 0.625 0.1109375 0.1375
0 0.18203125 0.721875 0.109375 0.13125
3 0.43046875 0.6734375 0.115625 0.1765625
3 0.5890625 0.70625 0.1296875 0.23125
3 0.71796875 0.70859375 0.1828125 0.2625
3 0.88828125 0.678125 0.184375 0.2625