2 0.16640625 0.63125 0.0625 0.11328125
2 0.22578125 0.59296875 0.040625 0.07421875
2 0.28359375 0.61328125 0.0578125 0.11953125
2 0.3484375 0.56953125 0.046875 0.09296875
1 0.52578125 0.62421875 0.04140625 0.08046875
1 0.63203125 0.609375 0.04140625 0.09375
2 0.74765625 0.58203125 0.05546875 0.1109375
2 0.8703125 0.61875 0.05546875 0.0890625
3 0.15859375 0.6984375 0.125 0.228125
3 0.228125 0.61640625 0.05859375 0.1359375
3 0.290625 0.69375 0.1375 0.26015625
3 0.359375 0.6203125 0.08125 0.16328125
3 0.51796875 0.640625 0.1109375 0.14140625
3 0.628125 0.65 0.09296875 0.1703125
3 0.73828125 0.68515625 0.165625 0.29453125
3 0.8796875 0.69765625 0.1203125 0.25078125