1 0.06015625 0.60546875 0.06484375 0.1
2 0.1828125 0.5703125 0.05859375 0.10703125
1 0.29453125 0.546875 0.04140625 0.08671875
1 0.40390625 0.55546875 0.059375 0.11484375
1 0.47265625 0.50546875 0.03984375 0.08125
1 0.6671875 0.540625 0.06171875 0.13671875
2 0.72578125 0.46875 0.05078125 0.08125
1 0.80703125 0.509375 0.071875 0.1484375
1 0.834375 0.440625 0.03984375 0.08125
1 0.96796875 0.503125 0.0609375 0.16484375
3 0.08828125 0.6578125 0.115625 0.2140625
3 0.196875 0.64453125 0.11640625 0.234375
3 0.30078125 0.58359375 0.10078125 0.15390625
3 0.4125 0.6203125 0.13046875 0.24453125
3 0.48671875 0.5515625 0.0828125 0.1546875
3 0.67109375 0.6109375 0.134375 0.259375
3 0.73515625 0.51875 0.08359375 0.18671875
3 0.8140625 0.57890625 0.1640625 0.28828125
3 0.846875 0.5046875 0.0796875 0.18515625
3 0.9484375 0.58125 0.10234375 0.26640625