2 0.1421875 0.56328125 0.0859375 0.1265625
2 0.2125 0.534375 0.05625 0.084375
2 0.26171875 0.5703125 0.0796875 0.1234375
2 0.33828125 0.5421875 0.0578125 0.090625
1 0.49765625 0.62421875 0.0625 0.096875
1 0.61015625 0.63125 0.0640625 0.0953125
2 0.72265625 0.6328125 0.0796875 0.1140625
2 0.8375 0.68984375 0.0703125 0.1
3 0.1265625 0.621875 0.1734375 0.2640625
3 0.20703125 0.56171875 0.1078125 0.1453125
3 0.253125 0.64609375 0.18125 0.2828125
3 0.3359375 0.584375 0.11875 0.1890625
3 0.48671875 0.65390625 0.128125 0.1484375
3 0.59921875 0.66171875 0.125 0.1515625
3 0.68984375 0.7234375 0.2265625 0.325
3 0.83046875 0.76875 0.16875 0.2703125