1 0.140625 0.61875 0.0484375 0.078125
1 0.3859375 0.60703125 0.05 0.0921875
1 0.55078125 0.65390625 0.0421875 0.0828125
1 0.84453125 0.76796875 0.0796875 0.134375
1 0.66796875 0.70078125 0.0734375 0.1390625
0 0.215625 0.6515625 0.109375 0.11875
0 0.29296875 0.67421875 0.090625 0.0890625
0 0.7453125 0.6859375 0.103125 0.134375
0 0.8328125 0.803125 0.1703125 0.2125
0 0.53984375 0.6796875 0.115625 0.14375
0 0.1390625 0.64453125 0.103125 0.125
3 0.3828125 0.6453125 0.1109375 0.1734375
3 0.65859375 0.7609375 0.1796875 0.25625