2 0.1890625 0.66796875 0.0828125 0.1359375
1 0.3328125 0.60703125 0.05 0.0734375
1 0.33671875 0.6765625 0.0703125 0.11875
2 0.40390625 0.6015625 0.0546875 0.09375
2 0.575 0.546875 0.0453125 0.078125
1 0.67265625 0.5734375 0.0578125 0.1046875
1 0.7984375 0.590625 0.0734375 0.1296875
1 0.94140625 0.6 0.0796875 0.1234375
3 0.2015625 0.73125 0.1515625 0.234375
3 0.3515625 0.7234375 0.146875 0.203125
3 0.35 0.628125 0.096875 0.11875
3 0.43125 0.64375 0.1234375 0.1765625
3 0.5671875 0.6 0.103125 0.1765625
3 0.62109375 0.69296875 0.1484375 0.2328125
3 0.6859375 0.61171875 0.1078125 0.1671875
3 0.80390625 0.653125 0.1796875 0.2671875
3 0.93984375 0.64765625 0.1203125 0.2328125