2 0.13359375 0.47421875 0.05859375 0.10390625
2 0.2546875 0.50546875 0.05703125 0.10546875
2 0.38515625 0.49140625 0.053125 0.10546875
2 0.43828125 0.49375 0.03359375 0.078125
0 0.60078125 0.57578125 0.10703125 0.12890625
0 0.703125 0.58125 0.10078125 0.11796875
0 0.81640625 0.609375 0.10546875 0.11171875
0 0.74296875 0.665625 0.165625 0.18515625
3 0.13671875 0.54375 0.14296875 0.22890625
3 0.2515625 0.5578125 0.128125 0.21953125
3 0.38671875 0.56875 0.11796875 0.2546875
3 0.45 0.5359375 0.06484375 0.15078125