1 0.2171875 0.54765625 0.0609375 0.1
1 0.33046875 0.56953125 0.0625 0.0984375
1 0.4984375 0.621875 0.0546875 0.0953125
1 0.60078125 0.64296875 0.059375 0.0890625
2 0.72734375 0.65234375 0.08125 0.125
2 0.84453125 0.6984375 0.078125 0.115625
3 0.20859375 0.571875 0.1328125 0.1609375
3 0.32734375 0.6046875 0.125 0.1765625
3 0.48828125 0.6421875 0.134375 0.1484375
3 0.58984375 0.66484375 0.1203125 0.1609375
3 0.6890625 0.725 0.2234375 0.3078125
3 0.82421875 0.7765625 0.1703125 0.271875
0 0.0828125 0.64765625 0.165625 0.2265625
0 0.21171875 0.68828125 0.184375 0.2359375