1 0.23359375 0.609375 0.0390625 0.0875
1 0.346875 0.6078125 0.0484375 0.090625
1 0.528125 0.621875 0.0421875 0.0828125
1 0.628125 0.60625 0.0390625 0.0859375
2 0.7515625 0.59140625 0.0578125 0.1140625
2 0.875 0.6125 0.0609375 0.1
0 0.11015625 0.74375 0.1671875 0.1859375
0 0.259375 0.7453125 0.1546875 0.2015625
3 0.24140625 0.640625 0.115625 0.1515625
3 0.3546875 0.6328125 0.1 0.1734375
3 0.51953125 0.65625 0.1015625 0.125
3 0.628125 0.64140625 0.1125 0.134375
3 0.73515625 0.67890625 0.178125 0.2796875
3 0.88203125 0.68671875 0.1234375 0.2671875