1 0.23828125 0.61953125 0.0453125 0.090625
1 0.353125 0.60625 0.0515625 0.0953125
1 0.5296875 0.61953125 0.0421875 0.0828125
1 0.63515625 0.61171875 0.0484375 0.0828125
2 0.75859375 0.58359375 0.0609375 0.121875
2 0.8828125 0.6046875 0.0671875 0.109375
3 0.23359375 0.64375 0.0984375 0.1375
3 0.359375 0.64453125 0.0984375 0.165625
3 0.52578125 0.64296875 0.1078125 0.140625
3 0.63125 0.6359375 0.1015625 0.1375
3 0.7453125 0.67109375 0.1859375 0.2796875
3 0.88671875 0.6765625 0.1359375 0.25
0 0.11953125 0.75234375 0.1703125 0.184375
0 0.26953125 0.75625 0.1609375 0.2140625