1 0.06015625 0.60546875 0.06171875 0.10703125
1 0.16328125 0.60546875 0.05859375 0.1109375
1 0.2921875 0.55078125 0.04375 0.08125
1 0.46875 0.52109375 0.0375 0.08046875
1 0.6734375 0.5265625 0.05625 0.13515625
1 0.73671875 0.48125 0.0484375 0.0890625
1 0.83203125 0.44921875 0.04609375 0.06875
1 0.96640625 0.50703125 0.05703125 0.13359375
3 0.084375 0.65546875 0.1140625 0.22109375
3 0.184375 0.66640625 0.1671875 0.22578125
3 0.4 0.64765625 0.1578125 0.22109375
3 0.30078125 0.584375 0.096875 0.1390625
3 0.4828125 0.5625 0.1015625 0.16953125
3 0.671875 0.6015625 0.1375 0.27890625
3 0.7359375 0.51640625 0.07421875 0.1640625
3 0.84609375 0.50546875 0.0859375 0.18359375
3 0.81484375 0.59765625 0.1625 0.284375
3 0.946875 0.57890625 0.10625 0.27890625