2 0.09453125 0.63515625 0.075 0.13125
1 0.24921875 0.58046875 0.0515625 0.09609375
2 0.33828125 0.5796875 0.04609375 0.078125
2 0.4890625 0.56875 0.04453125 0.08125
2 0.621875 0.56875 0.0421875 0.09453125
1 0.51953125 0.690625 0.0625 0.11875
2 0.70078125 0.60546875 0.05546875 0.1109375
1 0.83828125 0.678125 0.05859375 0.1109375
3 0.10625 0.70234375 0.1328125 0.25859375
3 0.25078125 0.621875 0.09453125 0.1734375
3 0.34140625 0.62890625 0.09140625 0.171875
3 0.49453125 0.615625 0.10625 0.18125
0 0.534375 0.73046875 0.1359375 0.21875
3 0.6125 0.61640625 0.10078125 0.17578125
3 0.709375 0.68828125 0.128125 0.26953125
3 0.853125 0.71875 0.13515625 0.20546875
0 0.21640625 0.74921875 0.14921875 0.20625