1 0.23125 0.60546875 0.0421875 0.084375
1 0.3484375 0.60390625 0.046875 0.096875
1 0.52578125 0.61875 0.040625 0.08125
1 0.62734375 0.60546875 0.0453125 0.084375
2 0.7515625 0.59921875 0.0625 0.11875
2 0.875 0.61875 0.053125 0.1
0 0.10703125 0.73203125 0.1625 0.184375
0 0.25703125 0.74140625 0.153125 0.2125
3 0.22734375 0.6265625 0.0859375 0.1375
3 0.3546875 0.6359375 0.090625 0.1640625
3 0.51796875 0.64296875 0.1046875 0.134375
3 0.6265625 0.63671875 0.096875 0.1390625
3 0.73203125 0.68359375 0.178125 0.275
3 0.878125 0.70390625 0.1375 0.2546875