1 0.1125 0.51640625 0.0609375 0.11484375
2 0.2671875 0.49375 0.04921875 0.10703125
2 0.38828125 0.48359375 0.05234375 0.1109375
1 0.4265625 0.496875 0.03359375 0.08671875
2 0.59765625 0.48984375 0.03828125 0.07578125
2 0.68828125 0.51484375 0.040625 0.06640625
2 0.78515625 0.53203125 0.04140625 0.090625
2 0.7359375 0.58203125 0.05625 0.11640625
3 0.13671875 0.56796875 0.11328125 0.19296875
3 0.26484375 0.56484375 0.11328125 0.228125
3 0.3890625 0.56640625 0.14453125 0.2609375
3 0.43984375 0.53671875 0.06015625 0.1515625
3 0.58984375 0.540625 0.0984375 0.178125
3 0.6828125 0.55625 0.08359375 0.14375
3 0.7296875 0.634375 0.13203125 0.215625
3 0.7921875 0.571875 0.06015625 0.15625