1 0.12734375 0.55859375 0.078125 0.1171875
1 0.20859375 0.5984375 0.0703125 0.103125
1 0.3109375 0.58984375 0.075 0.109375
1 0.51796875 0.6484375 0.0625 0.1109375
2 0.76640625 0.65234375 0.071875 0.103125
1 0.65625 0.73203125 0.1015625 0.1703125
3 0.05234375 0.58671875 0.1046875 0.1796875
3 0.11171875 0.6015625 0.1734375 0.2171875
3 0.2078125 0.634375 0.134375 0.18125
3 0.3125 0.64375 0.15625 0.215625
3 0.5109375 0.684375 0.165625 0.1875
3 0.6375 0.80390625 0.2421875 0.3328125
3 0.75234375 0.71015625 0.1546875 0.2421875
3 0.80625 0.80859375 0.225 0.3328125