2 0.18359375 0.5484375 0.0796875 0.1125
1 0.28125 0.546875 0.0453125 0.084375
2 0.33359375 0.54609375 0.0671875 0.121875
2 0.3984375 0.5234375 0.0546875 0.0859375
1 0.55703125 0.58359375 0.0390625 0.071875
1 0.58671875 0.6171875 0.0703125 0.13125
1 0.753125 0.6 0.04375 0.0703125
2 0.79296875 0.61171875 0.0703125 0.125
1 0.95 0.69296875 0.06875 0.1375
3 0.175 0.609375 0.1625 0.2421875
3 0.3234375 0.62109375 0.1625 0.26875
3 0.4015625 0.575 0.103125 0.19375
3 0.28046875 0.57578125 0.075 0.1296875
3 0.5734375 0.6859375 0.1671875 0.278125
3 0.77734375 0.69453125 0.178125 0.2984375
3 0.91484375 0.746875 0.1390625 0.2234375
0 0.540625 0.61171875 0.09375 0.146875
0 0.73203125 0.63671875 0.103125 0.1515625