1 0.05078125 0.37578125 0.084375 0.134375
1 0.203125 0.428125 0.084375 0.1296875
1 0.334375 0.42265625 0.0765625 0.134375
2 0.3859375 0.4171875 0.05 0.071875
2 0.5640625 0.45546875 0.0515625 0.0859375
2 0.6953125 0.54921875 0.075 0.115625
3 0.67109375 0.60234375 0.171875 0.2421875
3 0.628125 0.540625 0.1078125 0.15625
3 0.54609375 0.5078125 0.125 0.184375
3 0.3953125 0.47109375 0.103125 0.165625
3 0.3390625 0.48515625 0.190625 0.259375
3 0.20625 0.4734375 0.1546875 0.2125
0 0.0828125 0.4328125 0.165625 0.225