1 0.23359375 0.60546875 0.0421875 0.08515625
1 0.3484375 0.6015625 0.04609375 0.0890625
1 0.52265625 0.61875 0.04296875 0.078125
1 0.63125 0.61484375 0.0453125 0.0890625
2 0.75390625 0.5984375 0.05390625 0.11953125
2 0.8765625 0.621875 0.0625 0.10625
0 0.10546875 0.734375 0.1609375 0.17578125
0 0.25859375 0.74609375 0.14921875 0.20859375
3 0.240625 0.6265625 0.12265625 0.12421875
3 0.3546875 0.634375 0.09296875 0.165625
3 0.51875 0.64609375 0.11171875 0.11640625
3 0.628125 0.634375 0.10546875 0.13671875
3 0.73125 0.6859375 0.17109375 0.26875
3 0.8734375 0.6953125 0.121875 0.25