1 0.1390625 0.51171875 0.05703125 0.11640625
2 0.4390625 0.4890625 0.0375 0.07421875
2 0.6203125 0.49453125 0.040625 0.0890625
2 0.7140625 0.51875 0.04296875 0.07421875
2 0.78828125 0.5203125 0.03984375 0.07421875
2 0.75859375 0.55703125 0.0546875 0.10390625
3 0.1453125 0.55859375 0.13984375 0.19375
3 0.2671875 0.56796875 0.11171875 0.2109375
3 0.378125 0.57109375 0.18359375 0.228125
3 0.44453125 0.5328125 0.065625 0.153125
3 0.6015625 0.54375 0.10390625 0.16875
3 0.696875 0.5609375 0.09140625 0.1453125
3 0.8046875 0.56640625 0.06953125 0.16171875
3 0.74140625 0.628125 0.146875 0.23828125