1 0.0359375 0.53125 0.0515625 0.059375
1 0.03359375 0.5859375 0.0671875 0.121875
1 0.2578125 0.53125 0.0515625 0.096875
1 0.36171875 0.58046875 0.06875 0.1328125
1 0.44921875 0.5203125 0.0546875 0.084375
1 0.62578125 0.50390625 0.0546875 0.0828125
1 0.66796875 0.534375 0.0625 0.128125
1 0.70390625 0.4796875 0.05 0.0828125
1 0.79609375 0.47109375 0.0546875 0.096875
1 0.92578125 0.515625 0.08125 0.1296875
3 0.36796875 0.62890625 0.1625 0.2265625
3 0.146875 0.62890625 0.1578125 0.2375
3 0.0484375 0.61875 0.096875 0.228125
3 0.2640625 0.55703125 0.115625 0.1546875
3 0.459375 0.55 0.1 0.14375
3 0.6140625 0.5328125 0.0625 0.1390625
3 0.6484375 0.5921875 0.1296875 0.2359375
3 0.70546875 0.5171875 0.075 0.1484375
3 0.7734375 0.59765625 0.16875 0.253125
3 0.80546875 0.5046875 0.0890625 0.175
3 0.9203125 0.58671875 0.159375 0.2703125