2 0.16796875 0.5140625 0.0921875 0.13125
1 0.2640625 0.51875 0.0546875 0.1
2 0.31015625 0.5359375 0.0890625 0.128125
1 0.3921875 0.534375 0.065625 0.1015625
1 0.553125 0.58984375 0.0484375 0.0859375
2 0.57578125 0.61171875 0.078125 0.11875
3 0.15234375 0.56875 0.190625 0.2546875
3 0.28671875 0.6046875 0.19375 0.2890625
3 0.25390625 0.53671875 0.0953125 0.1421875
3 0.54921875 0.6890625 0.2046875 0.290625
3 0.70625 0.709375 0.190625 0.303125
3 0.81875 0.75390625 0.1765625 0.2578125
0 0.3875 0.57109375 0.125 0.1828125
0 0.52890625 0.6140625 0.10625 0.1578125