1 0.22890625 0.60546875 0.04375 0.09296875
1 0.3484375 0.59375 0.04609375 0.1
1 0.525 0.6234375 0.0421875 0.08046875
1 0.62890625 0.61875 0.04296875 0.08359375
2 0.753125 0.60390625 0.0609375 0.1109375
2 0.87578125 0.61875 0.05859375 0.10390625
3 0.23515625 0.62265625 0.09140625 0.10625
3 0.353125 0.63515625 0.09296875 0.1609375
3 0.51640625 0.653125 0.10234375 0.1296875
3 0.62578125 0.6515625 0.10078125 0.121875
3 0.7375 0.69375 0.17734375 0.28125
3 0.878125 0.696875 0.1265625 0.25546875
0 0.11015625 0.73046875 0.16328125 0.18515625
0 0.2578125 0.74609375 0.15078125 0.20546875