1 0.1546875 0.65390625 0.04140625 0.078125
1 0.39375 0.61953125 0.04296875 0.08046875
2 0.5671875 0.59765625 0.03828125 0.08046875
1 0.765625 0.6125 0.04375 0.09375
2 0.8296875 0.6265625 0.059375 0.109375
0 0.15078125 0.67421875 0.09296875 0.11875
3 0.23125 0.6609375 0.09765625 0.15625
3 0.309375 0.66484375 0.0765625 0.1484375
3 0.39609375 0.66171875 0.0953125 0.15390625
3 0.5625 0.696875 0.09140625 0.26875
3 0.678125 0.7140625 0.1296875 0.26015625
3 0.7609375 0.64765625 0.08984375 0.15625
3 0.828125 0.70703125 0.1796875 0.26171875