1 0.15546875 0.66796875 0.0421875 0.084375
1 0.396875 0.62890625 0.04375 0.0953125
2 0.571875 0.596875 0.0421875 0.0828125
1 0.76640625 0.60234375 0.0484375 0.0953125
2 0.83671875 0.61796875 0.0671875 0.1171875
0 0.15625 0.69296875 0.09375 0.1265625
3 0.23671875 0.67578125 0.1015625 0.15625
3 0.315625 0.67421875 0.0796875 0.1578125
3 0.40078125 0.665625 0.1015625 0.1578125
3 0.5703125 0.690625 0.1015625 0.2671875
3 0.68359375 0.709375 0.1390625 0.265625
3 0.76640625 0.6375 0.09375 0.15625
3 0.83515625 0.6953125 0.1890625 0.2734375