2 0.17265625 0.6296875 0.07109375 0.11875
1 0.31953125 0.65546875 0.059375 0.10703125
1 0.32265625 0.59375 0.0375 0.06484375
2 0.39453125 0.58984375 0.04609375 0.08359375
2 0.56953125 0.5515625 0.0375 0.07421875
1 0.66328125 0.59296875 0.04609375 0.0890625
1 0.78515625 0.61875 0.05390625 0.1296875
1 0.92265625 0.6546875 0.06875 0.11640625
3 0.1796875 0.68828125 0.13046875 0.225
3 0.3265625 0.70859375 0.125 0.20078125
3 0.33125 0.5984375 0.0578125 0.09296875
3 0.41171875 0.628125 0.09453125 0.1734375
3 0.55078125 0.60546875 0.08046875 0.1703125
3 0.596875 0.69609375 0.1203125 0.2296875
3 0.67265625 0.628125 0.09375 0.16484375
3 0.78828125 0.678125 0.13828125 0.24140625
3 0.93515625 0.7 0.12890625 0.20546875