1 0.1359375 0.44375 0.0765625 0.1203125
1 0.24609375 0.4875 0.071875 0.121875
2 0.38125 0.45390625 0.065625 0.1109375
2 0.4203125 0.4640625 0.0453125 0.08125
2 0.60625 0.49375 0.0515625 0.09375
2 0.68984375 0.51953125 0.05 0.0734375
2 0.7765625 0.540625 0.053125 0.084375
2 0.734375 0.5671875 0.0671875 0.1109375
3 0.13046875 0.4953125 0.159375 0.2125
3 0.25 0.534375 0.1328125 0.1984375
3 0.37890625 0.5234375 0.171875 0.25
3 0.434375 0.51015625 0.084375 0.1578125
3 0.58515625 0.5375 0.121875 0.171875
3 0.675 0.56328125 0.09375 0.1515625
3 0.715625 0.6265625 0.165625 0.24375
3 0.784375 0.5828125 0.078125 0.1671875