1 0.06015625 0.60703125 0.06953125 0.1109375
1 0.17109375 0.6046875 0.0578125 0.109375
1 0.29765625 0.55 0.04296875 0.08125
1 0.471875 0.52578125 0.0421875 0.0890625
1 0.37265625 0.59375 0.059375 0.13359375
1 0.66953125 0.5359375 0.05859375 0.13125
1 0.7375 0.48046875 0.0453125 0.09296875
1 0.83203125 0.459375 0.05 0.09453125
1 0.79765625 0.53046875 0.06640625 0.14453125
1 0.9703125 0.50703125 0.05625 0.1484375
3 0.0734375 0.65625 0.11796875 0.20078125
3 0.17578125 0.66171875 0.14453125 0.2140625
3 0.30390625 0.58671875 0.09609375 0.134375
3 0.39921875 0.65078125 0.1484375 0.2296875
3 0.48203125 0.55859375 0.09140625 0.16015625
3 0.67265625 0.60625 0.14140625 0.259375
3 0.7375 0.50546875 0.0703125 0.14375
3 0.81171875 0.5953125 0.1625 0.27578125
3 0.84765625 0.49140625 0.06328125 0.16796875
3 0.94609375 0.56953125 0.10703125 0.26953125