1 0.13828125 0.62421875 0.0546875 0.084375
1 0.20703125 0.5953125 0.0578125 0.09375
1 0.38203125 0.6140625 0.05 0.0984375
2 0.559375 0.59921875 0.0421875 0.078125
1 0.75234375 0.63359375 0.053125 0.0984375
2 0.81796875 0.65625 0.0703125 0.1203125
0 0.134375 0.64765625 0.1 0.1265625
3 0.2171875 0.63203125 0.1125 0.1625
3 0.29375 0.65078125 0.0890625 0.15
3 0.38125 0.6546875 0.109375 0.1625
3 0.5515625 0.6546875 0.1046875 0.1765625
3 0.65625 0.72421875 0.15 0.278125
3 0.74765625 0.66640625 0.1046875 0.1671875
3 0.80859375 0.73359375 0.2015625 0.2828125