2 0.16953125 0.52265625 0.0921875 0.1265625
1 0.26640625 0.5203125 0.053125 0.0921875
2 0.30703125 0.54140625 0.0859375 0.1234375
1 0.39453125 0.534375 0.065625 0.109375
1 0.55859375 0.5828125 0.0515625 0.0734375
2 0.57734375 0.60625 0.071875 0.103125
2 0.83984375 0.69375 0.084375 0.1359375
3 0.15625 0.584375 0.1796875 0.25
3 0.28984375 0.615625 0.1875 0.2859375
3 0.25546875 0.5453125 0.090625 0.1359375
3 0.5546875 0.6953125 0.1890625 0.278125
3 0.7125 0.70234375 0.1765625 0.3
3 0.82890625 0.75 0.1765625 0.2578125
0 0.39140625 0.5734375 0.1171875 0.1765625
0 0.53203125 0.61171875 0.0953125 0.1390625