1 0.1421875 0.51953125 0.0640625 0.1078125
1 0.2578125 0.54140625 0.0640625 0.1
2 0.38515625 0.5015625 0.059375 0.1109375
1 0.42890625 0.5 0.0453125 0.0890625
2 0.60234375 0.4734375 0.0453125 0.0765625
2 0.69140625 0.4984375 0.0453125 0.071875
2 0.77890625 0.49921875 0.046875 0.0765625
1 0.75234375 0.5640625 0.0671875 0.11875
3 0.153125 0.58046875 0.128125 0.2140625
3 0.26953125 0.5921875 0.125 0.209375
3 0.3953125 0.57890625 0.1703125 0.2625
3 0.44609375 0.5375 0.0734375 0.1546875
3 0.5953125 0.53359375 0.1078125 0.18125
3 0.68984375 0.54140625 0.1 0.15
3 0.74140625 0.61796875 0.15625 0.2328125
3 0.79296875 0.54765625 0.0875 0.1671875