1 0.17109375 0.6890625 0.0515625 0.0859375
1 0.4109375 0.62578125 0.046875 0.090625
1 0.58125 0.6359375 0.04375 0.0875
1 0.8921875 0.68984375 0.08125 0.14375
1 0.7078125 0.66484375 0.0765625 0.1359375
0 0.171875 0.71640625 0.1046875 0.125
3 0.41796875 0.66640625 0.1109375 0.1765625
3 0.709375 0.72265625 0.1796875 0.2546875
0 0.253125 0.70703125 0.1078125 0.125
0 0.33515625 0.71328125 0.0984375 0.0875
0 0.575 0.66640625 0.1109375 0.140625
0 0.77890625 0.63671875 0.109375 0.1390625
0 0.88828125 0.72890625 0.1703125 0.209375