1 0.0453125 0.49453125 0.065625 0.0875
1 0.05703125 0.56015625 0.08125 0.1234375
1 0.1265625 0.54140625 0.0796875 0.128125
1 0.26875 0.525 0.06875 0.090625
1 0.35 0.57890625 0.0796875 0.134375
1 0.61796875 0.54609375 0.0515625 0.071875
1 0.690625 0.54921875 0.0578125 0.0953125
1 0.64296875 0.59140625 0.06875 0.1265625
1 0.9 0.61640625 0.0875 0.1328125
3 0.0609375 0.590625 0.121875 0.21875
3 0.15 0.6 0.1640625 0.2359375
3 0.2703125 0.559375 0.1265625 0.1546875
3 0.34765625 0.634375 0.1890625 0.23125
3 0.44453125 0.57734375 0.1203125 0.1578125
3 0.6 0.5828125 0.075 0.1375
3 0.61640625 0.6453125 0.1546875 0.2484375
3 0.6921875 0.57578125 0.0671875 0.1359375
3 0.7359375 0.6703125 0.196875 0.2625
3 0.77890625 0.590625 0.1171875 0.1671875
3 0.88515625 0.6828125 0.2015625 0.265625