2 0.121875 0.44140625 0.075 0.1078125
1 0.246875 0.48984375 0.078125 0.1265625
1 0.3828125 0.49296875 0.065625 0.125
2 0.4421875 0.484375 0.046875 0.075
2 0.60859375 0.5171875 0.0515625 0.0859375
1 0.68046875 0.5671875 0.05 0.084375
2 0.7875 0.56484375 0.0515625 0.09375
1 0.7359375 0.63515625 0.075 0.13125
0 0.67734375 0.596875 0.1140625 0.1453125
0 0.715625 0.67421875 0.171875 0.2375
3 0.128125 0.49921875 0.1796875 0.23125
3 0.24375 0.534375 0.146875 0.20625
3 0.37734375 0.55546875 0.159375 0.25
3 0.43125 0.61953125 0.1171875 0.346875
3 0.59140625 0.56171875 0.128125 0.1921875
3 0.78515625 0.60859375 0.096875 0.184375