2 0.16953125 0.5609375 0.0765625 0.115625
1 0.2703125 0.54921875 0.0484375 0.08125
2 0.31640625 0.56484375 0.065625 0.1234375
1 0.3984375 0.5515625 0.053125 0.0984375
1 0.56015625 0.57578125 0.04375 0.08125
1 0.59296875 0.61796875 0.0640625 0.115625
2 0.73984375 0.55703125 0.0671875 0.109375
2 0.86015625 0.65078125 0.075 0.1390625
3 0.16796875 0.62421875 0.159375 0.2421875
3 0.3046875 0.640625 0.153125 0.275
3 0.403125 0.5859375 0.1 0.171875
3 0.578125 0.68125 0.1609375 0.253125
3 0.728125 0.6640625 0.1578125 0.3171875
3 0.85859375 0.7015625 0.1546875 0.24375
0 0.5515625 0.60859375 0.084375 0.1328125
0 0.265625 0.58203125 0.0828125 0.1421875