1 0.221875 0.5765625 0.0515625 0.0890625
1 0.3375 0.5890625 0.053125 0.096875
1 0.5109375 0.6203125 0.0515625 0.0796875
1 0.61328125 0.63125 0.0484375 0.0828125
2 0.7421875 0.62734375 0.0703125 0.1203125
2 0.86171875 0.66171875 0.0671875 0.1109375
3 0.21953125 0.60078125 0.0984375 0.1375
3 0.33828125 0.6265625 0.1109375 0.165625
3 0.50390625 0.63984375 0.128125 0.1546875
3 0.6078125 0.64609375 0.1109375 0.1578125
3 0.7109375 0.709375 0.190625 0.284375
3 0.85625 0.73203125 0.14375 0.25625
0 0.0859375 0.6859375 0.171875 0.2
0 0.23203125 0.721875 0.1640625 0.2171875