1 0.2609375 0.6390625 0.059375 0.0921875
1 0.4203125 0.621875 0.0640625 0.1015625
1 0.58984375 0.5828125 0.0546875 0.0984375
1 0.68671875 0.54765625 0.0671875 0.109375
1 0.8046875 0.53671875 0.06875 0.1078125
1 0.90078125 0.58203125 0.1046875 0.15625
3 0.18671875 0.70703125 0.134375 0.16875
3 0.2671875 0.67734375 0.1390625 0.19375
3 0.3546875 0.67421875 0.0953125 0.140625
3 0.425 0.65546875 0.128125 0.175
3 0.59765625 0.625 0.1359375 0.171875
3 0.69453125 0.5953125 0.1328125 0.1953125
3 0.8 0.57421875 0.1359375 0.1765625
3 0.89140625 0.65078125 0.2171875 0.2890625