1 0.08046875 0.48828125 0.0671875 0.11875
1 0.2390625 0.50546875 0.0625 0.121875
2 0.36953125 0.45546875 0.05546875 0.1109375
2 0.4109375 0.45546875 0.02890625 0.06640625
2 0.59453125 0.46015625 0.04609375 0.08125
2 0.6828125 0.48046875 0.03984375 0.071875
2 0.7359375 0.51875 0.05 0.10390625
2 0.7671875 0.4953125 0.03359375 0.07578125
3 0.2484375 0.53984375 0.11484375 0.18515625
3 0.371875 0.5296875 0.15625 0.2515625
3 0.42578125 0.49765625 0.07421875 0.16015625
3 0.58203125 0.5125 0.103125 0.16796875
3 0.675 0.5203125 0.0828125 0.14453125
3 0.7234375 0.57890625 0.14296875 0.2234375
3 0.77890625 0.53203125 0.05859375 0.146875
0 0.11015625 0.5265625 0.14609375 0.175