2 0.09140625 0.63046875 0.08046875 0.13125
2 0.2421875 0.590625 0.046875 0.08515625
2 0.34453125 0.56875 0.04140625 0.078125
2 0.4859375 0.57421875 0.04453125 0.08125
1 0.5109375 0.6984375 0.065625 0.11875
2 0.60703125 0.571875 0.04453125 0.08125
2 0.70078125 0.60546875 0.05859375 0.1109375
1 0.84140625 0.6640625 0.06015625 0.11328125
3 0.10546875 0.70390625 0.1328125 0.265625
3 0.24765625 0.63046875 0.09453125 0.1703125
3 0.3484375 0.621875 0.08984375 0.1734375
3 0.49140625 0.61796875 0.09921875 0.16015625
0 0.53203125 0.73203125 0.13515625 0.20390625
3 0.60703125 0.61796875 0.10234375 0.1765625
3 0.70859375 0.690625 0.12890625 0.27109375
3 0.853125 0.7109375 0.13203125 0.21875
0 0.21640625 0.75 0.14609375 0.20546875