2 0.16953125 0.52578125 0.0859375 0.1296875
1 0.26875 0.52265625 0.0578125 0.0921875
2 0.309375 0.54296875 0.0859375 0.1328125
1 0.3890625 0.534375 0.065625 0.103125
1 0.56171875 0.58359375 0.046875 0.0796875
1 0.57578125 0.6375 0.078125 0.1234375
2 0.7328125 0.59453125 0.05 0.071875
1 0.86171875 0.684375 0.09375 0.140625
3 0.153125 0.58359375 0.1828125 0.2546875
3 0.28984375 0.615625 0.1875 0.2828125
3 0.25703125 0.54609375 0.0859375 0.1375
3 0.55625 0.69609375 0.18125 0.265625
3 0.71953125 0.70546875 0.18125 0.2890625
3 0.8359375 0.74296875 0.1703125 0.2703125
3 0.71171875 0.6390625 0.0921875 0.165625
0 0.390625 0.57265625 0.11875 0.18125
0 0.54140625 0.61484375 0.1125 0.1546875