2 0.13515625 0.48046875 0.05859375 0.10390625
2 0.2515625 0.50546875 0.06015625 0.1109375
2 0.38828125 0.48671875 0.05 0.10625
2 0.43984375 0.49296875 0.0390625 0.06640625
0 0.60078125 0.5765625 0.10390625 0.13125
0 0.7 0.58046875 0.0921875 0.12421875
0 0.81640625 0.6109375 0.103125 0.11640625
0 0.74609375 0.66640625 0.1609375 0.1796875
3 0.1359375 0.54296875 0.14140625 0.2234375
3 0.25078125 0.56171875 0.121875 0.2203125
3 0.3859375 0.56796875 0.11796875 0.25625
3 0.45078125 0.53359375 0.06484375 0.146875