1 0.15859375 0.6546875 0.0546875 0.10625
1 0.24375 0.675 0.0515625 0.096875
1 0.34296875 0.64375 0.0546875 0.1078125
1 0.5578125 0.640625 0.05 0.1
2 0.79609375 0.56640625 0.053125 0.096875
1 0.71484375 0.6828125 0.0796875 0.1609375
3 0.08359375 0.71328125 0.10625 0.1609375
3 0.1578125 0.7015625 0.13125 0.1875
3 0.2546875 0.71328125 0.1078125 0.171875
3 0.35859375 0.690625 0.1265625 0.196875
3 0.5625 0.67890625 0.1421875 0.1703125
3 0.71796875 0.75703125 0.19375 0.2953125
3 0.79453125 0.62890625 0.109375 0.2203125
3 0.8796875 0.7109375 0.171875 0.3140625