1 0.15078125 0.6546875 0.03984375 0.06484375
1 0.396875 0.61875 0.0390625 0.08515625
1 0.57109375 0.65625 0.0421875 0.059375
1 0.6875 0.68046875 0.0609375 0.128125
0 0.2328125 0.68125 0.10234375 0.10859375
0 0.3125 0.69296875 0.0859375 0.07890625
0 0.5609375 0.68828125 0.10859375 0.109375
0 0.7640625 0.6640625 0.09140625 0.12578125
0 0.86640625 0.76953125 0.15859375 0.18203125
0 0.15078125 0.67890625 0.09765625 0.1234375
3 0.3984375 0.66171875 0.0890625 0.1546875
3 0.68515625 0.74609375 0.16171875 0.2359375