1 0.15859375 0.58359375 0.08125 0.1234375
1 0.275 0.58046875 0.078125 0.1140625
2 0.4375 0.5015625 0.0578125 0.09375
2 0.62265625 0.4640625 0.0578125 0.0859375
2 0.79140625 0.45234375 0.0546875 0.0828125
2 0.76875 0.4921875 0.0765625 0.115625
3 0.1796875 0.62578125 0.159375 0.2125
3 0.2953125 0.6203125 0.1484375 0.2
3 0.4125 0.5859375 0.18125 0.2578125
3 0.459375 0.5390625 0.1109375 0.1703125
3 0.61640625 0.51484375 0.1375 0.18125
3 0.71015625 0.5046875 0.1203125 0.159375
3 0.81640625 0.49609375 0.10625 0.1765625
3 0.771875 0.5625 0.1875 0.259375