1 0.1296875 0.5609375 0.0578125 0.084375
2 0.225 0.5421875 0.0609375 0.096875
1 0.37265625 0.584375 0.065625 0.096875
2 0.675 0.60390625 0.0578125 0.0984375
2 0.7640625 0.646875 0.0625 0.096875
0 0.13125 0.5875 0.1265625 0.140625
3 0.2140625 0.58984375 0.1359375 0.184375
3 0.30390625 0.5953125 0.115625 0.184375
3 0.3765625 0.63046875 0.128125 0.1765625
3 0.5453125 0.65234375 0.140625 0.1765625
3 0.65546875 0.65625 0.128125 0.1984375
3 0.75078125 0.6828125 0.1296875 0.1765625
3 0.8453125 0.7890625 0.240625 0.30625