2 0.23828125 0.58046875 0.04140625 0.06640625
2 0.23515625 0.65546875 0.05625 0.11328125
2 0.34765625 0.57578125 0.03984375 0.06953125
2 0.48203125 0.56953125 0.04140625 0.08046875
1 0.52890625 0.69375 0.05859375 0.11875
2 0.60078125 0.578125 0.04375 0.0890625
2 0.70078125 0.61171875 0.05234375 0.10625
1 0.8390625 0.68046875 0.0625 0.1203125
0 0.10546875 0.734375 0.1453125 0.21484375
3 0.2359375 0.71640625 0.13046875 0.22578125
3 0.24765625 0.6015625 0.07109375 0.1015625
3 0.34375 0.6265625 0.08828125 0.16875
3 0.48046875 0.615625 0.09453125 0.16171875
3 0.53125 0.73359375 0.1453125 0.21015625
3 0.59921875 0.6171875 0.08671875 0.1765625
3 0.71015625 0.69296875 0.13359375 0.26875
3 0.85390625 0.721875 0.13203125 0.196875