1 0.13125 0.58671875 0.0578125 0.08125
1 0.37890625 0.59453125 0.0578125 0.09375
2 0.5375 0.6515625 0.05 0.084375
1 0.8203125 0.796875 0.09375 0.1453125
1 0.65078125 0.7140625 0.0859375 0.140625
0 0.1234375 0.6109375 0.115625 0.1359375
3 0.37109375 0.63671875 0.1265625 0.1828125
3 0.634375 0.77421875 0.19375 0.265625
0 0.52265625 0.67734375 0.1234375 0.15625
0 0.20546875 0.6265625 0.1125 0.1234375
0 0.27734375 0.65390625 0.096875 0.090625
0 0.73046875 0.70703125 0.1234375 0.1421875
0 0.8046875 0.83203125 0.18125 0.2140625