2 0.25859375 0.65234375 0.0625 0.1
1 0.375 0.628125 0.06875 0.103125
1 0.5484375 0.61640625 0.059375 0.0890625
1 0.65546875 0.58046875 0.0640625 0.0890625
2 0.7703125 0.55 0.0828125 0.1265625
2 0.890625 0.54609375 0.078125 0.11875
3 0.26953125 0.66875 0.121875 0.1375
3 0.38359375 0.66796875 0.13125 0.1765625
3 0.54453125 0.634375 0.1203125 0.1546875
3 0.6515625 0.61328125 0.134375 0.1734375
3 0.76328125 0.63203125 0.23125 0.30625
3 0.9109375 0.61171875 0.178125 0.2796875
0 0.165625 0.80703125 0.2 0.2109375
0 0.3171875 0.790625 0.1796875 0.234375