2 0.2328125 0.55703125 0.0484375 0.0640625
2 0.22734375 0.6375 0.06875 0.134375
2 0.34140625 0.565625 0.05 0.075
2 0.4796875 0.57109375 0.0484375 0.084375
2 0.590625 0.5765625 0.05625 0.0921875
1 0.51171875 0.6953125 0.06875 0.1171875
2 0.69453125 0.62578125 0.0671875 0.1109375
1 0.81875 0.7078125 0.065625 0.1140625
0 0.08671875 0.70625 0.16875 0.228125
3 0.2171875 0.6859375 0.159375 0.25625
3 0.23828125 0.58359375 0.0890625 0.125
3 0.334375 0.6125 0.103125 0.1734375
3 0.47109375 0.615625 0.115625 0.1796875
3 0.509375 0.73203125 0.159375 0.2203125
3 0.58671875 0.6265625 0.1046875 0.1890625
3 0.68984375 0.70703125 0.1484375 0.2765625
3 0.83203125 0.75625 0.1484375 0.209375