1 0.21640625 0.54765625 0.0609375 0.096875
1 0.33046875 0.5703125 0.065625 0.103125
1 0.5 0.625 0.05625 0.0875
1 0.6015625 0.64296875 0.0609375 0.0921875
2 0.72734375 0.65234375 0.078125 0.1234375
2 0.84375 0.69453125 0.078125 0.109375
0 0.07890625 0.66953125 0.1578125 0.2015625
0 0.2125 0.68984375 0.184375 0.234375
3 0.2140625 0.57265625 0.1375 0.1546875
3 0.32734375 0.60546875 0.1265625 0.184375
3 0.48671875 0.6515625 0.1296875 0.1375
3 0.59296875 0.6625 0.1375 0.159375
3 0.690625 0.73046875 0.221875 0.2984375
3 0.8296875 0.7734375 0.1703125 0.2640625