2 0.18203125 0.5484375 0.08125 0.115625
1 0.27265625 0.5375 0.0515625 0.0859375
2 0.32890625 0.53984375 0.06875 0.1140625
1 0.3875 0.534375 0.0640625 0.090625
1 0.5625 0.56875 0.046875 0.059375
1 0.578125 0.634375 0.075 0.1234375
1 0.71640625 0.62890625 0.078125 0.134375
3 0.16640625 0.5953125 0.165625 0.2375
3 0.31875 0.6140625 0.1703125 0.2734375
3 0.56015625 0.6921875 0.18125 0.2578125
3 0.70234375 0.69453125 0.175 0.278125
3 0.81953125 0.73828125 0.1640625 0.24375
3 0.2734375 0.56484375 0.0859375 0.13125
3 0.375 0.690625 0.1453125 0.4015625
3 0.54453125 0.60859375 0.0859375 0.1390625