1 0.13984375 0.61484375 0.053125 0.09375
1 0.2078125 0.5921875 0.05 0.0859375
1 0.38203125 0.6140625 0.05 0.084375
2 0.5609375 0.63125 0.046875 0.08125
1 0.74921875 0.63828125 0.053125 0.0875
2 0.83046875 0.7109375 0.075 0.1375
0 0.134375 0.6390625 0.1078125 0.1359375
3 0.21328125 0.63359375 0.1171875 0.165625
3 0.29453125 0.64140625 0.0953125 0.165625
3 0.38046875 0.6515625 0.1078125 0.1578125
3 0.546875 0.72109375 0.103125 0.240625
3 0.65625 0.7234375 0.1390625 0.275
3 0.74765625 0.67578125 0.1140625 0.1640625
3 0.83125 0.76640625 0.159375 0.246875