2 0.115625 0.6796875 0.090625 0.1421875
2 0.2515625 0.625 0.0609375 0.0984375
2 0.36484375 0.59609375 0.0546875 0.084375
2 0.49140625 0.575 0.053125 0.0859375
1 0.5359375 0.70234375 0.071875 0.1171875
2 0.6171875 0.55234375 0.05625 0.09375
2 0.71484375 0.584375 0.0625 0.1109375
2 0.85859375 0.59375 0.06875 0.125
0 0.25078125 0.784375 0.171875 0.215625
3 0.13125 0.74375 0.165625 0.2828125
3 0.26171875 0.66015625 0.1109375 0.18125
3 0.3609375 0.64140625 0.1171875 0.1859375
3 0.50546875 0.62265625 0.1140625 0.175
0 0.5625 0.7375 0.1625 0.215625
3 0.6171875 0.6015625 0.1265625 0.196875
3 0.72734375 0.66015625 0.1609375 0.2828125
3 0.87578125 0.65625 0.16875 0.259375