1 0.03828125 0.55546875 0.05 0.05625
1 0.03828125 0.6109375 0.0625 0.11875
1 0.26015625 0.54375 0.046875 0.09375
1 0.36640625 0.5875 0.0625 0.13125
1 0.45 0.52265625 0.05 0.08125
1 0.62578125 0.49765625 0.05 0.08125
1 0.66953125 0.52578125 0.05625 0.125
1 0.70234375 0.46875 0.0453125 0.08125
1 0.79453125 0.45546875 0.05 0.09375
1 0.92578125 0.49296875 0.075 0.125
3 0.375 0.6359375 0.1515625 0.21875
3 0.15390625 0.646875 0.146875 0.23125
3 0.05 0.64296875 0.0984375 0.2234375
3 0.2671875 0.56953125 0.109375 0.1484375
3 0.46171875 0.55234375 0.09375 0.140625
3 0.615625 0.5265625 0.05625 0.1359375
3 0.653125 0.584375 0.1171875 0.23125
3 0.70625 0.50625 0.06875 0.1453125
3 0.778125 0.58359375 0.15625 0.246875
3 0.80546875 0.4890625 0.0796875 0.171875
3 0.92578125 0.56484375 0.146875 0.2625