1 0.26171875 0.65859375 0.059375 0.0953125
1 0.371875 0.63046875 0.0640625 0.1015625
1 0.54921875 0.6109375 0.0546875 0.084375
1 0.64921875 0.58984375 0.0609375 0.0890625
2 0.7703125 0.54921875 0.0796875 0.1203125
2 0.89453125 0.54296875 0.078125 0.115625
0 0.159375 0.809375 0.1828125 0.2078125
0 0.31328125 0.78984375 0.1859375 0.2359375
3 0.26171875 0.68671875 0.11875 0.1515625
3 0.38671875 0.66640625 0.125 0.171875
3 0.54921875 0.634375 0.134375 0.153125
3 0.65390625 0.621875 0.1234375 0.1484375
3 0.76796875 0.6328125 0.2265625 0.3078125
3 0.91171875 0.6171875 0.1640625 0.2640625