2 0.18046875 0.59453125 0.0609375 0.128125
1 0.27890625 0.57265625 0.04140625 0.08046875
2 0.32265625 0.58046875 0.05625 0.12578125
1 0.403125 0.55546875 0.0390625 0.0890625
1 0.571875 0.5734375 0.0328125 0.08046875
2 0.60078125 0.59375 0.05390625 0.1015625
2 0.87265625 0.61875 0.0625 0.128125
0 0.4046875 0.596875 0.09375 0.165625
0 0.55390625 0.603125 0.06875 0.1359375
3 0.17734375 0.653125 0.13203125 0.2296875
3 0.31875 0.653125 0.13515625 0.25703125
3 0.26875 0.5953125 0.0640625 0.12421875
3 0.59609375 0.671875 0.140625 0.26953125
3 0.75078125 0.65625 0.12578125 0.27890625
3 0.871875 0.67109375 0.12578125 0.23515625