2 0.15 0.5625 0.075 0.1140625
1 0.3734375 0.5328125 0.078125 0.1296875
1 0.42890625 0.5109375 0.05625 0.0921875
1 0.59609375 0.46328125 0.053125 0.0875
2 0.68984375 0.47109375 0.05625 0.0875
2 0.784375 0.46484375 0.059375 0.090625
1 0.753125 0.52421875 0.08125 0.128125
3 0.16640625 0.62421875 0.1625 0.2359375
3 0.28203125 0.621875 0.1578125 0.2375
3 0.4 0.59140625 0.203125 0.2734375
3 0.45078125 0.546875 0.0953125 0.15625
3 0.6 0.52109375 0.134375 0.1859375
3 0.69453125 0.515625 0.1140625 0.1625
3 0.75390625 0.58671875 0.1828125 0.24375
3 0.80078125 0.50390625 0.1 0.171875