1 0.21484375 0.5578125 0.0625 0.0953125
1 0.33359375 0.5765625 0.0640625 0.1046875
1 0.50078125 0.62890625 0.0609375 0.09375
1 0.60703125 0.6359375 0.05625 0.096875
2 0.72890625 0.64765625 0.08125 0.128125
2 0.84921875 0.6828125 0.0703125 0.1140625
0 0.08203125 0.665625 0.1640625 0.21875
0 0.21796875 0.696875 0.18125 0.23125
3 0.20859375 0.5890625 0.1265625 0.15625
3 0.33046875 0.61015625 0.11875 0.1671875
3 0.4890625 0.64140625 0.121875 0.14375
3 0.6 0.66640625 0.125 0.159375
3 0.6953125 0.728125 0.225 0.3
3 0.8375 0.75546875 0.159375 0.2578125