2 0.12578125 0.7015625 0.0890625 0.1390625
2 0.265625 0.63125 0.059375 0.0921875
2 0.36484375 0.603125 0.0546875 0.08125
2 0.50390625 0.57578125 0.0515625 0.08125
1 0.54453125 0.69609375 0.078125 0.121875
2 0.61953125 0.55390625 0.05 0.0828125
2 0.71640625 0.56875 0.0734375 0.1140625
1 0.86484375 0.59453125 0.08125 0.128125
3 0.1453125 0.76328125 0.178125 0.2875
3 0.27421875 0.67109375 0.121875 0.184375
3 0.36953125 0.6515625 0.1265625 0.190625
3 0.51328125 0.61875 0.1265625 0.1859375
0 0.57265625 0.7265625 0.171875 0.215625
3 0.62578125 0.59765625 0.1296875 0.1828125
3 0.7375 0.65234375 0.175 0.2859375
3 0.8859375 0.640625 0.16875 0.240625
0 0.26484375 0.79453125 0.1796875 0.228125