1 0.1859375 0.60546875 0.06484375 0.11875
1 0.31640625 0.59453125 0.06015625 0.14296875
1 0.59765625 0.61484375 0.0625 0.13359375
2 0.74453125 0.55546875 0.06171875 0.11875
2 0.8609375 0.56875 0.0625 0.1203125
3 0.18203125 0.65390625 0.134375 0.21484375
3 0.31875 0.659375 0.13515625 0.2515625
3 0.39921875 0.58828125 0.08515625 0.16875
3 0.59375 0.66953125 0.1359375 0.23046875
3 0.74375 0.64375 0.12421875 0.29453125
3 0.875 0.65546875 0.15078125 0.2796875
0 0.5625 0.60859375 0.08671875 0.12578125