1 0.07578125 0.65703125 0.0765625 0.125
2 0.1859375 0.6375 0.0765625 0.1359375
1 0.303125 0.58046875 0.053125 0.0859375
1 0.3890625 0.6078125 0.075 0.1359375
1 0.475 0.525 0.046875 0.0984375
1 0.66875 0.5046875 0.075 0.1375
1 0.734375 0.4515625 0.0515625 0.0953125
1 0.82734375 0.4140625 0.0546875 0.0953125
1 0.8015625 0.48671875 0.0875 0.1515625
3 0.09921875 0.70546875 0.13125 0.2109375
3 0.1953125 0.6984375 0.16875 0.25
3 0.3125 0.60078125 0.1171875 0.153125
3 0.41640625 0.6609375 0.1796875 0.246875
3 0.48984375 0.55390625 0.121875 0.184375
3 0.6796875 0.58203125 0.165625 0.2859375
3 0.7375 0.46484375 0.0890625 0.14375
3 0.8234375 0.56015625 0.1953125 0.290625
3 0.83984375 0.44140625 0.09375 0.1375
3 0.9421875 0.5203125 0.115625 0.271875