1 0.18515625 0.60078125 0.06796875 0.13125
1 0.3171875 0.59609375 0.06015625 0.13671875
1 0.59765625 0.61328125 0.06015625 0.13671875
2 0.7453125 0.553125 0.06484375 0.1203125
2 0.86328125 0.56875 0.06640625 0.11875
3 0.184375 0.65546875 0.13359375 0.22109375
3 0.31484375 0.6609375 0.13515625 0.2484375
3 0.39921875 0.58828125 0.08203125 0.16953125
3 0.59140625 0.67890625 0.1390625 0.23515625
3 0.74609375 0.64375 0.125 0.28515625
3 0.87421875 0.65234375 0.14921875 0.26953125
0 0.56328125 0.60859375 0.08671875 0.128125