2 0.23671875 0.5796875 0.0390625 0.06328125
2 0.24375 0.6546875 0.0546875 0.128125
2 0.3484375 0.578125 0.0375 0.07421875
2 0.4859375 0.57265625 0.04609375 0.08046875
2 0.60390625 0.5734375 0.04140625 0.09375
1 0.52890625 0.68671875 0.05859375 0.13046875
2 0.70390625 0.60546875 0.05234375 0.10390625
1 0.8359375 0.67890625 0.05625 0.109375
0 0.10625 0.73203125 0.1453125 0.209375
3 0.2328125 0.71484375 0.13671875 0.228125
3 0.24375 0.603125 0.0765625 0.12109375
3 0.34375 0.6234375 0.08984375 0.175
3 0.4828125 0.61875 0.09375 0.16328125
3 0.53203125 0.73046875 0.13984375 0.2109375
3 0.59765625 0.61640625 0.08828125 0.17578125
3 0.7109375 0.69140625 0.128125 0.26796875
3 0.85625 0.72109375 0.12890625 0.1984375