2 0.18828125 0.61796875 0.075 0.1203125
1 0.2859375 0.5921875 0.046875 0.084375
2 0.33046875 0.59296875 0.0734375 0.1265625
1 0.409375 0.56328125 0.0515625 0.103125
2 0.596875 0.59765625 0.0734375 0.1265625
1 0.903125 0.5796875 0.08125 0.13125
3 0.19453125 0.67734375 0.1625 0.2421875
3 0.33125 0.6703125 0.1546875 0.265625
3 0.6109375 0.66484375 0.15625 0.2484375
3 0.77734375 0.63671875 0.1609375 0.2765625
3 0.89453125 0.63984375 0.1375 0.240625
3 0.278125 0.61796875 0.078125 0.1359375
0 0.41875 0.60625 0.0984375 0.175
0 0.58046875 0.59609375 0.1140625 0.1375