1 0.1484375 0.63046875 0.05 0.078125
2 0.23515625 0.59375 0.04375 0.08359375
1 0.39140625 0.61015625 0.04609375 0.09453125
2 0.69140625 0.56875 0.04296875 0.08359375
1 0.78515625 0.59375 0.04296875 0.1
0 0.15078125 0.65546875 0.10234375 0.12578125
3 0.234375 0.64296875 0.10625 0.175
3 0.32265625 0.63046875 0.07890625 0.17578125
3 0.4046875 0.65078125 0.10078125 0.165625
3 0.57265625 0.64375 0.10859375 0.16328125
3 0.67890625 0.62421875 0.09765625 0.1859375
3 0.7828125 0.6359375 0.09765625 0.16953125
3 0.88828125 0.715625 0.19296875 0.27421875