1 0.2640625 0.665625 0.06875 0.090625
1 0.3796875 0.6328125 0.06875 0.103125
1 0.5515625 0.615625 0.0578125 0.0890625
1 0.65 0.58515625 0.0640625 0.0890625
2 0.7703125 0.5390625 0.0796875 0.115625
2 0.8953125 0.525 0.0859375 0.1203125
3 0.275 0.69140625 0.1421875 0.1640625
3 0.39140625 0.665625 0.13125 0.184375
3 0.54921875 0.6328125 0.125 0.15625
3 0.65234375 0.61015625 0.125 0.1390625
3 0.76796875 0.6234375 0.228125 0.3015625
3 0.91328125 0.60546875 0.1734375 0.2765625
0 0.17265625 0.82109375 0.190625 0.2078125
0 0.325 0.7984375 0.1890625 0.228125