2 0.10859375 0.67421875 0.090625 0.1390625
2 0.25234375 0.6109375 0.05 0.084375
2 0.35859375 0.58984375 0.046875 0.084375
2 0.4953125 0.5765625 0.053125 0.0859375
1 0.53046875 0.69296875 0.0703125 0.11875
2 0.61171875 0.559375 0.0515625 0.084375
2 0.7109375 0.58359375 0.0609375 0.1109375
1 0.85546875 0.6234375 0.0703125 0.1234375
3 0.12890625 0.73828125 0.159375 0.278125
3 0.26171875 0.65703125 0.1125 0.1796875
3 0.36015625 0.63984375 0.1109375 0.178125
3 0.503125 0.61328125 0.1125 0.178125
0 0.55859375 0.734375 0.15625 0.2140625
3 0.61796875 0.60625 0.11875 0.18125
3 0.7234375 0.6703125 0.153125 0.28125
3 0.8734375 0.67734375 0.15625 0.234375
0 0.2453125 0.778125 0.16875 0.221875