1 0.16328125 0.6109375 0.06875 0.125
1 0.31484375 0.584375 0.0484375 0.059375
1 0.3109375 0.65546875 0.065625 0.1171875
1 0.39140625 0.61953125 0.046875 0.096875
2 0.5515625 0.55859375 0.040625 0.0765625
1 0.65703125 0.6015625 0.046875 0.0984375
1 0.77578125 0.63671875 0.065625 0.134375
1 0.9171875 0.6703125 0.0703125 0.121875
3 0.16796875 0.67578125 0.1375 0.2203125
3 0.31328125 0.696875 0.1328125 0.1921875
3 0.3296875 0.61015625 0.0890625 0.109375
3 0.403125 0.65390625 0.1109375 0.1515625
3 0.5453125 0.61015625 0.078125 0.1765625
3 0.5875 0.70390625 0.1359375 0.225
3 0.66484375 0.634375 0.1015625 0.1734375
3 0.77421875 0.696875 0.1421875 0.25
3 0.9265625 0.71953125 0.1359375 0.225