2 0.1734375 0.63515625 0.06875 0.1203125
1 0.3234375 0.590625 0.04375 0.0703125
1 0.321875 0.665625 0.059375 0.1078125
2 0.39375 0.5875 0.046875 0.0828125
2 0.5703125 0.55390625 0.0390625 0.0765625
1 0.66640625 0.590625 0.046875 0.09375
1 0.7875 0.6140625 0.05625 0.13125
1 0.928125 0.63828125 0.06875 0.1140625
3 0.1859375 0.68984375 0.128125 0.2328125
3 0.33203125 0.71328125 0.134375 0.1984375
3 0.33203125 0.59140625 0.0703125 0.0828125
3 0.4140625 0.6359375 0.103125 0.16875
3 0.55390625 0.61015625 0.0828125 0.1734375
3 0.60234375 0.7 0.125 0.221875
3 0.6765625 0.61796875 0.103125 0.165625
3 0.78828125 0.67890625 0.1453125 0.2484375
3 0.93359375 0.69453125 0.1328125 0.2234375