2 0.078125 0.55703125 0.090625 0.14375
2 0.2296875 0.54765625 0.0609375 0.10625
2 0.33515625 0.540625 0.05625 0.08125
2 0.47578125 0.57265625 0.0578125 0.0875
2 0.59375 0.5859375 0.05625 0.090625
1 0.47734375 0.7046875 0.0828125 0.1140625
2 0.68203125 0.6390625 0.06875 0.1109375
1 0.80546875 0.71796875 0.08125 0.128125
0 0.178125 0.69140625 0.178125 0.2328125
3 0.084375 0.62109375 0.16875 0.3046875
3 0.2265625 0.584375 0.1203125 0.1890625
3 0.3265625 0.59296875 0.1234375 0.1859375
3 0.4671875 0.61796875 0.1234375 0.1796875
0 0.48984375 0.7375 0.1734375 0.228125
3 0.58515625 0.634375 0.1328125 0.1921875
3 0.67109375 0.7234375 0.1734375 0.2890625
3 0.81015625 0.76875 0.171875 0.240625