1 0.13203125 0.51015625 0.0625 0.11875
1 0.25625 0.53359375 0.0625 0.115625
2 0.32578125 0.66875 0.034375 0.0390625
2 0.61640625 0.4859375 0.04375 0.08125
2 0.784375 0.5140625 0.0421875 0.075
2 0.75625 0.54921875 0.0546875 0.10625
3 0.14609375 0.5546875 0.121875 0.190625
3 0.26328125 0.578125 0.121875 0.184375
3 0.39296875 0.55625 0.140625 0.234375
3 0.44921875 0.528125 0.075 0.153125
3 0.6 0.53515625 0.1046875 0.1625
3 0.696875 0.5484375 0.0890625 0.14375
3 0.74140625 0.61484375 0.1375 0.234375
3 0.79609375 0.55546875 0.06875 0.1625