1 0.26171875 0.665625 0.0640625 0.0890625
1 0.378125 0.6375 0.065625 0.096875
1 0.55234375 0.6125 0.0625 0.0890625
1 0.65390625 0.58359375 0.0640625 0.0953125
2 0.76953125 0.534375 0.08125 0.128125
2 0.89375 0.525 0.08125 0.1125
3 0.275 0.68984375 0.140625 0.1578125
3 0.38984375 0.66953125 0.128125 0.171875
3 0.553125 0.63515625 0.1375 0.140625
3 0.65546875 0.60703125 0.134375 0.1515625
3 0.76953125 0.6203125 0.234375 0.3125
3 0.91171875 0.60546875 0.1765625 0.2734375
0 0.1734375 0.821875 0.2046875 0.2203125
0 0.32265625 0.79765625 0.1875 0.2296875