2 0.09453125 0.63125 0.071875 0.13125
2 0.2421875 0.59375 0.04609375 0.0890625
2 0.35078125 0.57890625 0.04140625 0.07578125
2 0.4859375 0.57265625 0.04609375 0.08046875
2 0.60859375 0.571875 0.04296875 0.08125
1 0.5109375 0.70390625 0.06484375 0.11875
2 0.70078125 0.60859375 0.05078125 0.10546875
1 0.8390625 0.6609375 0.0625 0.11953125
0 0.21875 0.74765625 0.15234375 0.20625
3 0.10390625 0.70078125 0.1375 0.25625
3 0.24609375 0.62578125 0.0921875 0.16875
3 0.3453125 0.62421875 0.09140625 0.16953125
3 0.490625 0.61640625 0.09765625 0.1703125
0 0.53125 0.740625 0.1421875 0.1953125
3 0.6046875 0.61875 0.09921875 0.17578125
3 0.70703125 0.69140625 0.12734375 0.26171875
3 0.85390625 0.71171875 0.134375 0.21953125