1 0.153125 0.65390625 0.04375 0.08125
1 0.3984375 0.615625 0.03828125 0.08671875
1 0.56640625 0.64375 0.03515625 0.08359375
1 0.8703125 0.7296875 0.06796875 0.13671875
1 0.6890625 0.6859375 0.0625 0.13046875
0 0.15078125 0.68125 0.09296875 0.115625
3 0.40078125 0.65703125 0.09375 0.16796875
3 0.68515625 0.74296875 0.15625 0.23984375
0 0.2328125 0.68046875 0.09609375 0.11484375
0 0.3140625 0.69453125 0.090625 0.07890625
0 0.55703125 0.6734375 0.0984375 0.13125
0 0.76328125 0.66484375 0.09609375 0.1296875
0 0.8625 0.76796875 0.15078125 0.19453125