1 0.14140625 0.49453125 0.05703125 0.10390625
1 0.25546875 0.52421875 0.0578125 0.09609375
2 0.38515625 0.49375 0.05234375 0.10703125
1 0.42890625 0.4953125 0.03984375 0.08671875
2 0.60390625 0.48046875 0.03984375 0.07421875
2 0.69140625 0.51171875 0.03984375 0.06875
2 0.778125 0.51875 0.0421875 0.07421875
1 0.74765625 0.58125 0.059375 0.11484375
3 0.1484375 0.55625 0.1140625 0.20703125
3 0.26328125 0.57578125 0.11171875 0.2015625
3 0.38984375 0.57109375 0.15234375 0.253125
3 0.44375 0.53359375 0.06328125 0.15078125
3 0.59296875 0.53984375 0.09609375 0.17421875
3 0.68671875 0.5546875 0.090625 0.14453125
3 0.7328125 0.634375 0.140625 0.2234375
3 0.7890625 0.56796875 0.07578125 0.16171875