1 0.14921875 0.48125 0.0734375 0.115625
1 0.2640625 0.5140625 0.06875 0.115625
2 0.44140625 0.48515625 0.0484375 0.0875
2 0.6265625 0.5015625 0.05 0.084375
2 0.79609375 0.5296875 0.0453125 0.0765625
2 0.75859375 0.57109375 0.0578125 0.1125
3 0.15859375 0.5328125 0.1296875 0.1984375
3 0.26875 0.5609375 0.121875 0.184375
3 0.39140625 0.553125 0.1578125 0.2390625
3 0.4515625 0.52265625 0.0859375 0.1609375
3 0.60703125 0.54296875 0.1125 0.175
3 0.70078125 0.565625 0.096875 0.153125
3 0.8046875 0.584375 0.078125 0.1734375
3 0.74140625 0.634375 0.159375 0.2421875