2 0.06015625 0.590625 0.04609375 0.05546875
1 0.04453125 0.646875 0.065625 0.11953125
1 0.1453125 0.62265625 0.05546875 0.11796875
1 0.26328125 0.590625 0.04375 0.08515625
1 0.44765625 0.559375 0.03671875 0.08046875
2 0.61328125 0.5234375 0.03359375 0.06953125
1 0.6984375 0.50078125 0.0375 0.08046875
1 0.78515625 0.48046875 0.040625 0.08125
1 0.6484375 0.54375 0.04453125 0.1109375
1 0.775 0.57109375 0.0671875 0.1109375
1 0.91796875 0.528125 0.0671875 0.11484375
3 0.05546875 0.69765625 0.1078125 0.21796875
3 0.16015625 0.6734375 0.11875 0.2046875
3 0.27890625 0.615625 0.11015625 0.121875
3 0.38125 0.6515625 0.14609375 0.23515625
3 0.46328125 0.59140625 0.08984375 0.128125
3 0.60390625 0.56171875 0.04453125 0.14296875
3 0.6421875 0.61796875 0.11796875 0.2515625
3 0.70390625 0.54296875 0.06640625 0.153125
3 0.76640625 0.62265625 0.13515625 0.21015625
3 0.79453125 0.50625 0.08203125 0.1265625
3 0.9171875 0.5953125 0.15 0.24453125
3 0.07890625 0.634375 0.08046875 0.13515625