2 0.18203125 0.534375 0.0828125 0.1203125
1 0.28046875 0.53203125 0.0515625 0.0875
2 0.32890625 0.54140625 0.0765625 0.1265625
2 0.3984375 0.51640625 0.059375 0.0890625
1 0.5546875 0.59140625 0.0453125 0.075
1 0.57421875 0.6296875 0.078125 0.1265625
2 0.7328125 0.615625 0.0765625 0.10625
1 0.93671875 0.728125 0.078125 0.1484375
0 0.5359375 0.61875 0.109375 0.153125
3 0.16796875 0.5875 0.171875 0.24375
3 0.31640625 0.61171875 0.178125 0.275
3 0.27734375 0.55234375 0.0890625 0.1359375
3 0.3953125 0.56953125 0.11875 0.19375
3 0.559375 0.6875 0.1875 0.259375
3 0.70078125 0.69453125 0.1890625 0.290625
3 0.9015625 0.77109375 0.1484375 0.2359375