2 0.2390625 0.62578125 0.075 0.1140625
1 0.29375 0.61015625 0.0515625 0.0875
1 0.3390625 0.6390625 0.0875 0.14375
1 0.4109375 0.575 0.0625 0.103125
1 0.58046875 0.56484375 0.04375 0.065625
1 0.621875 0.6 0.0796875 0.128125
2 0.74296875 0.52265625 0.0828125 0.11875
3 0.24453125 0.69921875 0.1625 0.2484375
3 0.35 0.6953125 0.1921875 0.26875
3 0.6265625 0.6609375 0.18125 0.2609375
3 0.75859375 0.60546875 0.1859375 0.2921875
3 0.8921875 0.6078125 0.178125 0.253125
0 0.303125 0.63984375 0.071875 0.146875
0 0.42734375 0.61171875 0.1203125 0.1796875
0 0.5796875 0.59609375 0.109375 0.1453125
0 0.80390625 0.55625 0.08125 0.153125