1 0.1296875 0.55234375 0.078125 0.121875
2 0.425 0.49296875 0.046875 0.0828125
2 0.60859375 0.478125 0.0515625 0.0796875
2 0.7046875 0.49375 0.046875 0.0859375
2 0.778125 0.484375 0.0484375 0.0828125
2 0.75234375 0.525 0.0671875 0.1125
3 0.146875 0.60078125 0.1625 0.2046875
3 0.2671875 0.6046875 0.1375 0.2140625
3 0.378125 0.58125 0.190625 0.2453125
3 0.4359375 0.53828125 0.0921875 0.165625
3 0.5984375 0.53125 0.1234375 0.1765625
3 0.6921875 0.5296875 0.1046875 0.1515625
3 0.74609375 0.59453125 0.16875 0.2484375
3 0.80078125 0.528125 0.0859375 0.165625