2 0.06015625 0.590625 0.05546875 0.1109375
2 0.17890625 0.5703125 0.05625 0.11484375
2 0.29453125 0.53671875 0.03984375 0.08125
2 0.47578125 0.51875 0.04140625 0.08125
2 0.38515625 0.575 0.05859375 0.1203125
2 0.63203125 0.48984375 0.03671875 0.0609375
2 0.7140625 0.4484375 0.0375 0.08125
1 0.83203125 0.45625 0.04609375 0.090625
2 0.9328125 0.47890625 0.0625 0.11640625
2 0.76953125 0.49375 0.06796875 0.13359375
1 0.66953125 0.5203125 0.053125 0.12578125
3 0.08125 0.6515625 0.1203125 0.21640625
3 0.1890625 0.646875 0.13984375 0.2609375
3 0.30390625 0.57890625 0.09453125 0.15546875
3 0.39453125 0.6390625 0.15390625 0.23671875
3 0.48671875 0.5609375 0.09765625 0.159375
3 0.63203125 0.5359375 0.04609375 0.15625
3 0.66328125 0.6015625 0.12109375 0.278125
3 0.7203125 0.49140625 0.053125 0.1515625
3 0.796875 0.5796875 0.15234375 0.28671875
3 0.8421875 0.50625 0.08984375 0.18203125
3 0.94296875 0.56015625 0.1140625 0.27578125