1 0.21875 0.5484375 0.0625 0.1
1 0.33203125 0.571875 0.0609375 0.096875
1 0.49921875 0.63203125 0.05625 0.0875
1 0.6046875 0.64375 0.0625 0.096875
2 0.7265625 0.65625 0.078125 0.1171875
1 0.8359375 0.70234375 0.0734375 0.109375
0 0.08828125 0.64765625 0.1765625 0.2203125
0 0.21171875 0.6984375 0.18125 0.2171875
3 0.21953125 0.5671875 0.1234375 0.1515625
3 0.33125 0.60078125 0.115625 0.178125
3 0.490625 0.6375 0.1296875 0.15
3 0.59921875 0.6625 0.1390625 0.1640625
3 0.690625 0.7359375 0.221875 0.2953125
3 0.8296875 0.78359375 0.175 0.265625