2 0.09609375 0.64453125 0.084375 0.134375
2 0.2453125 0.59921875 0.05 0.0875
2 0.346875 0.57421875 0.04375 0.0796875
2 0.48828125 0.575 0.046875 0.0828125
1 0.51796875 0.69765625 0.0703125 0.1203125
2 0.609375 0.56796875 0.046875 0.0828125
2 0.7046875 0.5984375 0.0625 0.1125
1 0.846875 0.65234375 0.0640625 0.115625
3 0.1125 0.7171875 0.1421875 0.2703125
3 0.25234375 0.6390625 0.1 0.1734375
3 0.353125 0.62734375 0.0953125 0.1765625
3 0.4953125 0.61796875 0.1046875 0.1640625
0 0.53984375 0.73046875 0.1421875 0.2078125
3 0.6109375 0.6140625 0.1078125 0.1796875
3 0.71484375 0.68359375 0.1390625 0.275
3 0.86015625 0.6984375 0.1390625 0.2234375
0 0.225 0.759375 0.153125 0.2109375