1 0.1546875 0.6546875 0.04609375 0.07578125
1 0.3984375 0.61875 0.04609375 0.08125
1 0.56953125 0.65703125 0.04453125 0.0609375
1 0.69140625 0.68125 0.065625 0.13125
0 0.153125 0.6765625 0.09921875 0.128125
3 0.396875 0.659375 0.0953125 0.15546875
3 0.68515625 0.74296875 0.15703125 0.25
0 0.23203125 0.68515625 0.10078125 0.11875
0 0.31015625 0.69296875 0.0875 0.0859375
0 0.55859375 0.6828125 0.10546875 0.11171875
0 0.76328125 0.66171875 0.090625 0.13046875
0 0.86171875 0.76875 0.14765625 0.18515625