2 0.22890625 0.5890625 0.0484375 0.09375
1 0.34765625 0.59375 0.053125 0.096875
1 0.51875 0.625 0.046875 0.0828125
1 0.63125 0.615625 0.05 0.0828125
2 0.75 0.61328125 0.0640625 0.11875
2 0.86796875 0.63984375 0.0609375 0.1109375
3 0.2359375 0.6078125 0.103125 0.1234375
3 0.346875 0.634375 0.10625 0.1625
3 0.5109375 0.64140625 0.0984375 0.1421875
3 0.6203125 0.64609375 0.109375 0.1578125
3 0.72421875 0.69140625 0.1875 0.28125
3 0.8734375 0.709375 0.140625 0.2625
0 0.1015625 0.71640625 0.171875 0.1859375
0 0.25234375 0.7375 0.1453125 0.215625