2 0.190625 0.66875 0.084375 0.1265625
1 0.33984375 0.6765625 0.071875 0.1140625
1 0.33515625 0.61484375 0.0453125 0.06875
2 0.40625 0.60234375 0.05625 0.0890625
2 0.575 0.54296875 0.046875 0.078125
1 0.6734375 0.57265625 0.05625 0.09375
1 0.79765625 0.5828125 0.06875 0.1359375
1 0.93828125 0.60234375 0.0828125 0.1234375
3 0.2046875 0.72578125 0.15625 0.2390625
3 0.353125 0.728125 0.1484375 0.2140625
3 0.34453125 0.61796875 0.06875 0.1
3 0.428125 0.63828125 0.115625 0.184375
3 0.56328125 0.5984375 0.1 0.178125
3 0.6203125 0.6828125 0.146875 0.2421875
3 0.68671875 0.60625 0.1125 0.175
3 0.8078125 0.64140625 0.1671875 0.25625
3 0.93984375 0.64453125 0.1203125 0.2203125