2 0.18515625 0.59296875 0.065625 0.11875
1 0.2859375 0.575 0.04375 0.08125
1 0.33203125 0.56875 0.053125 0.11875
1 0.40078125 0.5640625 0.05 0.1015625
2 0.57109375 0.55546875 0.0328125 0.084375
1 0.6 0.61796875 0.0609375 0.1203125
1 0.72578125 0.58046875 0.059375 0.125
1 0.75703125 0.56015625 0.034375 0.0796875
3 0.1859375 0.6515625 0.1375 0.2265625
3 0.33515625 0.6421875 0.115625 0.25
3 0.59296875 0.6765625 0.1375 0.2390625
3 0.72578125 0.65546875 0.128125 0.2703125
3 0.85625 0.684375 0.140625 0.2140625
3 0.76953125 0.60546875 0.059375 0.1515625
0 0.2828125 0.60078125 0.06875 0.125
0 0.41015625 0.5984375 0.0859375 0.1625
3 0.5609375 0.59453125 0.078125 0.15