2 0.07421875 0.528125 0.1 0.1421875
2 0.221875 0.5203125 0.065625 0.090625
2 0.3359375 0.53125 0.0578125 0.08125
2 0.46484375 0.56796875 0.059375 0.0890625
1 0.45703125 0.70078125 0.0921875 0.13125
2 0.59375 0.58671875 0.0609375 0.1015625
2 0.66875 0.65078125 0.078125 0.1140625
1 0.79375 0.73359375 0.0875 0.1296875
0 0.165625 0.678125 0.1953125 0.2390625
3 0.08203125 0.60234375 0.1640625 0.2921875
3 0.2203125 0.565625 0.1359375 0.184375
3 0.31875 0.5828125 0.1328125 0.1890625
3 0.4625 0.6109375 0.1375 0.1859375
0 0.4734375 0.740625 0.184375 0.23125
3 0.57421875 0.63984375 0.14375 0.20625
3 0.65703125 0.7375 0.1921875 0.296875
3 0.790625 0.79296875 0.1828125 0.246875