1 0.10859375 0.575 0.075 0.1203125
1 0.2484375 0.55234375 0.06875 0.115625
1 0.69140625 0.5171875 0.0484375 0.090625
1 0.796875 0.51796875 0.0546875 0.096875
2 0.74296875 0.5453125 0.06875 0.115625
0 0.14453125 0.59921875 0.14375 0.1796875
3 0.2609375 0.60234375 0.1375 0.2
3 0.39375 0.57734375 0.175 0.2703125
3 0.446875 0.53515625 0.0765625 0.1640625
3 0.59296875 0.53359375 0.1125 0.1734375
3 0.68984375 0.54609375 0.090625 0.1375
3 0.7421875 0.6109375 0.15 0.240625
3 0.8046875 0.55390625 0.0734375 0.15