2 0.1453125 0.55390625 0.0703125 0.103125
1 0.37421875 0.528125 0.0796875 0.128125
1 0.43046875 0.5125 0.05625 0.0875
2 0.6 0.46484375 0.05625 0.0875
2 0.6890625 0.47421875 0.0484375 0.0765625
2 0.78359375 0.4640625 0.059375 0.0859375
1 0.75234375 0.53203125 0.078125 0.1265625
3 0.165625 0.62109375 0.153125 0.2328125
3 0.278125 0.61796875 0.146875 0.2265625
3 0.39921875 0.58984375 0.20625 0.275
3 0.44609375 0.54296875 0.0953125 0.159375
3 0.59921875 0.52265625 0.1296875 0.19375
3 0.69375 0.5203125 0.1140625 0.1578125
3 0.7515625 0.5875 0.1796875 0.25
3 0.80234375 0.5109375 0.0953125 0.175