1 0.225 0.59609375 0.0484375 0.0859375
1 0.34765625 0.59296875 0.05 0.09375
1 0.51875 0.61953125 0.0484375 0.0828125
1 0.62421875 0.6234375 0.053125 0.0953125
2 0.7484375 0.61171875 0.059375 0.121875
2 0.86796875 0.6328125 0.05625 0.1
3 0.23203125 0.625 0.125 0.1484375
3 0.346875 0.628125 0.0984375 0.171875
3 0.51328125 0.6421875 0.109375 0.146875
3 0.6203125 0.64609375 0.10625 0.153125
3 0.728125 0.69375 0.1875 0.275
3 0.8703125 0.7078125 0.1328125 0.2609375
0 0.1015625 0.71796875 0.1734375 0.2046875
0 0.25 0.7375 0.1546875 0.2046875