2 0.1765625 0.653125 0.0671875 0.1171875
2 0.2328125 0.6140625 0.0453125 0.08125
2 0.2890625 0.63125 0.06875 0.11875
2 0.35390625 0.5796875 0.05 0.0921875
1 0.53046875 0.6171875 0.0484375 0.0875
1 0.64296875 0.59609375 0.0515625 0.09375
2 0.7546875 0.57109375 0.06875 0.115625
2 0.87734375 0.59296875 0.0609375 0.0984375
3 0.16875 0.7203125 0.134375 0.2359375
3 0.23828125 0.64921875 0.071875 0.1625
3 0.30234375 0.7078125 0.15625 0.259375
3 0.36171875 0.63046875 0.1140625 0.1765625
3 0.52578125 0.64765625 0.1125 0.1421875
3 0.6359375 0.62734375 0.11875 0.1765625
3 0.7484375 0.66484375 0.1859375 0.2984375
3 0.89453125 0.6703125 0.1453125 0.2640625