1 0.1625 0.678125 0.0453125 0.08125
1 0.40078125 0.6265625 0.046875 0.0890625
2 0.5734375 0.59453125 0.046875 0.084375
1 0.77109375 0.596875 0.046875 0.09375
2 0.83984375 0.6046875 0.0703125 0.115625
0 0.1640625 0.70234375 0.103125 0.121875
3 0.240625 0.678125 0.1078125 0.1625
3 0.3203125 0.6796875 0.084375 0.1515625
3 0.40703125 0.66796875 0.109375 0.1578125
3 0.5765625 0.69296875 0.109375 0.2734375
3 0.68984375 0.69921875 0.1421875 0.2640625
3 0.77265625 0.62734375 0.0984375 0.15625
3 0.84296875 0.68203125 0.19375 0.275