2 0.13203125 0.48046875 0.06171875 0.10390625
2 0.253125 0.50546875 0.0546875 0.10703125
2 0.38828125 0.490625 0.05 0.1
2 0.43828125 0.4859375 0.03203125 0.08125
0 0.81640625 0.60703125 0.10546875 0.11171875
0 0.74609375 0.66640625 0.1578125 0.18203125
0 0.703125 0.58046875 0.0984375 0.11875
0 0.603125 0.57421875 0.11015625 0.1203125
3 0.13359375 0.54375 0.1421875 0.23203125
3 0.2484375 0.5625 0.12734375 0.21953125
3 0.3875 0.57109375 0.1234375 0.259375
3 0.4484375 0.53203125 0.06328125 0.146875