1 0.06171875 0.55625 0.0390625 0.0625
1 0.03671875 0.6140625 0.0640625 0.1078125
1 0.14921875 0.61015625 0.0671875 0.109375
1 0.275 0.56875 0.046875 0.0796875
1 0.45078125 0.553125 0.0421875 0.078125
1 0.36484375 0.60859375 0.0640625 0.1234375
1 0.6171875 0.52734375 0.0375 0.0671875
1 0.7 0.515625 0.0453125 0.0828125
1 0.7828125 0.49453125 0.0421875 0.071875
1 0.65078125 0.56953125 0.05625 0.121875
1 0.759375 0.5703125 0.0640625 0.128125
1 0.91484375 0.5515625 0.071875 0.1140625
3 0.059375 0.6671875 0.11875 0.2125
3 0.0796875 0.6015625 0.0859375 0.1359375
3 0.165625 0.65625 0.121875 0.209375
3 0.28203125 0.59609375 0.1015625 0.14375
3 0.371875 0.659375 0.1609375 0.215625
3 0.4578125 0.58515625 0.1046875 0.1453125
3 0.60859375 0.5640625 0.0515625 0.1359375
3 0.6359375 0.62890625 0.1328125 0.246875
3 0.70234375 0.55390625 0.065625 0.1515625
3 0.76640625 0.628125 0.1546875 0.2421875
3 0.78671875 0.5390625 0.103125 0.1609375
3 0.9140625 0.61875 0.1625 0.2515625