1 0.24453125 0.6375 0.05 0.0921875
1 0.36015625 0.61640625 0.0515625 0.0921875
1 0.53984375 0.625 0.0484375 0.08125
1 0.64140625 0.609375 0.0515625 0.084375
2 0.765625 0.5828125 0.0703125 0.121875
2 0.88046875 0.5859375 0.0671875 0.1078125
0 0.13515625 0.7734375 0.1734375 0.2015625
0 0.28046875 0.77109375 0.15625 0.215625
3 0.246875 0.653125 0.1 0.14375
3 0.3703125 0.65 0.10625 0.16875
3 0.53359375 0.64296875 0.1140625 0.1421875
3 0.640625 0.63203125 0.1171875 0.15
3 0.75234375 0.671875 0.196875 0.2859375
3 0.8953125 0.66953125 0.1421875 0.253125