2 0.07734375 0.56796875 0.0859375 0.134375
2 0.23515625 0.546875 0.05625 0.090625
2 0.34296875 0.55234375 0.046875 0.0765625
2 0.47578125 0.5703125 0.0484375 0.0859375
2 0.59609375 0.58828125 0.0578125 0.0859375
1 0.47890625 0.7046875 0.0796875 0.121875
2 0.68203125 0.6359375 0.065625 0.1078125
1 0.8109375 0.70625 0.0765625 0.125
3 0.0828125 0.634375 0.165625 0.275
3 0.228125 0.58515625 0.1171875 0.171875
3 0.32734375 0.59765625 0.1234375 0.19375
3 0.47109375 0.615625 0.1171875 0.1765625
0 0.496875 0.74296875 0.1671875 0.21875
3 0.5859375 0.63359375 0.1296875 0.190625
3 0.67421875 0.72265625 0.1703125 0.2859375
3 0.81640625 0.7640625 0.1703125 0.2375
0 0.184375 0.70234375 0.178125 0.2375