1 0.153125 0.65625 0.0453125 0.07421875
1 0.39140625 0.61953125 0.053125 0.07421875
1 0.56953125 0.65546875 0.04609375 0.06875
1 0.76015625 0.615625 0.04765625 0.07578125
1 0.68828125 0.68828125 0.05859375 0.13046875
0 0.15078125 0.68125 0.1 0.1203125
3 0.4 0.6609375 0.0875 0.159375
3 0.684375 0.74609375 0.16171875 0.2484375
3 0.759375 0.653125 0.09453125 0.1515625
0 0.23203125 0.68125 0.10078125 0.115625
0 0.31171875 0.69296875 0.0859375 0.08828125
0 0.5609375 0.6796875 0.10546875 0.11484375
0 0.86328125 0.76953125 0.15703125 0.1890625