2 0.14453125 0.48828125 0.05390625 0.10546875
1 0.36953125 0.50546875 0.05390625 0.121875
1 0.428125 0.49609375 0.0390625 0.08515625
1 0.6015625 0.484375 0.0375 0.08125
2 0.69140625 0.5109375 0.03984375 0.08125
2 0.78515625 0.525 0.04296875 0.08359375
1 0.7421875 0.5765625 0.05859375 0.11875
3 0.14765625 0.55234375 0.11953125 0.215625
3 0.26171875 0.57421875 0.1140625 0.21875
3 0.3828125 0.56875 0.15546875 0.246875
3 0.4421875 0.5359375 0.065625 0.14609375
3 0.59375 0.54140625 0.1015625 0.16796875
3 0.68671875 0.55546875 0.08515625 0.1484375
3 0.73046875 0.6375 0.13984375 0.21953125
3 0.79375 0.56640625 0.0671875 0.16171875