2 0.14609375 0.38984375 0.084375 0.11875
1 0.3640625 0.47890625 0.0859375 0.1421875
2 0.43359375 0.47109375 0.0546875 0.08125
2 0.6046875 0.51328125 0.0609375 0.0875
2 0.77265625 0.5921875 0.0640625 0.0875
1 0.70859375 0.63515625 0.0890625 0.13125
3 0.13984375 0.4578125 0.165625 0.2453125
3 0.25234375 0.51015625 0.1625 0.234375
3 0.36875 0.54140625 0.20625 0.2671875
3 0.43359375 0.51875 0.1125 0.1765625
3 0.5796875 0.56484375 0.1390625 0.19375
3 0.6640625 0.6015625 0.1140625 0.159375
3 0.68515625 0.68984375 0.184375 0.2484375
3 0.765625 0.63984375 0.109375 0.1765625