1 0.1328125 0.60546875 0.0578125 0.0875
1 0.20234375 0.5796875 0.0625 0.0953125
1 0.37578125 0.6078125 0.0546875 0.1
2 0.55390625 0.60234375 0.046875 0.0796875
1 0.7453125 0.646875 0.0578125 0.1
2 0.809375 0.67265625 0.0765625 0.121875
0 0.12734375 0.628125 0.10625 0.13125
3 0.2109375 0.6171875 0.1203125 0.1671875
3 0.2859375 0.63984375 0.096875 0.153125
3 0.3734375 0.64765625 0.1171875 0.1671875
3 0.54375 0.65703125 0.1125 0.1796875
3 0.64375 0.7328125 0.1625 0.284375
3 0.73828125 0.6796875 0.1125 0.1703125
3 0.79609375 0.74921875 0.2140625 0.290625