2 0.178125 0.59375 0.0640625 0.121875
1 0.28515625 0.56875 0.0375 0.08515625
2 0.32265625 0.58125 0.06328125 0.121875
1 0.40078125 0.55546875 0.04609375 0.09609375
1 0.56953125 0.54375 0.0375 0.08125
1 0.59765625 0.609375 0.05625 0.121875
1 0.73203125 0.5703125 0.06015625 0.1296875
2 0.871875 0.61875 0.0640625 0.12578125
0 0.4078125 0.59140625 0.08828125 0.17109375
3 0.17734375 0.65625 0.13359375 0.23359375
3 0.2734375 0.596875 0.06171875 0.13828125
3 0.31796875 0.6546875 0.13359375 0.25390625
3 0.55546875 0.58671875 0.0796875 0.16875
3 0.59609375 0.67890625 0.13359375 0.24375
3 0.7359375 0.65078125 0.12890625 0.27890625
3 0.8671875 0.6765625 0.13359375 0.23203125