2 0.26796875 0.6765625 0.0578125 0.084375
2 0.29921875 0.73203125 0.0703125 0.11875
1 0.3703125 0.66015625 0.053125 0.0875
2 0.49765625 0.628125 0.053125 0.0796875
2 0.6140625 0.59453125 0.05625 0.0875
2 0.565625 0.69140625 0.06875 0.1140625
2 0.59296875 0.84453125 0.0578125 0.071875
2 0.72421875 0.6140625 0.0671875 0.1109375
1 0.8734375 0.6578125 0.0796875 0.1203125
0 0.16875 0.853125 0.184375 0.2265625
3 0.30234375 0.79765625 0.1625 0.24375
3 0.26875 0.721875 0.0765625 0.153125
3 0.38046875 0.70234375 0.1125 0.171875
3 0.51640625 0.66953125 0.096875 0.165625
3 0.5765625 0.7578125 0.175 0.2546875
3 0.62578125 0.63984375 0.109375 0.1765625
3 0.7484375 0.69296875 0.1640625 0.275
3 0.8984375 0.7 0.1578125 0.2046875