2 0.19453125 0.59453125 0.0625 0.1109375
1 0.290625 0.5734375 0.0375 0.08125
2 0.33984375 0.5734375 0.0546875 0.11875
2 0.403125 0.5359375 0.0453125 0.08125
1 0.57109375 0.5796875 0.0328125 0.0703125
1 0.59765625 0.61328125 0.05625 0.11875
2 0.75078125 0.56875 0.059375 0.096875
1 0.971875 0.640625 0.0515625 0.140625
0 0.5578125 0.609375 0.084375 0.140625
3 0.190625 0.64921875 0.13125 0.2234375
3 0.34140625 0.64453125 0.13125 0.2546875
3 0.29140625 0.59375 0.065625 0.125
3 0.41015625 0.58828125 0.084375 0.18125
3 0.59375 0.67265625 0.14375 0.2359375
3 0.734375 0.65234375 0.140625 0.26875
3 0.94609375 0.6890625 0.1078125 0.21875