2 0.10234375 0.6578125 0.084375 0.1234375
2 0.24609375 0.61171875 0.0484375 0.0953125
2 0.35625 0.57890625 0.0484375 0.075
2 0.4875 0.57578125 0.0453125 0.084375
1 0.53125 0.70390625 0.0734375 0.11875
2 0.61640625 0.55546875 0.0546875 0.084375
2 0.7078125 0.59140625 0.059375 0.1
2 0.85390625 0.61171875 0.0703125 0.1234375
0 0.23828125 0.76875 0.1578125 0.215625
3 0.1203125 0.73046875 0.1484375 0.271875
3 0.25546875 0.646875 0.10625 0.1703125
3 0.35390625 0.634375 0.10625 0.1796875
3 0.4984375 0.6203125 0.1078125 0.1671875
0 0.5484375 0.7390625 0.153125 0.209375
3 0.61484375 0.60625 0.115625 0.18125
3 0.7203125 0.678125 0.1453125 0.2734375
3 0.86875 0.6765625 0.1546875 0.2484375