2 0.23515625 0.58046875 0.04609375 0.06484375
2 0.2390625 0.65546875 0.05859375 0.11640625
2 0.3484375 0.57890625 0.03984375 0.071875
2 0.48515625 0.57265625 0.04765625 0.08046875
2 0.6 0.56875 0.04375 0.08125
1 0.52578125 0.69375 0.05078125 0.11875
2 0.703125 0.60546875 0.0578125 0.09453125
1 0.8390625 0.67109375 0.0625 0.1109375
0 0.10625 0.73203125 0.14609375 0.21875
3 0.2328125 0.7109375 0.13515625 0.23359375
3 0.24609375 0.60625 0.0765625 0.1203125
3 0.34375 0.6265625 0.08984375 0.1640625
3 0.478125 0.6171875 0.10234375 0.16796875
3 0.5328125 0.73125 0.140625 0.2140625
3 0.60390625 0.61796875 0.08984375 0.18828125
3 0.709375 0.6921875 0.12578125 0.265625
3 0.85390625 0.7203125 0.13203125 0.19609375