2 0.21953125 0.54140625 0.0609375 0.090625
1 0.33359375 0.56328125 0.0640625 0.103125
1 0.4984375 0.6265625 0.0640625 0.0890625
1 0.60859375 0.63515625 0.0609375 0.0890625
2 0.7265625 0.64609375 0.084375 0.128125
2 0.84140625 0.69765625 0.0796875 0.1078125
0 0.08359375 0.65703125 0.1671875 0.2203125
0 0.2203125 0.68984375 0.184375 0.2375
3 0.21328125 0.57578125 0.128125 0.15
3 0.33359375 0.6015625 0.115625 0.1703125
3 0.48828125 0.64765625 0.121875 0.1453125
3 0.6 0.65859375 0.1328125 0.1625
3 0.69140625 0.7265625 0.221875 0.2984375
3 0.83984375 0.765625 0.175 0.265625