1 0.0484375 0.51875 0.0890625 0.1203125
1 0.178125 0.540625 0.075 0.1140625
1 0.2921875 0.51171875 0.059375 0.0875
1 0.4703125 0.52578125 0.0546875 0.0890625
1 0.66015625 0.575 0.0859375 0.1578125
2 0.7375 0.5140625 0.0609375 0.0890625
1 0.7890625 0.54609375 0.0890625 0.1453125
2 0.83046875 0.50703125 0.0546875 0.0890625
1 0.95703125 0.5953125 0.0859375 0.153125
3 0.0734375 0.5765625 0.146875 0.2375
3 0.18515625 0.59296875 0.1625 0.2375
3 0.2890625 0.54140625 0.1265625 0.1625
3 0.371875 0.62109375 0.1796875 0.2375
3 0.47578125 0.56484375 0.1265625 0.1671875
3 0.64765625 0.64453125 0.1875 0.2796875
3 0.72734375 0.57421875 0.115625 0.2078125
3 0.79765625 0.6328125 0.2078125 0.3078125
3 0.840625 0.5671875 0.11875 0.20625
3 0.92421875 0.6625 0.1515625 0.2875