2 0.1390625 0.478125 0.05546875 0.09609375
2 0.25703125 0.50390625 0.05546875 0.10390625
2 0.38828125 0.4859375 0.05234375 0.09375
2 0.43828125 0.4875 0.03359375 0.08046875
3 0.13515625 0.54375 0.14375 0.21640625
3 0.24921875 0.5640625 0.1265625 0.21953125
3 0.3875 0.571875 0.1203125 0.2640625
3 0.45 0.53359375 0.06484375 0.15625
0 0.60078125 0.57890625 0.10546875 0.121875
0 0.70078125 0.58046875 0.09453125 0.121875
0 0.81640625 0.61328125 0.09921875 0.10546875
0 0.7421875 0.665625 0.16484375 0.1859375