1 0.23828125 0.62265625 0.0484375 0.090625
1 0.35625 0.6125 0.0515625 0.0921875
1 0.53359375 0.62734375 0.0453125 0.08125
1 0.63828125 0.61171875 0.0453125 0.0828125
2 0.7625 0.5921875 0.059375 0.1171875
2 0.878125 0.6 0.059375 0.10625
3 0.2359375 0.64765625 0.0984375 0.1296875
3 0.3625 0.6453125 0.10625 0.175
3 0.53359375 0.65234375 0.121875 0.121875
3 0.63671875 0.64609375 0.121875 0.13125
3 0.74609375 0.67890625 0.1953125 0.2734375
3 0.89296875 0.67578125 0.1328125 0.25625
0 0.12265625 0.75078125 0.165625 0.1953125
0 0.27265625 0.765625 0.15 0.20625