1 0.06015625 0.60390625 0.06953125 0.1109375
1 0.1796875 0.5796875 0.05703125 0.11875
1 0.29765625 0.5453125 0.03984375 0.0796875
1 0.40390625 0.5546875 0.05234375 0.11328125
1 0.47890625 0.5140625 0.04140625 0.08125
1 0.66640625 0.5390625 0.05625 0.14453125
2 0.7296875 0.4734375 0.04140625 0.10546875
1 0.8234375 0.51796875 0.08046875 0.14296875
1 0.96640625 0.51015625 0.05859375 0.13125
3 0.0859375 0.6609375 0.1203125 0.21328125
3 0.1984375 0.63671875 0.13359375 0.23203125
3 0.3 0.58125 0.09609375 0.15078125
3 0.41328125 0.621875 0.12890625 0.2484375
3 0.48984375 0.55390625 0.08359375 0.153125
3 0.6734375 0.6109375 0.14296875 0.253125
3 0.73515625 0.51796875 0.08203125 0.1796875
3 0.8171875 0.5859375 0.16171875 0.2734375
3 0.94609375 0.5828125 0.1046875 0.27890625