2 0.1375 0.7265625 0.096875 0.1484375
2 0.2734375 0.64140625 0.0671875 0.0890625
2 0.36640625 0.6015625 0.0609375 0.0796875
2 0.5078125 0.5734375 0.05625 0.0875
2 0.61796875 0.54296875 0.059375 0.0890625
1 0.55703125 0.69765625 0.084375 0.1265625
2 0.71953125 0.55859375 0.0796875 0.1203125
1 0.8703125 0.575 0.09375 0.1375
3 0.16171875 0.784375 0.1890625 0.2796875
3 0.2859375 0.684375 0.1328125 0.1859375
3 0.3765625 0.6578125 0.1296875 0.1875
3 0.5171875 0.61171875 0.1328125 0.178125
3 0.63046875 0.5921875 0.1375 0.1890625
0 0.58671875 0.725 0.178125 0.2265625
3 0.74765625 0.640625 0.184375 0.2875
3 0.89453125 0.62421875 0.18125 0.24375
0 0.28125 0.803125 0.1953125 0.2421875