1 0.17265625 0.63046875 0.065625 0.13125
1 0.31875 0.59296875 0.0421875 0.059375
1 0.31875 0.65703125 0.0546875 0.1109375
1 0.3953125 0.628125 0.04375 0.0890625
2 0.553125 0.55546875 0.0359375 0.075
1 0.66640625 0.59296875 0.04375 0.096875
1 0.7828125 0.621875 0.053125 0.13125
1 0.92578125 0.65390625 0.0625 0.115625
3 0.17890625 0.68203125 0.13125 0.2375
3 0.32578125 0.71015625 0.11875 0.19375
3 0.31875 0.6140625 0.059375 0.1
3 0.41015625 0.65703125 0.10625 0.134375
3 0.54375 0.60234375 0.084375 0.165625
3 0.59765625 0.69921875 0.121875 0.2234375
3 0.66953125 0.63046875 0.084375 0.165625
3 0.7875 0.68203125 0.1328125 0.24375
3 0.9375 0.7015625 0.1234375 0.2125