2 0.20625 0.51875 0.071875 0.109375
1 0.26640625 0.51953125 0.053125 0.0890625
2 0.30234375 0.54375 0.084375 0.1296875
1 0.38984375 0.53359375 0.059375 0.096875
1 0.5484375 0.59140625 0.0453125 0.06875
1 0.5734375 0.63984375 0.08125 0.128125
2 0.72109375 0.6171875 0.0765625 0.1203125
1 0.8234375 0.71015625 0.0890625 0.125
3 0.1859375 0.58125 0.1640625 0.2515625
3 0.28359375 0.61875 0.1984375 0.278125
3 0.553125 0.69609375 0.184375 0.2578125
3 0.6984375 0.7 0.190625 0.2921875
3 0.81171875 0.76015625 0.16875 0.228125
0 0.2609375 0.55078125 0.0765625 0.1421875
0 0.38984375 0.5765625 0.125 0.18125
0 0.53828125 0.62265625 0.1203125 0.1515625