1 0.196875 0.728125 0.0609375 0.0890625
1 0.42734375 0.63515625 0.05625 0.09375
1 0.596875 0.625 0.053125 0.0890625
1 0.9125 0.640625 0.096875 0.1484375
1 0.72578125 0.63828125 0.090625 0.140625
0 0.20078125 0.75546875 0.1171875 0.1328125
3 0.43828125 0.675 0.1296875 0.184375
3 0.73515625 0.6953125 0.20625 0.26875
0 0.28046875 0.7359375 0.11875 0.1328125
0 0.3625 0.73125 0.10625 0.096875
0 0.59453125 0.65625 0.125 0.15
0 0.79375 0.6015625 0.1234375 0.1484375
0 0.90859375 0.67890625 0.1828125 0.2234375