1 0.26875 0.67109375 0.0671875 0.0953125
1 0.378125 0.6390625 0.0640625 0.0984375
1 0.55390625 0.6109375 0.0625 0.0890625
1 0.6515625 0.578125 0.0640625 0.09375
2 0.76953125 0.5328125 0.0875 0.1265625
2 0.896875 0.51875 0.0859375 0.11875
3 0.27421875 0.703125 0.1234375 0.1625
3 0.39140625 0.66796875 0.13125 0.178125
3 0.55390625 0.6265625 0.1421875 0.15625
3 0.659375 0.60078125 0.13125 0.1578125
3 0.77109375 0.61796875 0.2375 0.3046875
3 0.9109375 0.59921875 0.178125 0.2703125
0 0.18203125 0.8234375 0.2140625 0.2234375
0 0.33203125 0.80234375 0.190625 0.2328125