1 0.13984375 0.4375 0.075 0.1125
2 0.2671875 0.45546875 0.0734375 0.125
2 0.440625 0.46171875 0.05625 0.0984375
2 0.7046875 0.5203125 0.05 0.08125
2 0.78515625 0.54140625 0.0546875 0.090625
2 0.74609375 0.58515625 0.065625 0.1359375
3 0.1390625 0.490625 0.1640625 0.2140625
3 0.2640625 0.5125 0.14375 0.2390625
3 0.378125 0.53203125 0.203125 0.2765625
3 0.44296875 0.5046875 0.0875 0.175
3 0.59609375 0.53359375 0.121875 0.175
3 0.69140625 0.559375 0.0921875 0.1578125
3 0.79140625 0.58359375 0.084375 0.1625
3 0.725 0.63984375 0.1671875 0.2453125