2 0.2171875 0.5828125 0.05625 0.1046875
1 0.2796875 0.57265625 0.0453125 0.0875
2 0.31875 0.58359375 0.0640625 0.121875
1 0.39921875 0.55703125 0.046875 0.096875
1 0.5671875 0.5796875 0.040625 0.06875
1 0.60234375 0.61796875 0.05625 0.1203125
2 0.7390625 0.5625 0.0609375 0.1125
1 0.8625 0.63046875 0.06875 0.1203125
0 0.28046875 0.6046875 0.05 0.1375
0 0.40859375 0.59765625 0.0921875 0.16875
0 0.5625 0.61484375 0.0890625 0.1375
3 0.2109375 0.6515625 0.1203125 0.2375
3 0.31640625 0.66015625 0.1515625 0.259375
3 0.596875 0.675 0.140625 0.240625
3 0.73828125 0.6515625 0.1453125 0.2796875
3 0.8625 0.68046875 0.1296875 0.2125