2 0.96328125 0.44609375 0.0375 0.071875
3 0.95546875 0.49296875 0.08203125 0.16796875
2 0.89453125 0.471875 0.0375 0.08125
3 0.88203125 0.50546875 0.08203125 0.15390625
1 0.871875 0.44453125 0.03203125 0.0703125
1 0.82578125 0.41640625 0.03359375 0.07109375
3 0.8109375 0.453125 0.0734375 0.1484375
2 0.56875 0.409375 0.03203125 0.059375
3 0.56953125 0.44921875 0.07109375 0.13984375
1 0.765625 0.40625 0.02578125 0.0546875
3 0.75078125 0.43125 0.06328125 0.1140625
2 0.803125 0.36875 0.02265625 0.04140625
2 0.83203125 0.37109375 0.021875 0.04375
3 0.84140625 0.39296875 0.03515625 0.08828125
3 0.79765625 0.3890625 0.040625 0.0859375
1 0.72265625 0.384375 0.021875 0.0484375
3 0.71171875 0.4046875 0.05078125 0.0890625
1 0.7453125 0.3171875 0.01484375 0.034375
3 0.73828125 0.32734375 0.02890625 0.053125
1 0.70078125 0.3390625 0.01796875 0.0390625
3 0.6984375 0.34921875 0.03671875 0.05625
2 0.65390625 0.33125 0.01484375 0.03203125
3 0.659375 0.34296875 0.03984375 0.06015625
2 0.671875 0.3140625 0.01640625 0.03359375
2 0.6359375 0.309375 0.01484375 0.03671875
3 0.63125 0.31875 0.0328125 0.065625
3 0.675 0.31953125 0.0296875 0.053125
1 0.009375 0.378125 0.0171875 0.0484375
0 0.021875 0.38046875 0.0421875 0.06484375
2 0.16328125 0.35546875 0.02421875 0.04609375
1 0.1125 0.421875 0.0296875 0.05625
0 0.1078125 0.43125 0.08203125 0.084375
1 0.06953125 0.3421875 0.02109375 0.04140625
3 0.075 0.35390625 0.0359375 0.06875
1 0.14453125 0.309375 0.02109375 0.04375
3 0.14140625 0.31875 0.0375 0.0640625
1 0.1765625 0.3140625 0.01953125 0.04453125
3 0.184375 0.32734375 0.0375 0.0734375
1 0.209375 0.315625 0.01796875 0.03515625
0 0.215625 0.31796875 0.034375 0.0453125
2 0.490625 0.4171875 0.0328125 0.0640625
3 0.50078125 0.453125 0.075 0.13671875
2 0.43203125 0.4265625 0.028125 0.06953125
3 0.428125 0.45546875 0.07421875 0.128125
1 0.36015625 0.4140625 0.0296875 0.06328125
1 0.3671875 0.42890625 0.07734375 0.09375
2 0.3046875 0.41796875 0.03203125 0.0640625
3 0.3046875 0.45078125 0.07109375 0.12421875
1 0.2703125 0.4140625 0.02890625 0.065625
3 0.26015625 0.4265625 0.06015625 0.090625
1 0.34765625 0.35546875 0.02421875 0.05390625
1 0.30625 0.34375 0.02109375 0.04453125
3 0.340625 0.38046875 0.04375 0.1
3 0.30703125 0.35546875 0.05078125 0.06875
2 0.33046875 0.315625 0.0171875 0.04296875
2 0.34453125 0.296875 0.01484375 0.0359375
3 0.3515625 0.3046875 0.02890625 0.0515625
3 0.35703125 0.29375 0.02578125 0.0484375
1 0.38984375 0.2890625 0.0140625 0.03671875
3 0.38828125 0.29296875 0.03125 0.053125
1 0.41328125 0.30625 0.01640625 0.03984375
3 0.4125 0.3109375 0.03671875 0.05546875
2 0.43828125 0.36796875 0.02109375 0.046875
3 0.43515625 0.38671875 0.05078125 0.09453125
1 0.396875 0.35859375 0.02109375 0.04453125
0 0.40078125 0.359375 0.04296875 0.05625
2 0.44765625 0.30703125 0.02109375 0.040625
2 0.44296875 0.32734375 0.0484375 0.075
2 0.4828125 0.31015625 0.0171875 0.040625
3 0.48359375 0.328125 0.0328125 0.0703125
1 0.528125 0.33125 0.0171875 0.0359375
3 0.525 0.340625 0.03984375 0.06015625
2 0.57578125 0.34140625 0.01953125 0.04140625
3 0.57578125 0.35546875 0.034375 0.07578125
1 0.553125 0.38125 0.02421875 0.05859375
3 0.54140625 0.39296875 0.04921875 0.084375
1 0.51796875 0.30390625 0.0171875 0.03828125
3 0.5125 0.31640625 0.03359375 0.0640625
2 0.5375 0.28671875 0.01484375 0.03046875
3 0.53828125 0.2984375 0.02578125 0.05390625
3 0.17265625 0.38046875 0.046875 0.09609375
1 0.10859375 0.35390625 0.0203125 0.04609375
3 0.33125 0.3265625 0.0265625 0.06484375
1 0.43515625 0.28671875 0.0140625 0.03515625
3 0.4328125 0.29296875 0.02265625 0.053125