1 0.2171875 0.55703125 0.065625 0.1
1 0.334375 0.5734375 0.0609375 0.1
1 0.50390625 0.621875 0.059375 0.0875
1 0.60703125 0.63359375 0.059375 0.0875
2 0.7328125 0.64296875 0.078125 0.128125
2 0.84609375 0.6828125 0.075 0.11875
3 0.21796875 0.57734375 0.11875 0.134375
3 0.33203125 0.61015625 0.11875 0.16875
3 0.49375 0.646875 0.128125 0.1546875
3 0.6015625 0.66328125 0.1390625 0.153125
3 0.70078125 0.721875 0.221875 0.3078125
3 0.8375 0.75703125 0.159375 0.265625
0 0.0828125 0.66953125 0.165625 0.2078125
0 0.2171875 0.6984375 0.1828125 0.2375