1 0.14140625 0.55625 0.0765625 0.1140625
2 0.27265625 0.53046875 0.0640625 0.1140625
2 0.43671875 0.4875 0.0484375 0.0875
2 0.61484375 0.4734375 0.046875 0.09375
2 0.70390625 0.4765625 0.0484375 0.0765625
2 0.765625 0.521875 0.071875 0.125
3 0.1515625 0.6015625 0.1671875 0.209375
3 0.27890625 0.58515625 0.146875 0.228125
3 0.3953125 0.57265625 0.1953125 0.2640625
3 0.4484375 0.53359375 0.084375 0.16875
3 0.60390625 0.5171875 0.1234375 0.175
3 0.7046875 0.51953125 0.0953125 0.153125
3 0.75546875 0.584375 0.1703125 0.25
3 0.81015625 0.515625 0.0890625 0.171875