1 0.2328125 0.60625 0.03984375 0.0890625
1 0.3484375 0.6046875 0.046875 0.0984375
1 0.52265625 0.621875 0.04375 0.08046875
1 0.62890625 0.615625 0.04296875 0.08671875
2 0.753125 0.60546875 0.0609375 0.1203125
2 0.87265625 0.61875 0.06328125 0.1
0 0.109375 0.73359375 0.1609375 0.1890625
0 0.25703125 0.746875 0.15234375 0.20078125
3 0.23828125 0.63046875 0.10703125 0.13359375
3 0.3515625 0.63359375 0.09453125 0.1703125
3 0.51953125 0.640625 0.10546875 0.1359375
3 0.628125 0.63984375 0.10546875 0.12578125
3 0.7375 0.684375 0.175 0.275
3 0.87578125 0.69609375 0.11328125 0.26015625