1 0.059375 0.54453125 0.0765625 0.11875
1 0.1703125 0.53515625 0.0765625 0.1171875
1 0.3015625 0.52734375 0.0578125 0.0921875
2 0.4109375 0.534375 0.0671875 0.1125
1 0.4859375 0.5171875 0.0484375 0.084375
2 0.65625 0.51484375 0.0421875 0.078125
1 0.68359375 0.54921875 0.0703125 0.1265625
1 0.765625 0.49296875 0.05 0.090625
1 0.81875 0.5265625 0.08125 0.1421875
1 0.85703125 0.50390625 0.046875 0.09375
2 0.9625 0.53359375 0.075 0.1328125
3 0.06953125 0.584375 0.1203125 0.215625
3 0.171875 0.59921875 0.15625 0.240625
3 0.3046875 0.5546875 0.1203125 0.1578125
3 0.41328125 0.60859375 0.1625 0.2609375
3 0.490625 0.55546875 0.1109375 0.1625
3 0.66015625 0.515625 0.06875 0.10625
3 0.6671875 0.625 0.171875 0.2875
3 0.7578125 0.5296875 0.0828125 0.153125
3 0.8125 0.60859375 0.1875 0.3125
3 0.87890625 0.50859375 0.103125 0.1390625
3 0.9359375 0.61328125 0.128125 0.2890625