2 0.2109375 0.5546875 0.0640625 0.1265625
1 0.278125 0.5453125 0.0453125 0.0921875
2 0.32734375 0.55390625 0.0703125 0.1265625
1 0.39609375 0.5484375 0.05625 0.103125
1 0.5578125 0.59921875 0.0390625 0.075
1 0.590625 0.625 0.0609375 0.1328125
1 0.7171875 0.6078125 0.071875 0.1359375
1 0.765625 0.59375 0.05 0.0890625
2 0.85078125 0.63515625 0.0734375 0.1265625
0 0.39921875 0.58984375 0.1 0.1625
0 0.275 0.57734375 0.0734375 0.15
0 0.54765625 0.62109375 0.0921875 0.1359375
3 0.1984375 0.6171875 0.1421875 0.240625
3 0.3265625 0.6265625 0.1484375 0.2578125
3 0.57734375 0.68359375 0.159375 0.2546875
3 0.7140625 0.6765625 0.1515625 0.2625
3 0.7625 0.62890625 0.078125 0.15625
3 0.84453125 0.7 0.15 0.2515625