1 0.15078125 0.65546875 0.03984375 0.07421875
1 0.21953125 0.6234375 0.04375 0.084375
1 0.3921875 0.6265625 0.04140625 0.08046875
1 0.571875 0.6265625 0.0375 0.071875
1 0.76640625 0.61484375 0.04453125 0.0890625
2 0.85078125 0.66875 0.05859375 0.128125
0 0.15234375 0.68125 0.09140625 0.12578125
3 0.23359375 0.6625 0.0890625 0.1546875
3 0.3125 0.65859375 0.0796875 0.153125
3 0.396875 0.665625 0.09765625 0.1484375
3 0.57109375 0.70703125 0.08359375 0.23671875
3 0.67890625 0.7078125 0.10859375 0.2640625
3 0.76484375 0.653125 0.09765625 0.16015625
3 0.859375 0.73046875 0.13671875 0.24453125