1 0.0625 0.68515625 0.0703125 0.1234375
1 0.26953125 0.60546875 0.0546875 0.0875
1 0.45390625 0.5609375 0.0453125 0.084375
1 0.69921875 0.484375 0.053125 0.0859375
1 0.7796875 0.45078125 0.05 0.078125
1 0.91953125 0.49375 0.0734375 0.125
3 0.078125 0.734375 0.134375 0.234375
3 0.17890625 0.7109375 0.140625 0.209375
3 0.2828125 0.6296875 0.1046875 0.146875
3 0.40546875 0.6609375 0.1578125 0.26875
3 0.4734375 0.59375 0.1046875 0.1484375
3 0.653125 0.59296875 0.1546875 0.28125
3 0.703125 0.521875 0.0890625 0.165625
3 0.78359375 0.58203125 0.1671875 0.24375
3 0.80234375 0.49765625 0.09375 0.1671875
3 0.92109375 0.55078125 0.1578125 0.2546875