1 0.23125 0.60390625 0.05 0.08125
1 0.35078125 0.6 0.04765625 0.09453125
1 0.521875 0.62421875 0.0390625 0.08125
1 0.625 0.61875 0.0453125 0.08125
2 0.753125 0.603125 0.05625 0.10546875
2 0.87734375 0.61953125 0.0609375 0.109375
3 0.23515625 0.63125 0.11171875 0.140625
3 0.3546875 0.634375 0.09453125 0.16640625
3 0.515625 0.640625 0.0953125 0.13671875
3 0.62109375 0.64375 0.0984375 0.11875
3 0.73046875 0.684375 0.1671875 0.26953125
3 0.878125 0.703125 0.11953125 0.25546875
0 0.1046875 0.73203125 0.15234375 0.17578125
0 0.2578125 0.746875 0.14453125 0.19921875