2 0.13984375 0.52421875 0.0671875 0.0984375
1 0.3828125 0.5140625 0.05625 0.1265625
2 0.4375 0.4953125 0.0390625 0.071875
2 0.6109375 0.49609375 0.0515625 0.084375
1 0.69296875 0.5171875 0.0484375 0.0828125
2 0.7984375 0.4953125 0.05 0.08125
1 0.7578125 0.57578125 0.0609375 0.1140625
3 0.1546875 0.578125 0.11875 0.215625
3 0.26640625 0.57421875 0.1453125 0.2375
3 0.39296875 0.5796875 0.1390625 0.24375
3 0.44765625 0.53671875 0.0796875 0.1578125
3 0.60625 0.540625 0.090625 0.1609375
3 0.6890625 0.54765625 0.103125 0.146875
3 0.80078125 0.54296875 0.0890625 0.178125
0 0.74765625 0.62265625 0.15 0.2