1 0.12890625 0.5921875 0.0546875 0.0875
1 0.37421875 0.59921875 0.0578125 0.0953125
1 0.54296875 0.665625 0.053125 0.0765625
1 0.73515625 0.659375 0.059375 0.0921875
1 0.65 0.715625 0.084375 0.1390625
0 0.125 0.61796875 0.1171875 0.1359375
3 0.3734375 0.63828125 0.1140625 0.171875
3 0.6390625 0.77578125 0.203125 0.2703125
3 0.728125 0.6984375 0.1203125 0.175
0 0.20625 0.634375 0.1234375 0.1375
0 0.28125 0.65546875 0.1046875 0.1109375
0 0.528125 0.68671875 0.121875 0.13125
0 0.81015625 0.83046875 0.1890625 0.2109375