2 0.18359375 0.553125 0.078125 0.1171875
1 0.2828125 0.5484375 0.0453125 0.084375
2 0.33125 0.5453125 0.0703125 0.1125
2 0.396875 0.52265625 0.0578125 0.0984375
1 0.5609375 0.58828125 0.0453125 0.084375
1 0.58671875 0.61875 0.06875 0.1359375
1 0.7578125 0.59375 0.0484375 0.0609375
2 0.79921875 0.60546875 0.0703125 0.115625
1 0.94765625 0.6921875 0.071875 0.125
3 0.175 0.6125 0.15625 0.2390625
3 0.28046875 0.57421875 0.071875 0.125
3 0.32578125 0.62265625 0.1609375 0.265625
3 0.4 0.57578125 0.10625 0.19375
3 0.57265625 0.68515625 0.16875 0.2578125
3 0.778125 0.690625 0.175 0.2921875
3 0.91484375 0.74609375 0.1375 0.2328125
0 0.5390625 0.6171875 0.090625 0.1421875
0 0.73125 0.63828125 0.1015625 0.153125