2 0.15 0.49375 0.0625 0.10390625
2 0.25703125 0.50078125 0.053125 0.10546875
2 0.3921875 0.48828125 0.05 0.09453125
2 0.4390625 0.49296875 0.03515625 0.08125
2 0.59765625 0.48046875 0.03984375 0.08671875
2 0.684375 0.51640625 0.0421875 0.08125
2 0.80234375 0.52109375 0.0453125 0.08046875
2 0.77265625 0.58046875 0.05859375 0.1109375
3 0.15390625 0.5515625 0.10625 0.2203125
3 0.24921875 0.5609375 0.12421875 0.225
3 0.38671875 0.5703125 0.11953125 0.26328125
3 0.45 0.53515625 0.0640625 0.15
3 0.59921875 0.5375 0.1015625 0.17109375
3 0.690625 0.55625 0.0828125 0.14453125
3 0.81015625 0.56953125 0.0625 0.16875
3 0.73828125 0.6375 0.15 0.21953125