2 0.2140625 0.5734375 0.05625 0.1046875
1 0.27734375 0.56484375 0.0453125 0.0875
2 0.315625 0.57734375 0.0640625 0.121875
1 0.39765625 0.55390625 0.046875 0.096875
1 0.5640625 0.58125 0.040625 0.06875
1 0.59765625 0.62109375 0.05625 0.1203125
2 0.73671875 0.5703125 0.0609375 0.1125
1 0.8578125 0.64296875 0.06875 0.1203125
0 0.27734375 0.596875 0.05 0.1375
0 0.40546875 0.59453125 0.0921875 0.16875
0 0.5578125 0.61640625 0.0890625 0.1375
3 0.20625 0.64140625 0.1203125 0.2375
3 0.3109375 0.65390625 0.1515625 0.259375
3 0.590625 0.678125 0.140625 0.240625
3 0.7328125 0.659375 0.1453125 0.2796875
3 0.85625 0.69296875 0.1296875 0.2125