2 0.1078125 0.6703125 0.0796875 0.1359375
2 0.24375 0.6125 0.053125 0.0875
2 0.35625 0.58125 0.0453125 0.0765625
2 0.490625 0.57421875 0.0484375 0.084375
1 0.52734375 0.7015625 0.06875 0.121875
2 0.61796875 0.55625 0.053125 0.084375
2 0.709375 0.5890625 0.0640625 0.115625
1 0.85703125 0.63046875 0.071875 0.1234375
0 0.23984375 0.7734375 0.1609375 0.2171875
3 0.1234375 0.7328125 0.15 0.26875
3 0.25703125 0.65234375 0.1078125 0.1671875
3 0.3578125 0.63828125 0.1046875 0.18125
3 0.503125 0.61875 0.1109375 0.1703125
0 0.553125 0.73515625 0.1546875 0.2078125
3 0.61484375 0.60625 0.1234375 0.1984375
3 0.725 0.67265625 0.1515625 0.275
3 0.87109375 0.68046875 0.15 0.2296875