1 0.0671875 0.6296875 0.075 0.1109375
1 0.16953125 0.62265625 0.071875 0.1171875
1 0.29453125 0.56171875 0.046875 0.0828125
1 0.38125 0.6078125 0.0734375 0.134375
1 0.47265625 0.5203125 0.0453125 0.0921875
1 0.67578125 0.52265625 0.071875 0.1421875
1 0.73671875 0.47109375 0.0515625 0.0984375
1 0.8265625 0.43828125 0.053125 0.0859375
1 0.96796875 0.48046875 0.0640625 0.1359375
3 0.08984375 0.678125 0.121875 0.2140625
3 0.18984375 0.675 0.171875 0.2234375
3 0.303125 0.59375 0.1046875 0.15
3 0.40703125 0.65546875 0.1640625 0.234375
3 0.484375 0.56015625 0.109375 0.1703125
3 0.6765625 0.5953125 0.1453125 0.2828125
3 0.734375 0.515625 0.0828125 0.18125
3 0.81875 0.57890625 0.184375 0.284375
3 0.8453125 0.484375 0.090625 0.184375
3 0.9453125 0.55703125 0.109375 0.2703125