2 0.12890625 0.48515625 0.05546875 0.09453125
1 0.36328125 0.51875 0.05703125 0.1203125
2 0.43203125 0.49296875 0.03515625 0.08125
2 0.60546875 0.48984375 0.0390625 0.08671875
2 0.69921875 0.51796875 0.0421875 0.07578125
1 0.79375 0.54453125 0.0421875 0.09296875
1 0.740625 0.57421875 0.0546875 0.11484375
3 0.1390625 0.55078125 0.10859375 0.2140625
3 0.2625 0.56796875 0.1140625 0.2140625
3 0.38515625 0.57578125 0.15234375 0.2296875
3 0.44375 0.53515625 0.07421875 0.15546875
3 0.59375 0.5375 0.09609375 0.16953125
3 0.6875 0.55859375 0.0859375 0.14296875
3 0.73203125 0.63046875 0.13203125 0.2265625
3 0.7953125 0.57578125 0.06328125 0.13671875