1 0.13125 0.5984375 0.0546875 0.08125
1 0.20234375 0.58046875 0.0578125 0.0953125
2 0.28515625 0.58359375 0.0578125 0.084375
1 0.38359375 0.60234375 0.053125 0.0921875
2 0.5484375 0.63984375 0.05 0.0765625
1 0.7375 0.66953125 0.05625 0.0875
3 0.81796875 0.79375 0.1734375 0.24375
3 0.7328125 0.6953125 0.109375 0.1484375
3 0.6375 0.73125 0.1671875 0.28125
3 0.5359375 0.7171875 0.1203125 0.246875
3 0.37578125 0.64453125 0.115625 0.1703125
3 0.29140625 0.625 0.109375 0.1671875
3 0.209375 0.62421875 0.109375 0.1640625
0 0.12578125 0.62109375 0.109375 0.1390625