2 0.215625 0.578125 0.0546875 0.10390625
1 0.278125 0.56875 0.04375 0.08671875
2 0.3171875 0.58046875 0.0625 0.1203125
1 0.3984375 0.55546875 0.04453125 0.09609375
1 0.565625 0.58046875 0.0390625 0.06875
1 0.6 0.61953125 0.0546875 0.11953125
2 0.73828125 0.56640625 0.059375 0.1109375
1 0.86015625 0.63671875 0.06640625 0.11953125
0 0.27890625 0.60078125 0.04765625 0.13671875
0 0.40703125 0.59609375 0.0890625 0.16796875
0 0.56015625 0.615625 0.08671875 0.1359375
3 0.20859375 0.646875 0.115625 0.2359375
3 0.31328125 0.65703125 0.14765625 0.25625
3 0.59375 0.6765625 0.1359375 0.2390625
3 0.7359375 0.65546875 0.13984375 0.2765625
3 0.859375 0.68671875 0.1265625 0.2109375