1 0.1265625 0.5609375 0.0578125 0.0828125
1 0.3703125 0.58828125 0.0625 0.096875
1 0.52578125 0.66015625 0.053125 0.0859375
1 0.79765625 0.81875 0.096875 0.140625
1 0.634375 0.72421875 0.0921875 0.1453125
0 0.1953125 0.60546875 0.1234375 0.13125
0 0.26875 0.6390625 0.1 0.0984375
0 0.71328125 0.721875 0.11875 0.1453125
0 0.78125 0.85078125 0.196875 0.23125
0 0.51171875 0.68359375 0.1328125 0.15625
0 0.12109375 0.5859375 0.11875 0.1359375
3 0.3609375 0.62578125 0.134375 0.184375
3 0.615625 0.7828125 0.2125 0.2734375