1 0.0640625 0.61484375 0.065625 0.1109375
1 0.1984375 0.61484375 0.0578125 0.1125
1 0.29609375 0.55234375 0.05 0.08125
1 0.3828125 0.590625 0.0625 0.1359375
1 0.4796875 0.52890625 0.04375 0.0859375
1 0.66875 0.53125 0.0625 0.1359375
2 0.734375 0.4515625 0.05 0.096875
1 0.8328125 0.4453125 0.0515625 0.0984375
1 0.9640625 0.4921875 0.071875 0.15
3 0.09609375 0.671875 0.13125 0.2203125
3 0.21796875 0.66875 0.1296875 0.2109375
3 0.30390625 0.5890625 0.0984375 0.1515625
3 0.38984375 0.64765625 0.159375 0.2453125
3 0.48984375 0.56640625 0.0984375 0.1515625
3 0.67265625 0.60078125 0.140625 0.275
3 0.7390625 0.5125 0.08125 0.2
3 0.8125 0.578125 0.16875 0.2421875
3 0.84921875 0.49296875 0.0890625 0.18125
3 0.94375 0.56640625 0.1125 0.2828125