2 0.09453125 0.63046875 0.07265625 0.14296875
2 0.2421875 0.58671875 0.04375 0.08125
2 0.34609375 0.57421875 0.0421875 0.06875
2 0.490625 0.56875 0.0453125 0.0890625
2 0.60703125 0.571875 0.04453125 0.08125
2 0.70078125 0.60703125 0.05390625 0.1109375
1 0.51015625 0.703125 0.06640625 0.12421875
1 0.84140625 0.65546875 0.05859375 0.12578125
0 0.2140625 0.74921875 0.140625 0.20546875
3 0.1046875 0.6984375 0.13203125 0.25546875
3 0.246875 0.63046875 0.08984375 0.1609375
3 0.34609375 0.6265625 0.09296875 0.175
3 0.48828125 0.6140625 0.09765625 0.165625
0 0.5328125 0.73671875 0.13984375 0.20859375
3 0.60703125 0.61796875 0.10078125 0.18125
3 0.70703125 0.68984375 0.13046875 0.26640625
3 0.8546875 0.709375 0.134375 0.21953125