2 0.21953125 0.5734375 0.05546875 0.10546875
1 0.2765625 0.56875 0.0375 0.08125
1 0.315625 0.60546875 0.0625 0.13359375
1 0.3984375 0.55703125 0.04453125 0.09609375
1 0.56640625 0.57890625 0.03203125 0.0609375
1 0.60078125 0.62109375 0.05859375 0.11953125
2 0.734375 0.56875 0.0625 0.109375
3 0.2109375 0.646875 0.1203125 0.2296875
3 0.315625 0.66328125 0.14765625 0.2453125
3 0.59375 0.68203125 0.1390625 0.23828125
3 0.73359375 0.653125 0.13671875 0.271875
3 0.86484375 0.68046875 0.1359375 0.23203125
0 0.2796875 0.6 0.04609375 0.140625
0 0.40703125 0.59609375 0.08984375 0.16484375
0 0.56015625 0.609375 0.08671875 0.13046875
0 0.7875 0.61328125 0.05546875 0.14453125