1 0.24296875 0.62890625 0.0484375 0.084375
1 0.3578125 0.615625 0.0515625 0.0984375
1 0.5375 0.6265625 0.0453125 0.078125
1 0.63984375 0.6125 0.053125 0.084375
1 0.7609375 0.5875 0.065625 0.1140625
2 0.87890625 0.5921875 0.065625 0.1078125
3 0.24453125 0.65546875 0.10625 0.1359375
3 0.36640625 0.64921875 0.103125 0.1578125
3 0.5296875 0.64609375 0.11875 0.1390625
3 0.63828125 0.6375 0.1140625 0.1515625
3 0.746875 0.67578125 0.1875 0.28125
3 0.89140625 0.6703125 0.13125 0.2625
0 0.1296875 0.76640625 0.1734375 0.1953125
0 0.2796875 0.7671875 0.1609375 0.2109375