2 0.16640625 0.54375 0.0859375 0.1328125
1 0.275 0.53359375 0.053125 0.090625
2 0.3140625 0.553125 0.0796875 0.1296875
1 0.39375 0.5375 0.0578125 0.1015625
1 0.5609375 0.5515625 0.05 0.08125
1 0.58125 0.6296875 0.0765625 0.128125
1 0.71953125 0.61171875 0.08125 0.1515625
2 0.84921875 0.67578125 0.084375 0.134375
3 0.159375 0.59765625 0.175 0.24375
3 0.29453125 0.625 0.171875 0.271875
3 0.259375 0.55703125 0.0875 0.1421875
3 0.54140625 0.59140625 0.103125 0.1765625
3 0.56640625 0.690625 0.171875 0.2640625
3 0.709375 0.68046875 0.1734375 0.2984375
3 0.8359375 0.734375 0.1734375 0.2546875
0 0.39296875 0.5828125 0.109375 0.171875