1 0.034375 0.49765625 0.06875 0.1328125
1 0.25859375 0.4890625 0.075 0.10625
1 0.346875 0.56015625 0.090625 0.14375
1 0.44765625 0.509375 0.0609375 0.0890625
1 0.62421875 0.521875 0.0609375 0.0859375
1 0.70546875 0.515625 0.0640625 0.09375
1 0.65859375 0.56796875 0.084375 0.13125
1 0.79609375 0.51796875 0.0625 0.09375
1 0.91640625 0.596875 0.0921875 0.1375
3 0.25546875 0.52109375 0.14375 0.1828125
3 0.34609375 0.60546875 0.2015625 0.2484375
3 0.453125 0.54140625 0.1234375 0.165625
3 0.12734375 0.5609375 0.19375 0.253125
3 0.053125 0.54296875 0.10625 0.2421875
3 0.6078125 0.55546875 0.0875 0.1578125
3 0.6296875 0.62109375 0.16875 0.2640625
3 0.7046875 0.53671875 0.0875 0.134375
3 0.746875 0.6484375 0.20625 0.271875
3 0.80078125 0.5609375 0.125 0.1890625
3 0.89921875 0.65703125 0.2015625 0.2859375