1 0.0484375 0.51953125 0.08125 0.1171875
1 0.14921875 0.5390625 0.078125 0.1203125
1 0.2859375 0.51015625 0.0578125 0.0875
1 0.465625 0.51484375 0.0515625 0.0859375
1 0.66484375 0.559375 0.08125 0.14375
1 0.7359375 0.5265625 0.0640625 0.096875
1 0.8359375 0.51328125 0.0578125 0.0765625
1 0.95625 0.59609375 0.08125 0.1421875
3 0.06953125 0.57265625 0.1390625 0.2390625
3 0.15859375 0.603125 0.2078125 0.253125
3 0.3734375 0.62578125 0.196875 0.246875
3 0.28828125 0.54453125 0.121875 0.1546875
3 0.47109375 0.5578125 0.1328125 0.1859375
3 0.64921875 0.6328125 0.1875 0.3
3 0.728125 0.5609375 0.1046875 0.175
3 0.8390625 0.57109375 0.11875 0.196875
3 0.790625 0.65625 0.2140625 0.3109375
3 0.921875 0.6625 0.15625 0.29375