2 0.19453125 0.590625 0.0625 0.1
1 0.2828125 0.575 0.03984375 0.0796875
2 0.3359375 0.56484375 0.053125 0.11484375
1 0.3953125 0.5515625 0.04375 0.09609375
1 0.57578125 0.55703125 0.03359375 0.06328125
1 0.60078125 0.61875 0.05703125 0.12421875
1 0.73203125 0.590625 0.05859375 0.1296875
3 0.18828125 0.6578125 0.134375 0.215625
3 0.28828125 0.6015625 0.06484375 0.125
3 0.3421875 0.6453125 0.12734375 0.25546875
3 0.41015625 0.70546875 0.078125 0.390625
3 0.56328125 0.5984375 0.06640625 0.134375
3 0.59609375 0.67578125 0.14140625 0.22578125
3 0.73515625 0.65625 0.13125 0.259375
3 0.85625 0.67421875 0.1265625 0.22890625