1 0.12890625 0.5921875 0.05 0.0796875
1 0.3734375 0.59921875 0.05625 0.0953125
1 0.540625 0.66484375 0.053125 0.0734375
1 0.734375 0.66171875 0.0546875 0.08125
1 0.653125 0.715625 0.0796875 0.1390625
0 0.12421875 0.61796875 0.1171875 0.1390625
3 0.37421875 0.6421875 0.1140625 0.16875
3 0.6390625 0.7765625 0.1984375 0.2671875
3 0.7296875 0.69609375 0.11875 0.1625
0 0.20546875 0.63203125 0.121875 0.1359375
0 0.28125 0.6578125 0.103125 0.1046875
0 0.52734375 0.6890625 0.121875 0.13125
0 0.81015625 0.82734375 0.184375 0.2171875