2 0.18671875 0.60703125 0.0765625 0.11875
1 0.2796875 0.58046875 0.0390625 0.0890625
2 0.32421875 0.58984375 0.06875 0.1171875
1 0.40703125 0.56015625 0.0515625 0.103125
1 0.57734375 0.56484375 0.0421875 0.06875
2 0.60234375 0.58203125 0.059375 0.096875
2 0.878125 0.59921875 0.0671875 0.128125
3 0.18984375 0.6703125 0.146875 0.2328125
3 0.32734375 0.66640625 0.1484375 0.2703125
3 0.27578125 0.60703125 0.0734375 0.128125
3 0.603125 0.67421875 0.1515625 0.2625
3 0.7578125 0.640625 0.134375 0.2859375
3 0.88203125 0.65703125 0.14375 0.2421875
0 0.4140625 0.59921875 0.0921875 0.1671875
0 0.56015625 0.59921875 0.078125 0.1296875