2 0.0921875 0.640625 0.07734375 0.140625
2 0.24375 0.59140625 0.0453125 0.090625
2 0.35078125 0.571875 0.0375 0.08125
2 0.48515625 0.56875 0.03671875 0.08515625
1 0.50859375 0.7046875 0.0578125 0.109375
2 0.60625 0.56875 0.0421875 0.0796875
2 0.70078125 0.60546875 0.05390625 0.10390625
1 0.84375 0.65546875 0.0546875 0.11484375
0 0.21796875 0.7515625 0.1515625 0.209375
3 0.10390625 0.6984375 0.13203125 0.25546875
3 0.246875 0.63046875 0.09609375 0.1703125
3 0.34609375 0.61953125 0.09453125 0.17578125
3 0.490625 0.61796875 0.09765625 0.16796875
0 0.53203125 0.73984375 0.13984375 0.2
3 0.6046875 0.61640625 0.09921875 0.18359375
3 0.70703125 0.6890625 0.12734375 0.27421875
3 0.8546875 0.71171875 0.13203125 0.21875