2 0.08359375 0.61171875 0.0875 0.1453125
2 0.23828125 0.5734375 0.0515625 0.09375
2 0.34609375 0.5609375 0.04375 0.084375
2 0.48046875 0.5671875 0.0421875 0.0875
1 0.49453125 0.7046875 0.065625 0.1125
2 0.6015625 0.57578125 0.046875 0.0828125
2 0.69296875 0.61953125 0.0609375 0.1078125
1 0.83203125 0.67890625 0.0625 0.11875
0 0.20078125 0.73125 0.165625 0.21875
3 0.09140625 0.6703125 0.15 0.2640625
3 0.23828125 0.6125 0.1078125 0.1765625
3 0.33828125 0.60859375 0.10625 0.18125
3 0.48203125 0.6171875 0.109375 0.175
0 0.51484375 0.74140625 0.153125 0.209375
3 0.59609375 0.6234375 0.1125 0.190625
3 0.69296875 0.703125 0.146875 0.2828125
3 0.8390625 0.7359375 0.146875 0.228125