1 0.1484375 0.63046875 0.04375 0.078125
2 0.23828125 0.59375 0.04375 0.090625
1 0.39140625 0.60703125 0.04921875 0.0890625
2 0.69140625 0.56875 0.04140625 0.09296875
2 0.7875 0.59375 0.0453125 0.090625
0 0.1546875 0.65625 0.10546875 0.1234375
3 0.23671875 0.64296875 0.10546875 0.16796875
3 0.32578125 0.63125 0.08515625 0.17109375
3 0.40390625 0.6515625 0.09921875 0.1609375
3 0.5734375 0.640625 0.11171875 0.15859375
3 0.68203125 0.6234375 0.0953125 0.184375
3 0.78125 0.63125 0.10078125 0.16015625
3 0.89375 0.71796875 0.19140625 0.275