1 0.03125 0.46875 0.0609375 0.11875
1 0.19765625 0.48046875 0.05390625 0.11875
1 0.32578125 0.4546875 0.05703125 0.12421875
2 0.37265625 0.44375 0.03828125 0.059375
2 0.55703125 0.44921875 0.03359375 0.0734375
2 0.6375 0.47578125 0.03203125 0.065625
2 0.728125 0.48046875 0.0375 0.078125
2 0.6890625 0.49921875 0.04609375 0.1046875
0 0.07421875 0.5109375 0.1421875 0.19453125
3 0.20625 0.53046875 0.12109375 0.18515625
3 0.33984375 0.51953125 0.1546875 0.240625
3 0.38984375 0.49296875 0.07109375 0.16015625
3 0.5453125 0.49453125 0.09375 0.16875
3 0.6328125 0.5140625 0.075 0.13125
3 0.68046875 0.5671875 0.1265625 0.2234375
3 0.73828125 0.52734375 0.06171875 0.16171875