2 0.24921875 0.61640625 0.0546875 0.075
2 0.26328125 0.690625 0.075 0.13125
2 0.35703125 0.60078125 0.053125 0.075
2 0.49375 0.5703125 0.0546875 0.0890625
2 0.60859375 0.5515625 0.0546875 0.0859375
1 0.55 0.68828125 0.071875 0.1265625
2 0.715625 0.5765625 0.06875 0.10625
1 0.8578125 0.62578125 0.0796875 0.125
0 0.14453125 0.78671875 0.1734375 0.2328125
3 0.26328125 0.75234375 0.175 0.2671875
3 0.2625 0.6390625 0.0890625 0.115625
3 0.3625 0.646875 0.109375 0.171875
3 0.50546875 0.61640625 0.1203125 0.175
3 0.565625 0.72734375 0.1734375 0.23125
3 0.6171875 0.60234375 0.1125 0.1828125
3 0.734375 0.6625 0.165625 0.284375
3 0.88046875 0.66796875 0.159375 0.21875