2 0.05703125 0.575 0.0484375 0.0578125
1 0.03984375 0.63125 0.0703125 0.121875
1 0.14140625 0.61015625 0.059375 0.1203125
1 0.26015625 0.58203125 0.046875 0.0859375
1 0.4453125 0.5578125 0.0390625 0.08125
2 0.6125 0.52734375 0.0359375 0.0703125
1 0.6984375 0.5078125 0.040625 0.08125
1 0.7859375 0.490625 0.04375 0.0828125
1 0.646875 0.54921875 0.0484375 0.1125
1 0.77265625 0.58046875 0.0703125 0.1125
1 0.91640625 0.54296875 0.071875 0.1171875
3 0.053125 0.68125 0.10625 0.221875
3 0.1546875 0.66171875 0.1265625 0.209375
3 0.275 0.6078125 0.1140625 0.125
3 0.37578125 0.64765625 0.1546875 0.240625
3 0.46015625 0.58984375 0.09375 0.13125
3 0.6015625 0.565625 0.05 0.14375
3 0.63828125 0.62265625 0.1265625 0.25625
3 0.70234375 0.55 0.071875 0.1546875
3 0.76171875 0.63203125 0.1421875 0.2140625
3 0.79375 0.51640625 0.0859375 0.1296875
3 0.91328125 0.61015625 0.1578125 0.25
3 0.07421875 0.61953125 0.084375 0.1375