1 0.1703125 0.678125 0.0453125 0.084375
1 0.23203125 0.6546875 0.0515625 0.09375
2 0.31015625 0.628125 0.0484375 0.084375
1 0.41171875 0.62578125 0.046875 0.0875
2 0.58359375 0.62421875 0.04375 0.078125
1 0.7703125 0.6078125 0.0484375 0.084375
1 0.8671875 0.66328125 0.075 0.128125
0 0.16796875 0.70859375 0.103125 0.13125
3 0.24140625 0.68984375 0.1078125 0.159375
3 0.32734375 0.6765625 0.1 0.1765625
3 0.41796875 0.67109375 0.1 0.1625
3 0.58515625 0.709375 0.1078125 0.240625
3 0.69375 0.6984375 0.14375 0.2703125
3 0.771875 0.6328125 0.10625 0.1484375
0 0.8796875 0.7109375 0.159375 0.2359375