1 0.04140625 0.634375 0.0828125 0.134375
2 0.2265625 0.50234375 0.05 0.0640625
2 0.2109375 0.58828125 0.090625 0.1390625
2 0.33125 0.53828125 0.0578125 0.08125
2 0.46796875 0.56328125 0.0609375 0.0859375
1 0.48515625 0.69375 0.0828125 0.1296875
2 0.57109375 0.59296875 0.06875 0.0921875
2 0.6734375 0.653125 0.0765625 0.1203125
1 0.78515625 0.753125 0.0875 0.121875
3 0.190625 0.646875 0.184375 0.2625
3 0.234375 0.53203125 0.0953125 0.115625
3 0.31796875 0.5828125 0.1296875 0.1890625
3 0.45234375 0.6109375 0.13125 0.1859375
3 0.47578125 0.73046875 0.1859375 0.2375
3 0.56875 0.63828125 0.128125 0.196875
3 0.65703125 0.734375 0.1921875 0.2890625
3 0.7890625 0.8046875 0.1734375 0.2234375
0 0.07890625 0.63203125 0.1578125 0.2484375