2 0.17421875 0.55546875 0.0734375 0.1203125
1 0.27421875 0.546875 0.05 0.084375
2 0.315625 0.5703125 0.071875 0.1328125
1 0.3984375 0.5515625 0.05625 0.0984375
1 0.56953125 0.57265625 0.040625 0.084375
1 0.5875 0.61796875 0.0625 0.1171875
2 0.73828125 0.559375 0.0640625 0.109375
2 0.87734375 0.63984375 0.075 0.125
0 0.2625 0.578125 0.0765625 0.146875
0 0.5484375 0.60625 0.090625 0.15
3 0.16640625 0.6203125 0.1609375 0.246875
3 0.3046875 0.6375 0.1578125 0.2703125
3 0.4 0.58984375 0.103125 0.171875
3 0.578125 0.6796875 0.1609375 0.2609375
3 0.72578125 0.659375 0.159375 0.3140625
3 0.8546875 0.6984375 0.1609375 0.2515625