2 0.25078125 0.63828125 0.05 0.0859375
1 0.36640625 0.61640625 0.05625 0.090625
1 0.540625 0.6140625 0.0484375 0.0796875
1 0.64609375 0.58515625 0.0546875 0.0921875
2 0.76484375 0.553125 0.075 0.1203125
2 0.890625 0.565625 0.0765625 0.11875
3 0.25078125 0.66328125 0.1125 0.16875
3 0.3796875 0.6546875 0.10625 0.171875
3 0.5375 0.64453125 0.125 0.146875
3 0.646875 0.6171875 0.1203125 0.15
3 0.75703125 0.6453125 0.2125 0.2984375
3 0.91015625 0.63203125 0.159375 0.265625
0 0.153125 0.8015625 0.1921875 0.203125
0 0.2984375 0.78203125 0.1765625 0.2265625