1 0.2171875 0.5625 0.053125 0.090625
1 0.33515625 0.58359375 0.059375 0.1015625
1 0.509375 0.62109375 0.059375 0.084375
1 0.60625 0.63515625 0.059375 0.0875
2 0.7359375 0.62890625 0.071875 0.1203125
2 0.85078125 0.66328125 0.071875 0.1015625
3 0.215625 0.59609375 0.125 0.1578125
3 0.334375 0.6125 0.1234375 0.1734375
3 0.49921875 0.6421875 0.13125 0.1625
3 0.60703125 0.653125 0.1265625 0.16875
3 0.70390625 0.71484375 0.215625 0.303125
3 0.840625 0.746875 0.153125 0.26875
0 0.08828125 0.67421875 0.1765625 0.1953125
0 0.22265625 0.7046875 0.1765625 0.228125