1 0.13359375 0.59765625 0.0515625 0.0828125
1 0.2109375 0.61171875 0.0578125 0.0875
1 0.38671875 0.596875 0.0515625 0.0859375
2 0.54375 0.64921875 0.046875 0.0859375
1 0.82578125 0.76484375 0.0828125 0.1390625
1 0.65625 0.71171875 0.08125 0.1390625
0 0.209375 0.63125 0.1140625 0.1328125
0 0.284375 0.6609375 0.1 0.09375
0 0.7375 0.7015625 0.1125 0.14375
0 0.81875 0.809375 0.184375 0.234375
0 0.1296875 0.625 0.1140625 0.13125
3 0.37890625 0.6421875 0.1234375 0.1796875
3 0.53046875 0.68046875 0.125 0.1484375
3 0.64453125 0.7703125 0.1875 0.2578125