1 0.1359375 0.5 0.05625 0.10703125
2 0.265625 0.49609375 0.053125 0.121875
2 0.4390625 0.47890625 0.04609375 0.08359375
2 0.70703125 0.51015625 0.0375 0.08671875
2 0.78828125 0.51171875 0.03515625 0.08359375
2 0.75390625 0.559375 0.05390625 0.1109375
3 0.1453125 0.55234375 0.13984375 0.19921875
3 0.26875 0.55859375 0.11640625 0.221875
3 0.3828125 0.55703125 0.16796875 0.23828125
3 0.44453125 0.52109375 0.0625 0.15078125
3 0.60078125 0.5359375 0.10234375 0.16796875
3 0.6984375 0.54921875 0.08515625 0.1515625
3 0.80078125 0.559375 0.06640625 0.16484375
3 0.7421875 0.61953125 0.14296875 0.22421875