1 0.1109375 0.60078125 0.0796875 0.1296875
1 0.25234375 0.5703125 0.0765625 0.121875
2 0.3828125 0.4984375 0.0734375 0.1125
1 0.69765625 0.5046875 0.05625 0.0859375
1 0.79765625 0.496875 0.059375 0.1015625
2 0.74375 0.515625 0.0734375 0.1125
0 0.15078125 0.63046875 0.1515625 0.1890625
3 0.26953125 0.61484375 0.15625 0.209375
3 0.39609375 0.5765625 0.1796875 0.2796875
3 0.45546875 0.5421875 0.0859375 0.1578125
3 0.59453125 0.52890625 0.11875 0.184375
3 0.69375 0.5359375 0.103125 0.146875
3 0.746875 0.58125 0.1703125 0.25
3 0.803125 0.53203125 0.0875 0.1640625