1 0.134375 0.6109375 0.05 0.0796875
1 0.37890625 0.6125 0.0484375 0.09375
2 0.55703125 0.60625 0.0453125 0.075
1 0.74765625 0.6421875 0.0515625 0.0984375
2 0.81328125 0.665625 0.071875 0.125
0 0.13125 0.63515625 0.1015625 0.13125
3 0.21171875 0.625 0.1171875 0.171875
3 0.29140625 0.64375 0.0921875 0.1578125
3 0.378125 0.646875 0.1140625 0.1625
3 0.5359375 0.70703125 0.1203125 0.278125
3 0.653125 0.73203125 0.1578125 0.2796875
3 0.74375 0.678125 0.109375 0.1703125
3 0.8015625 0.74375 0.2125 0.284375