1 0.07890625 0.665625 0.0765625 0.11875
2 0.1890625 0.63828125 0.075 0.125
1 0.303125 0.578125 0.0546875 0.0859375
1 0.38828125 0.603125 0.0796875 0.1390625
1 0.475 0.52265625 0.053125 0.0953125
1 0.66796875 0.50078125 0.078125 0.1390625
1 0.73125 0.44765625 0.059375 0.096875
1 0.8015625 0.4859375 0.0828125 0.1515625
1 0.81953125 0.403125 0.0515625 0.0859375
1 0.959375 0.43984375 0.08125 0.1515625
3 0.10390625 0.7140625 0.1421875 0.2234375
3 0.19921875 0.709375 0.1796875 0.2578125
3 0.3125 0.60859375 0.1171875 0.15625
3 0.4203125 0.66640625 0.18125 0.253125
3 0.4921875 0.56015625 0.1171875 0.1734375
3 0.68046875 0.5765625 0.16875 0.2921875
3 0.73359375 0.45703125 0.090625 0.13125
3 0.82109375 0.55234375 0.19375 0.284375
3 0.8390625 0.4328125 0.0953125 0.140625
3 0.93984375 0.51484375 0.1203125 0.2828125