2 0.14609375 0.46328125 0.0671875 0.0984375
1 0.26171875 0.5140625 0.059375 0.1171875
1 0.36875 0.49609375 0.065625 0.125
1 0.42734375 0.48828125 0.04375 0.0859375
2 0.6046875 0.5 0.0484375 0.084375
2 0.6921875 0.53203125 0.046875 0.08125
2 0.7859375 0.54453125 0.046875 0.084375
1 0.73828125 0.59765625 0.0625 0.121875
3 0.14296875 0.5265625 0.13125 0.221875
3 0.26015625 0.5578125 0.13125 0.2046875
3 0.37734375 0.56328125 0.1734375 0.2484375
3 0.43671875 0.53203125 0.0796875 0.1578125
3 0.590625 0.5484375 0.1109375 0.18125
3 0.6796875 0.56953125 0.0921875 0.15
3 0.72109375 0.64921875 0.1515625 0.2296875
3 0.7875 0.58671875 0.0875 0.165625