1 0.171875 0.690625 0.059375 0.0796875
1 0.24921875 0.72109375 0.05625 0.078125
1 0.328125 0.7140625 0.059375 0.08125
1 0.4078125 0.62890625 0.0546875 0.0875
1 0.58203125 0.64765625 0.05 0.075
1 0.70859375 0.67265625 0.0734375 0.1453125
1 0.728125 0.80859375 0.0921875 0.0828125
3 0.41171875 0.671875 0.1109375 0.1703125
3 0.71015625 0.72578125 0.184375 0.265625
0 0.171875 0.715625 0.1078125 0.1421875
0 0.2515625 0.709375 0.1125 0.125
0 0.3328125 0.71328125 0.096875 0.0953125
0 0.57734375 0.67109375 0.1140625 0.1265625
0 0.78359375 0.63515625 0.1078125 0.153125
0 0.890625 0.73828125 0.1734375 0.2046875