1 0.14140625 0.46015625 0.078125 0.1265625
1 0.25859375 0.496875 0.0734375 0.1203125
2 0.43515625 0.47109375 0.0453125 0.078125
2 0.62109375 0.503125 0.0546875 0.0859375
2 0.78359375 0.5546875 0.05 0.071875
2 0.74765625 0.58515625 0.075 0.1125
3 0.14921875 0.5046875 0.153125 0.20625
3 0.26015625 0.54375 0.1359375 0.1984375
3 0.39296875 0.54296875 0.1703125 0.2515625
3 0.446875 0.52109375 0.096875 0.16875
3 0.60078125 0.55234375 0.13125 0.1828125
3 0.690625 0.5765625 0.1046875 0.159375
3 0.728125 0.65390625 0.171875 0.253125
3 0.790625 0.60390625 0.0890625 0.16875