2 0.09453125 0.63046875 0.07109375 0.12578125
2 0.2328125 0.59296875 0.046875 0.09609375
2 0.35 0.56875 0.0390625 0.078125
2 0.48203125 0.578125 0.04609375 0.08515625
1 0.5109375 0.70390625 0.06015625 0.121875
2 0.60703125 0.56875 0.05 0.09453125
2 0.70078125 0.60546875 0.053125 0.10390625
1 0.84140625 0.64375 0.05625 0.12421875
0 0.2171875 0.74921875 0.146875 0.2046875
3 0.103125 0.7015625 0.13203125 0.2609375
3 0.24375 0.6296875 0.0890625 0.16484375
3 0.3453125 0.625 0.09453125 0.1703125
3 0.48984375 0.61796875 0.09765625 0.1640625
0 0.53203125 0.73203125 0.13828125 0.196875
3 0.6046875 0.61640625 0.10625 0.1796875
3 0.70703125 0.69296875 0.128125 0.26796875
3 0.85390625 0.7015625 0.13671875 0.23984375