1 0.153125 0.6421875 0.05 0.0875
2 0.24140625 0.60234375 0.04375 0.0859375
1 0.39609375 0.61328125 0.053125 0.096875
2 0.690625 0.571875 0.053125 0.090625
1 0.78828125 0.5828125 0.05 0.090625
3 0.15859375 0.6671875 0.10625 0.1375
3 0.2390625 0.653125 0.1140625 0.1796875
3 0.32421875 0.63671875 0.0921875 0.1640625
3 0.40859375 0.6515625 0.1078125 0.1625
3 0.578125 0.634375 0.1140625 0.16875
3 0.684375 0.6203125 0.1046875 0.1875
3 0.7890625 0.62421875 0.10625 0.171875
3 0.89765625 0.70390625 0.1953125 0.296875