2 0.96640625 0.47265625 0.040625 0.0734375
3 0.95625 0.51640625 0.0875 0.1734375
2 0.82421875 0.41484375 0.0375 0.0578125
3 0.81171875 0.46015625 0.078125 0.1515625
1 0.87421875 0.46875 0.0328125 0.0640625
2 0.8390625 0.38984375 0.0203125 0.0421875
2 0.809375 0.384375 0.021875 0.0390625
1 0.771875 0.4203125 0.028125 0.059375
3 0.75703125 0.44375 0.0671875 0.109375
2 0.75859375 0.39453125 0.0203125 0.0375
1 0.72265625 0.3921875 0.0265625 0.046875
3 0.71171875 0.41640625 0.053125 0.0921875
1 0.75625 0.3296875 0.01875 0.040625
3 0.74921875 0.3359375 0.0359375 0.0578125
1 0.70859375 0.35234375 0.0234375 0.0390625
2 0.6625 0.3390625 0.0171875 0.03125
3 0.7046875 0.35703125 0.0390625 0.0578125
3 0.665625 0.35234375 0.04375 0.0625
3 0.6828125 0.32734375 0.03125 0.0515625
2 0.6453125 0.31328125 0.0203125 0.0359375
3 0.64140625 0.3296875 0.0375 0.071875
2 0.57421875 0.41015625 0.034375 0.0546875
3 0.57421875 0.44765625 0.078125 0.140625
2 0.49609375 0.41796875 0.034375 0.059375
3 0.50234375 0.45546875 0.08125 0.134375
2 0.4390625 0.415625 0.0328125 0.0625
3 0.42890625 0.4515625 0.08125 0.134375
2 0.44453125 0.365625 0.0265625 0.0515625
3 0.44140625 0.378125 0.05 0.090625
2 0.58359375 0.34609375 0.0203125 0.0421875
3 0.58515625 0.36015625 0.0390625 0.0765625
1 0.3625 0.40390625 0.03125 0.0578125
3 0.3703125 0.41640625 0.0796875 0.096875
1 0.53671875 0.3328125 0.01875 0.0359375
3 0.53515625 0.34296875 0.040625 0.059375
2 0.30078125 0.40078125 0.034375 0.0640625
3 0.3046875 0.4328125 0.0875 0.134375
1 0.2734375 0.39765625 0.0296875 0.0671875
3 0.25859375 0.41328125 0.0578125 0.090625
1 0.3578125 0.34765625 0.0234375 0.0515625
3 0.34453125 0.36953125 0.0578125 0.1078125
1 0.403125 0.3484375 0.025 0.0421875
3 0.409375 0.35390625 0.046875 0.0625
2 0.49296875 0.31484375 0.0203125 0.040625
3 0.49296875 0.3296875 0.0421875 0.071875
1 0.528125 0.30625 0.01875 0.0328125
3 0.52109375 0.3125 0.0359375 0.0578125
2 0.5484375 0.28671875 0.015625 0.03125
3 0.55 0.296875 0.028125 0.0578125
1 0.31484375 0.33359375 0.0234375 0.046875
3 0.31484375 0.3453125 0.05 0.0703125
1 0.34140625 0.30546875 0.021875 0.040625
3 0.33984375 0.31640625 0.0296875 0.0703125
2 0.35546875 0.2890625 0.01875 0.0375
3 0.36015625 0.29765625 0.03125 0.0578125
1 0.4015625 0.2875 0.015625 0.0328125
3 0.3984375 0.2953125 0.0328125 0.0515625
1 0.4234375 0.3015625 0.01875 0.040625
3 0.42265625 0.30625 0.0390625 0.0578125
1 0.44609375 0.28125 0.0171875 0.0359375
3 0.44453125 0.290625 0.0234375 0.05625
2 0.45703125 0.30390625 0.021875 0.040625
3 0.453125 0.3203125 0.0484375 0.071875
1 0.559375 0.38359375 0.0265625 0.0515625
3 0.54609375 0.3953125 0.05 0.0859375
2 0.1734375 0.33671875 0.0265625 0.0453125
3 0.18359375 0.36328125 0.05 0.096875
1 0.1140625 0.4046875 0.03125 0.0578125
0 0.11015625 0.41171875 0.0828125 0.0890625
1 0.015625 0.35 0.01875 0.0515625
0 0.028125 0.35546875 0.0453125 0.0703125
1 0.078125 0.31796875 0.0234375 0.046875
3 0.08203125 0.32734375 0.0390625 0.0703125
1 0.11796875 0.33125 0.0234375 0.040625
1 0.18515625 0.29453125 0.021875 0.0453125
3 0.19375 0.31171875 0.04375 0.0734375
3 0.1515625 0.3 0.0390625 0.0671875
1 0.21953125 0.30078125 0.01875 0.040625
0 0.225 0.30234375 0.0375 0.0453125
1 0.903125 0.51171875 0.046875 0.0921875
3 0.88125 0.53203125 0.0953125 0.1484375