1 0.08125 0.54140625 0.0453125 0.0703125
1 0.0609375 0.596875 0.065625 0.1140625
1 0.184375 0.5890625 0.0640625 0.1125
1 0.2921875 0.53984375 0.04375 0.08125
1 0.37890625 0.5875 0.0640625 0.140625
1 0.475 0.52734375 0.0390625 0.0859375
1 0.66875 0.5390625 0.0609375 0.14375
2 0.73671875 0.4671875 0.0484375 0.09375
1 0.83515625 0.4625 0.040625 0.1046875
1 0.965625 0.51171875 0.0640625 0.15
3 0.08515625 0.65390625 0.1265625 0.215625
3 0.203125 0.64921875 0.1265625 0.209375
3 0.10234375 0.57734375 0.084375 0.1234375
3 0.3 0.57578125 0.096875 0.1375
3 0.3828125 0.640625 0.159375 0.2328125
3 0.484375 0.565625 0.1 0.1515625
3 0.66796875 0.609375 0.1421875 0.2640625
3 0.7375 0.51875 0.078125 0.184375
3 0.80546875 0.57734375 0.153125 0.2890625
3 0.85078125 0.51171875 0.075 0.190625
3 0.94296875 0.59453125 0.1140625 0.2609375