2 0.11796875 0.6953125 0.0921875 0.1421875
1 0.2625 0.61484375 0.0578125 0.0953125
2 0.35546875 0.60078125 0.05625 0.0875
2 0.5015625 0.5671875 0.0515625 0.0859375
1 0.54296875 0.68984375 0.075 0.125
2 0.63125 0.5578125 0.053125 0.1046875
1 0.7140625 0.58125 0.0703125 0.1125
1 0.85546875 0.6203125 0.071875 0.1265625
3 0.13828125 0.75703125 0.1671875 0.2765625
3 0.2734375 0.659375 0.1171875 0.1921875
3 0.36171875 0.6453125 0.1109375 0.1828125
3 0.509375 0.61171875 0.125 0.184375
0 0.5640625 0.72421875 0.1640625 0.2328125
3 0.62890625 0.60078125 0.1328125 0.1921875
3 0.73359375 0.65625 0.165625 0.284375
3 0.8796875 0.66796875 0.1578125 0.225
0 0.25703125 0.7859375 0.1703125 0.2234375