1 0.11171875 0.53046875 0.0640625 0.109375
2 0.26953125 0.49453125 0.046875 0.103125
2 0.39375 0.4796875 0.0515625 0.10625
1 0.43203125 0.4953125 0.0375 0.075
2 0.59765625 0.48671875 0.04375 0.08125
2 0.68515625 0.509375 0.0375 0.075
2 0.784375 0.53125 0.040625 0.0890625
1 0.728125 0.6046875 0.0640625 0.1203125
3 0.13359375 0.57578125 0.125 0.1765625
3 0.26640625 0.5609375 0.109375 0.2203125
3 0.39375 0.56171875 0.146875 0.253125
3 0.44140625 0.540625 0.059375 0.159375
3 0.58984375 0.53984375 0.0984375 0.175
3 0.6828125 0.55703125 0.08125 0.146875
3 0.7265625 0.6453125 0.1421875 0.2015625
3 0.7890625 0.57109375 0.078125 0.1609375