2 0.18046875 0.58359375 0.0640625 0.11484375
1 0.27890625 0.56640625 0.04375 0.08125
2 0.32265625 0.5859375 0.06015625 0.128125
1 0.403125 0.56015625 0.0484375 0.09453125
1 0.57578125 0.56640625 0.03359375 0.08125
1 0.59765625 0.61015625 0.05234375 0.11328125
2 0.7421875 0.53828125 0.05546875 0.10546875
2 0.88828125 0.60625 0.06484375 0.1203125
0 0.2703125 0.5984375 0.06484375 0.14140625
0 0.5578125 0.6015625 0.078125 0.14375
3 0.178125 0.64921875 0.14140625 0.2359375
3 0.3171875 0.65390625 0.1359375 0.259375
3 0.40859375 0.5984375 0.08984375 0.1640625
3 0.59375 0.671875 0.13984375 0.25
3 0.7390625 0.6390625 0.1328125 0.303125
3 0.8703125 0.66640625 0.13984375 0.240625