2 0.18125 0.60625 0.071875 0.1265625
1 0.28515625 0.5765625 0.04375 0.0859375
2 0.32734375 0.5875 0.065625 0.1234375
1 0.40234375 0.55703125 0.046875 0.096875
1 0.56953125 0.5390625 0.040625 0.0765625
1 0.6046875 0.61171875 0.0625 0.121875
1 0.73671875 0.5671875 0.0640625 0.146875
2 0.8765625 0.60546875 0.0703125 0.128125
3 0.184375 0.6609375 0.1484375 0.2296875
3 0.321875 0.66171875 0.1421875 0.259375
3 0.27421875 0.6015625 0.071875 0.1359375
3 0.55859375 0.58125 0.084375 0.16875
3 0.6015625 0.675 0.1421875 0.25
3 0.73984375 0.63671875 0.140625 0.2859375
3 0.875 0.665625 0.1453125 0.240625
0 0.41015625 0.6015625 0.090625 0.1640625