1 0.15078125 0.65390625 0.03984375 0.0703125
1 0.39453125 0.621875 0.04375 0.0890625
2 0.56953125 0.5953125 0.03515625 0.0796875
1 0.76328125 0.61484375 0.040625 0.0890625
2 0.83125 0.63046875 0.0578125 0.11640625
0 0.1515625 0.68046875 0.09296875 0.11796875
3 0.2296875 0.6609375 0.096875 0.15546875
3 0.31171875 0.66796875 0.0734375 0.14921875
3 0.3953125 0.6609375 0.096875 0.15078125
3 0.56328125 0.70078125 0.09453125 0.265625
3 0.675 0.71328125 0.12421875 0.26640625
3 0.7625 0.65078125 0.0921875 0.15546875
3 0.82890625 0.70625 0.17890625 0.265625