1 0.13046875 0.5859375 0.0515625 0.0859375
1 0.203125 0.6078125 0.05625 0.0875
1 0.38046875 0.5953125 0.053125 0.090625
2 0.54140625 0.65234375 0.0515625 0.0859375
1 0.81875 0.78515625 0.0921875 0.1546875
1 0.646875 0.715625 0.08125 0.146875
0 0.125 0.61171875 0.1171875 0.1359375
3 0.37265625 0.6390625 0.1296875 0.18125
3 0.63828125 0.7671875 0.1984375 0.2703125
3 0.52421875 0.68125 0.1296875 0.1515625
0 0.20234375 0.62578125 0.121875 0.128125
0 0.2765625 0.6546875 0.1015625 0.0953125
0 0.7296875 0.70859375 0.11875 0.146875
0 0.80703125 0.82109375 0.1953125 0.240625