2 0.18203125 0.590625 0.06484375 0.10703125
1 0.27890625 0.571875 0.04140625 0.08046875
2 0.32265625 0.58046875 0.05625 0.1296875
1 0.403125 0.5546875 0.0421875 0.09453125
1 0.57578125 0.56953125 0.03359375 0.07421875
1 0.59765625 0.61875 0.05234375 0.11875
1 0.87890625 0.6265625 0.06640625 0.128125
0 0.40703125 0.59375 0.08984375 0.171875
0 0.26953125 0.59609375 0.059375 0.13984375
0 0.55703125 0.60625 0.07734375 0.1453125
3 0.17578125 0.65390625 0.13359375 0.234375
3 0.31875 0.65703125 0.13515625 0.26171875
3 0.59609375 0.68125 0.1375 0.24140625
3 0.75859375 0.659375 0.1296875 0.26484375
3 0.87578125 0.68125 0.11328125 0.2203125