2 0.16796875 0.52578125 0.0921875 0.1375
1 0.26875 0.5234375 0.05625 0.096875
2 0.31015625 0.5421875 0.0875 0.134375
1 0.39296875 0.53359375 0.0640625 0.103125
1 0.56328125 0.58046875 0.053125 0.08125
1 0.5734375 0.6375 0.078125 0.1328125
2 0.73515625 0.59375 0.05 0.0703125
1 0.765625 0.64765625 0.0890625 0.1359375
1 0.8640625 0.68515625 0.0953125 0.1375
3 0.1578125 0.58203125 0.1875 0.253125
3 0.290625 0.6140625 0.184375 0.284375
3 0.55703125 0.703125 0.178125 0.2390625
3 0.7203125 0.70703125 0.18125 0.28125
3 0.83515625 0.74453125 0.16875 0.2734375
3 0.2578125 0.55 0.0890625 0.140625
3 0.709375 0.640625 0.1 0.1625
0 0.540625 0.61484375 0.1125 0.15
0 0.38984375 0.575 0.1203125 0.1796875