1 0.13125 0.515625 0.0578125 0.12421875
2 0.43046875 0.48671875 0.0359375 0.078125
2 0.6171875 0.4953125 0.04140625 0.08671875
2 0.70703125 0.50703125 0.0375 0.0703125
2 0.7859375 0.515625 0.0375 0.0796875
2 0.75390625 0.55390625 0.05078125 0.10390625
3 0.146875 0.55546875 0.12578125 0.1859375
3 0.265625 0.571875 0.11015625 0.19453125
3 0.38046875 0.56953125 0.14375 0.23359375
3 0.4390625 0.53203125 0.08515625 0.16015625
3 0.6 0.54140625 0.10390625 0.16640625
3 0.696875 0.553125 0.0890625 0.14296875
3 0.7390625 0.621875 0.1390625 0.2296875
3 0.79921875 0.56640625 0.0703125 0.16796875