2 0.08984375 0.60078125 0.053125 0.071875
1 0.078125 0.6609375 0.0765625 0.1125
1 0.20546875 0.61875 0.071875 0.1203125
1 0.30078125 0.58203125 0.059375 0.084375
1 0.3859375 0.60546875 0.08125 0.15
1 0.4828125 0.52890625 0.0515625 0.0921875
1 0.67734375 0.5140625 0.08125 0.1390625
2 0.73046875 0.42578125 0.0546875 0.0921875
1 0.803125 0.45078125 0.0765625 0.134375
1 0.8296875 0.40703125 0.046875 0.09375
1 0.9625 0.4453125 0.075 0.1375
3 0.11640625 0.715625 0.1515625 0.23125
3 0.115625 0.63515625 0.0921875 0.1421875
3 0.23125 0.6796875 0.1578125 0.246875
3 0.31875 0.615625 0.109375 0.1546875
3 0.409375 0.66484375 0.19375 0.26875
3 0.49609375 0.5703125 0.115625 0.1671875
3 0.68515625 0.58359375 0.171875 0.278125
3 0.73671875 0.48671875 0.1046875 0.20625
3 0.81640625 0.52734375 0.1890625 0.3046875
3 0.846875 0.45703125 0.10625 0.1953125
3 0.93984375 0.515625 0.1203125 0.278125