2 0.190625 0.62421875 0.078125 0.1203125
1 0.28515625 0.596875 0.0484375 0.084375
2 0.33203125 0.6015625 0.071875 0.125
1 0.409375 0.559375 0.053125 0.0984375
1 0.5890625 0.56015625 0.04375 0.071875
1 0.609375 0.6078125 0.065625 0.1265625
1 0.76015625 0.54296875 0.071875 0.140625
1 0.88515625 0.59609375 0.08125 0.1375
0 0.28515625 0.6234375 0.078125 0.1375
0 0.41875 0.60078125 0.10625 0.184375
0 0.5703125 0.59765625 0.096875 0.1421875
3 0.19453125 0.68203125 0.1609375 0.2375
3 0.334375 0.67421875 0.1625 0.271875
3 0.615625 0.6671875 0.159375 0.2515625
3 0.76328125 0.6203125 0.15625 0.296875
3 0.8875 0.6375 0.1515625 0.2390625