2 0.16640625 0.51796875 0.09375 0.13125
1 0.26640625 0.51640625 0.05625 0.0953125
2 0.31015625 0.5390625 0.0890625 0.1328125
1 0.39375 0.53359375 0.0640625 0.10625
2 0.56171875 0.62578125 0.0859375 0.1359375
0 0.3890625 0.57421875 0.125 0.18125
0 0.54765625 0.61015625 0.1328125 0.15625
3 0.1515625 0.5734375 0.1859375 0.25625
3 0.25625 0.54375 0.0984375 0.14375
3 0.28828125 0.6109375 0.190625 0.2890625
3 0.55546875 0.6890625 0.184375 0.2671875
3 0.7203125 0.7109375 0.196875 0.2953125
3 0.83359375 0.75078125 0.1734375 0.2609375