2 0.221875 0.578125 0.0546875 0.08125
2 0.22734375 0.64453125 0.075 0.1140625
1 0.3203125 0.60859375 0.0515625 0.090625
1 0.28046875 0.71796875 0.0265625 0.034375
2 0.45546875 0.61796875 0.0515625 0.0875
2 0.57109375 0.62734375 0.053125 0.0890625
2 0.48984375 0.70546875 0.06875 0.1109375
2 0.66796875 0.68828125 0.071875 0.1140625
1 0.79296875 0.78125 0.078125 0.1203125
0 0.0796875 0.7125 0.159375 0.2375
3 0.209375 0.709375 0.16875 0.25
3 0.2078125 0.62265625 0.0796875 0.15625
3 0.31640625 0.64765625 0.115625 0.1671875
3 0.45546875 0.66171875 0.1015625 0.165625
3 0.47890625 0.77109375 0.1828125 0.25625
3 0.5671875 0.6796875 0.1171875 0.1828125
3 0.66015625 0.76640625 0.1671875 0.278125
3 0.79765625 0.8234375 0.165625 0.203125