1 0.18515625 0.7046875 0.0609375 0.0953125
2 0.2640625 0.640625 0.0625 0.09375
1 0.41875 0.634375 0.0671875 0.096875
2 0.70546875 0.534375 0.059375 0.090625
2 0.8015625 0.53203125 0.0625 0.10625
0 0.19296875 0.72421875 0.121875 0.1390625
3 0.26953125 0.6890625 0.1359375 0.1875
3 0.35390625 0.66484375 0.109375 0.1765625
3 0.43828125 0.67109375 0.13125 0.1734375
3 0.60078125 0.6234375 0.140625 0.178125
3 0.70390625 0.5859375 0.134375 0.2015625
3 0.80546875 0.56875 0.1328125 0.184375
3 0.903125 0.63125 0.19375 0.30625