1 0.22109375 0.571875 0.0515625 0.09375
1 0.33671875 0.57890625 0.0578125 0.0984375
1 0.50859375 0.6234375 0.0484375 0.084375
1 0.61328125 0.63359375 0.053125 0.0859375
2 0.73984375 0.62734375 0.06875 0.125
2 0.85859375 0.66953125 0.075 0.1125
3 0.2125 0.5953125 0.10625 0.14375
3 0.33671875 0.61796875 0.109375 0.1703125
3 0.5 0.64453125 0.1171875 0.146875
3 0.60625 0.65703125 0.1109375 0.1421875
3 0.71171875 0.7109375 0.2046875 0.290625
3 0.85 0.74140625 0.1515625 0.25625
0 0.0859375 0.68203125 0.171875 0.1953125
0 0.228125 0.7125 0.175 0.2234375