2 0.215625 0.578125 0.05625 0.10703125
1 0.284375 0.56171875 0.04140625 0.090625
2 0.33203125 0.57109375 0.05390625 0.11953125
1 0.40234375 0.56015625 0.0484375 0.09453125
1 0.56640625 0.58125 0.03359375 0.0703125
1 0.6 0.61328125 0.0578125 0.12578125
1 0.72265625 0.590625 0.05859375 0.1296875
1 0.76953125 0.565625 0.04453125 0.090625
2 0.8609375 0.60390625 0.0625 0.1109375
3 0.21328125 0.64140625 0.12265625 0.2265625
3 0.3375 0.64453125 0.1265625 0.24296875
3 0.59140625 0.68125 0.13984375 0.23515625
3 0.73203125 0.65703125 0.13203125 0.25859375
3 0.8578125 0.66953125 0.13046875 0.24609375
3 0.771875 0.60625 0.0703125 0.1453125
3 0.28515625 0.59453125 0.06171875 0.13671875
0 0.409375 0.5984375 0.08359375 0.16171875
0 0.55703125 0.61171875 0.08203125 0.12890625