1 0.2546875 0.65078125 0.05625 0.090625
1 0.36875 0.6296875 0.0625 0.1015625
1 0.54453125 0.61640625 0.0515625 0.0875
1 0.646875 0.5921875 0.0578125 0.090625
2 0.76796875 0.55625 0.08125 0.1234375
2 0.890625 0.5515625 0.071875 0.1078125
0 0.153125 0.7984375 0.1875 0.2078125
0 0.3015625 0.7859375 0.18125 0.23125
3 0.25859375 0.68515625 0.1234375 0.171875
3 0.38125 0.66171875 0.11875 0.1734375
3 0.54375 0.63828125 0.13125 0.1359375
3 0.65 0.62421875 0.1203125 0.1359375
3 0.759375 0.64296875 0.2140625 0.2953125
3 0.90703125 0.63359375 0.153125 0.2578125