2 0.13203125 0.7171875 0.096875 0.14375
1 0.2734375 0.634375 0.06875 0.103125
2 0.359375 0.60546875 0.0640625 0.0890625
2 0.503125 0.56015625 0.0546875 0.0875
1 0.5578125 0.67890625 0.078125 0.128125
2 0.634375 0.54140625 0.0640625 0.0953125
2 0.71796875 0.56171875 0.0765625 0.1125
1 0.86328125 0.5953125 0.0875 0.1265625
0 0.2765625 0.79765625 0.190625 0.2421875
3 0.15703125 0.778125 0.1890625 0.2796875
3 0.28515625 0.67421875 0.1265625 0.184375
3 0.37421875 0.6546875 0.1140625 0.178125
3 0.51640625 0.61328125 0.1375 0.184375
0 0.58046875 0.71875 0.178125 0.2375
3 0.634375 0.59296875 0.140625 0.1984375
3 0.7421875 0.64375 0.1828125 0.290625
3 0.89140625 0.640625 0.16875 0.225