1 0.24140625 0.63203125 0.0484375 0.084375
1 0.359375 0.61953125 0.053125 0.1
1 0.5359375 0.615625 0.0515625 0.084375
1 0.640625 0.6046875 0.0484375 0.0828125
2 0.76328125 0.57421875 0.0671875 0.1203125
2 0.88671875 0.57890625 0.065625 0.103125
3 0.25546875 0.6453125 0.121875 0.1296875
3 0.36875 0.65078125 0.1109375 0.165625
3 0.53125 0.640625 0.115625 0.140625
3 0.64765625 0.640625 0.128125 0.1703125
3 0.75390625 0.66484375 0.1984375 0.2875
3 0.89453125 0.6578125 0.1359375 0.2671875
0 0.1296875 0.76796875 0.1703125 0.2046875
0 0.28359375 0.7703125 0.1640625 0.215625