1 0.16328125 0.67578125 0.0609375 0.10625
1 0.25625 0.68828125 0.059375 0.0984375
1 0.35078125 0.6484375 0.059375 0.115625
1 0.56484375 0.63046875 0.0515625 0.1078125
2 0.80234375 0.56171875 0.0578125 0.1078125
1 0.72578125 0.6703125 0.0875 0.1625
3 0.090625 0.73046875 0.1140625 0.1703125
3 0.16875 0.71953125 0.1515625 0.2015625
3 0.26640625 0.72265625 0.1203125 0.171875
3 0.36875 0.6984375 0.1359375 0.209375
3 0.57109375 0.66796875 0.153125 0.1828125
3 0.7296875 0.74140625 0.20625 0.3109375
3 0.80703125 0.61328125 0.1359375 0.2296875
3 0.88984375 0.69375 0.1875 0.3203125