2 0.2328125 0.60390625 0.04140625 0.0890625
1 0.34765625 0.59375 0.04140625 0.09609375
1 0.5234375 0.61953125 0.0375 0.08671875
1 0.63203125 0.60546875 0.04140625 0.09453125
2 0.75078125 0.59453125 0.05859375 0.1109375
2 0.87265625 0.61875 0.05625 0.09609375
0 0.10546875 0.7359375 0.16640625 0.18203125
0 0.2578125 0.74453125 0.1421875 0.20859375
3 0.2234375 0.62890625 0.07890625 0.14609375
3 0.35078125 0.628125 0.09453125 0.16484375
3 0.5171875 0.646875 0.10859375 0.13125
3 0.6265625 0.6421875 0.10859375 0.14140625
3 0.734375 0.6890625 0.171875 0.284375
3 0.87734375 0.69453125 0.13046875 0.25625