1 0.03359375 0.57109375 0.0671875 0.1171875
2 0.13671875 0.56484375 0.078125 0.1125
1 0.25 0.55390625 0.05625 0.0875
1 0.44375 0.5484375 0.0515625 0.0828125
1 0.3515625 0.596875 0.0765625 0.1328125
1 0.6109375 0.5359375 0.0390625 0.05625
1 0.63828125 0.55625 0.0578125 0.1234375
1 0.7046875 0.53515625 0.053125 0.0890625
1 0.78515625 0.51953125 0.0484375 0.06875
1 0.90546875 0.58671875 0.08125 0.11875
1 0.759375 0.6140625 0.0875 0.128125
3 0.05546875 0.6203125 0.1109375 0.234375
3 0.1375 0.61875 0.15625 0.2390625
3 0.2640625 0.5859375 0.1265625 0.1453125
3 0.36015625 0.6484375 0.184375 0.2484375
3 0.44921875 0.5828125 0.1109375 0.146875
3 0.59921875 0.5734375 0.0609375 0.1390625
3 0.625 0.634375 0.15 0.26875
3 0.696875 0.571875 0.09375 0.1640625
3 0.7578125 0.65625 0.1828125 0.228125
3 0.79453125 0.54921875 0.103125 0.1359375
3 0.90078125 0.65078125 0.1875 0.25625