1 0.04296875 0.61171875 0.0859375 0.128125
1 0.2109375 0.57890625 0.0859375 0.1265625
2 0.33125 0.50390625 0.078125 0.115625
2 0.36953125 0.49296875 0.0484375 0.075
2 0.54375 0.446875 0.0578125 0.0765625
2 0.63359375 0.4390625 0.0546875 0.08125
2 0.696875 0.46640625 0.08125 0.1171875
0 0.09453125 0.64375 0.1796875 0.21875
3 0.22890625 0.62109375 0.1640625 0.2171875
3 0.35 0.57578125 0.221875 0.2875
3 0.39765625 0.5328125 0.103125 0.171875
3 0.54609375 0.5 0.140625 0.1859375
3 0.634375 0.4890625 0.1109375 0.159375
3 0.69921875 0.52734375 0.1890625 0.253125