2 0.0921875 0.63046875 0.07421875 0.13359375
2 0.24375 0.58046875 0.0453125 0.08671875
2 0.34140625 0.5734375 0.04375 0.08125
2 0.48828125 0.57109375 0.04140625 0.08046875
2 0.60703125 0.56875 0.04453125 0.0890625
1 0.51015625 0.6984375 0.065625 0.11875
2 0.703125 0.60546875 0.053125 0.109375
1 0.84140625 0.66171875 0.05859375 0.11875
3 0.10625 0.703125 0.1328125 0.26484375
3 0.246875 0.628125 0.0890625 0.16171875
3 0.34296875 0.6265625 0.09140625 0.1765625
3 0.49375 0.61875 0.096875 0.16484375
0 0.53203125 0.73515625 0.13984375 0.19453125
3 0.60703125 0.61875 0.10546875 0.16875
3 0.71015625 0.68828125 0.134375 0.26171875
3 0.8546875 0.70625 0.134375 0.21796875
0 0.22109375 0.74765625 0.14140625 0.20625