2 0.08359375 0.52890625 0.05 0.0703125
1 0.05234375 0.58046875 0.0671875 0.1140625
2 0.178125 0.55390625 0.0609375 0.1171875
1 0.2953125 0.53515625 0.0515625 0.0921875
1 0.48046875 0.525 0.040625 0.090625
1 0.378125 0.57734375 0.06875 0.1359375
2 0.6515625 0.49140625 0.0328125 0.0671875
1 0.675 0.53984375 0.06875 0.128125
2 0.7359375 0.46796875 0.046875 0.0828125
1 0.84296875 0.475 0.0421875 0.090625
2 0.8046875 0.49609375 0.0625 0.1359375
2 0.9546875 0.5140625 0.0734375 0.1328125
3 0.07578125 0.63515625 0.125 0.2203125
3 0.18046875 0.63203125 0.15 0.25625
3 0.10234375 0.5671875 0.0890625 0.1359375
3 0.29921875 0.575 0.103125 0.15
3 0.3875 0.6359375 0.16875 0.2421875
3 0.48515625 0.56328125 0.1015625 0.15625
3 0.6421875 0.540625 0.0609375 0.1515625
3 0.671875 0.61484375 0.159375 0.2765625
3 0.7375 0.528125 0.0828125 0.2
3 0.80234375 0.58515625 0.15625 0.296875
3 0.853125 0.5234375 0.084375 0.1890625
3 0.93125 0.58671875 0.1375 0.2671875