2 0.20546875 0.65234375 0.08125 0.115625
1 0.29140625 0.61328125 0.0578125 0.0875
2 0.33984375 0.621875 0.0859375 0.1359375
1 0.4140625 0.578125 0.0640625 0.1015625
1 0.5828125 0.5515625 0.05625 0.0875
1 0.61640625 0.5859375 0.0765625 0.128125
2 0.73828125 0.4953125 0.075 0.1125
2 0.871875 0.50859375 0.0796875 0.1171875
0 0.2953125 0.6390625 0.096875 0.146875
0 0.575 0.58515625 0.1015625 0.15625
3 0.21328125 0.71015625 0.1828125 0.2515625
3 0.3515625 0.69140625 0.1828125 0.271875
3 0.42734375 0.61015625 0.115625 0.16875
3 0.62421875 0.65703125 0.1859375 0.2828125
3 0.76015625 0.5921875 0.1875 0.325
3 0.88515625 0.5890625 0.16875 0.275