2 0.075 0.53515625 0.0953125 0.13125
2 0.228125 0.52890625 0.0625 0.096875
2 0.33828125 0.53359375 0.059375 0.0828125
2 0.46484375 0.571875 0.0578125 0.0953125
1 0.4640625 0.70078125 0.08125 0.128125
2 0.5875 0.59609375 0.0578125 0.1
2 0.671875 0.64765625 0.0734375 0.109375
1 0.7953125 0.7390625 0.0859375 0.1296875
3 0.0828125 0.60625 0.165625 0.290625
3 0.225 0.57109375 0.1265625 0.1734375
3 0.3234375 0.58203125 0.128125 0.190625
3 0.46640625 0.61171875 0.1296875 0.184375
0 0.478125 0.7375 0.1828125 0.234375
3 0.58046875 0.63984375 0.134375 0.19375
3 0.65859375 0.7328125 0.184375 0.29375
3 0.79765625 0.7875 0.1796875 0.2484375
0 0.1703125 0.67734375 0.1890625 0.228125