2 0.23515625 0.58046875 0.046875 0.071875
2 0.23828125 0.65078125 0.05625 0.125
2 0.34765625 0.5734375 0.04375 0.08125
2 0.48203125 0.57265625 0.040625 0.08125
2 0.5953125 0.5734375 0.04375 0.09375
1 0.52890625 0.69296875 0.059375 0.11875
2 0.703125 0.60546875 0.053125 0.103125
1 0.834375 0.67890625 0.0625 0.115625
0 0.1046875 0.7359375 0.146875 0.21875
3 0.246875 0.60625 0.075 0.125
3 0.23359375 0.71796875 0.1375 0.234375
3 0.34609375 0.6265625 0.0875 0.171875
3 0.47890625 0.621875 0.1 0.171875
3 0.5328125 0.73046875 0.140625 0.20625
3 0.6 0.61875 0.0859375 0.1703125
3 0.70703125 0.69296875 0.128125 0.265625
3 0.85078125 0.71875 0.128125 0.2