1 0.059375 0.6125 0.0609375 0.1109375
1 0.0765625 0.565625 0.0421875 0.06875
1 0.16484375 0.61484375 0.0640625 0.1125
1 0.2921875 0.5546875 0.0515625 0.08125
1 0.38046875 0.59609375 0.065625 0.1421875
1 0.471875 0.51953125 0.0421875 0.0890625
1 0.6828125 0.52265625 0.0640625 0.1265625
1 0.7375 0.475 0.0453125 0.0953125
1 0.828125 0.4375 0.0484375 0.0796875
1 0.82265625 0.53828125 0.0796875 0.14375
1 0.96640625 0.49921875 0.0609375 0.1515625
3 0.084375 0.6625 0.1140625 0.2125
3 0.1875 0.6671875 0.1734375 0.2171875
3 0.3015625 0.58828125 0.1015625 0.146875
3 0.40234375 0.65 0.159375 0.2359375
3 0.4828125 0.55859375 0.1 0.165625
3 0.6734375 0.59765625 0.1421875 0.2828125
3 0.740625 0.51484375 0.0765625 0.1640625
3 0.84453125 0.49921875 0.09375 0.1921875
3 0.81796875 0.60078125 0.1671875 0.253125
3 0.94453125 0.5734375 0.1109375 0.271875