1 0.0578125 0.56875 0.0734375 0.1109375
1 0.17734375 0.5578125 0.0703125 0.1171875
1 0.2953125 0.53125 0.0546875 0.08125
2 0.40078125 0.54453125 0.059375 0.1140625
1 0.4671875 0.50859375 0.0515625 0.0828125
1 0.6640625 0.55546875 0.0765625 0.1484375
2 0.734375 0.48515625 0.0484375 0.0890625
1 0.771875 0.53359375 0.0796875 0.1453125
1 0.83203125 0.47890625 0.05625 0.1015625
1 0.96484375 0.53828125 0.06875 0.15
3 0.07421875 0.6265625 0.1359375 0.2265625
3 0.1890625 0.62265625 0.1328125 0.23125
3 0.29609375 0.56640625 0.1078125 0.1546875
3 0.40390625 0.621875 0.14375 0.2640625
3 0.4828125 0.55625 0.1015625 0.1703125
3 0.66171875 0.6203125 0.153125 0.278125
3 0.72734375 0.5390625 0.078125 0.196875
3 0.840625 0.528125 0.10625 0.1890625
3 0.80390625 0.60234375 0.1828125 0.284375
3 0.9390625 0.61171875 0.121875 0.2828125