1 0.1453125 0.43125 0.0859375 0.121875
2 0.284375 0.4515625 0.078125 0.11875
2 0.44453125 0.47109375 0.0609375 0.0890625
2 0.6171875 0.5234375 0.0640625 0.090625
2 0.69921875 0.56484375 0.05625 0.08125
2 0.7359375 0.62109375 0.0765625 0.121875
3 0.146875 0.47265625 0.16875 0.2078125
3 0.26328125 0.5109375 0.165625 0.2390625
3 0.37578125 0.53984375 0.2140625 0.275
3 0.44140625 0.51484375 0.103125 0.1640625
3 0.5890625 0.565625 0.14375 0.1859375
3 0.68125 0.603125 0.1109375 0.1609375
3 0.7078125 0.6796875 0.196875 0.265625
3 0.78046875 0.6375 0.103125 0.1765625