2 0.0734375 0.52109375 0.1 0.1484375
2 0.228125 0.51875 0.0625 0.09375
2 0.3359375 0.52734375 0.0578125 0.0828125
2 0.4703125 0.56796875 0.0671875 0.090625
2 0.5875 0.59453125 0.0671875 0.0984375
1 0.45703125 0.69453125 0.0828125 0.1171875
2 0.6671875 0.6515625 0.0765625 0.115625
1 0.7890625 0.73828125 0.0921875 0.128125
3 0.0828125 0.5859375 0.165625 0.290625
3 0.221875 0.56015625 0.13125 0.184375
3 0.31953125 0.5765625 0.1375 0.1984375
3 0.4625 0.6125 0.140625 0.1875
0 0.46875 0.74140625 0.1859375 0.2234375
3 0.57265625 0.6421875 0.14375 0.1953125
3 0.653125 0.7390625 0.19375 0.2921875
3 0.78671875 0.7953125 0.1890625 0.2484375
0 0.1625 0.6671875 0.1984375 0.240625