1 0.26875 0.6921875 0.0640625 0.1015625
1 0.34375 0.67890625 0.065625 0.090625
1 0.42578125 0.65078125 0.065625 0.1015625
1 0.60078125 0.609375 0.065625 0.096875
1 0.79765625 0.5421875 0.071875 0.109375
1 0.75 0.63359375 0.1015625 0.1578125
3 0.21796875 0.74765625 0.109375 0.1515625
3 0.2765625 0.72890625 0.1390625 0.1796875
3 0.35625 0.71953125 0.1203125 0.175
3 0.4390625 0.690625 0.1296875 0.1734375
3 0.61171875 0.6484375 0.1453125 0.1671875
3 0.7625 0.6984375 0.221875 0.296875
3 0.8125 0.58125 0.134375 0.1796875
3 0.90078125 0.646875 0.1984375 0.30625