1 0.215625 0.56171875 0.0546875 0.09375
1 0.3328125 0.578125 0.059375 0.1
1 0.5046875 0.62109375 0.053125 0.08125
1 0.6078125 0.6375 0.059375 0.0953125
2 0.73515625 0.63984375 0.0734375 0.121875
2 0.853125 0.6765625 0.0765625 0.1171875
3 0.2078125 0.5859375 0.1109375 0.140625
3 0.3328125 0.6109375 0.115625 0.171875
3 0.49453125 0.64375 0.128125 0.140625
3 0.6015625 0.66640625 0.1296875 0.1578125
3 0.70234375 0.71875 0.2140625 0.29375
3 0.84296875 0.75625 0.1546875 0.2703125
0 0.0875 0.665625 0.175 0.203125
0 0.21953125 0.70859375 0.1734375 0.225