1 0.0578125 0.60703125 0.05703125 0.1109375
1 0.16328125 0.60546875 0.06015625 0.121875
1 0.29296875 0.55 0.0484375 0.08125
1 0.378125 0.59375 0.0640625 0.1296875
1 0.4734375 0.51875 0.0375 0.08046875
1 0.67578125 0.525 0.05546875 0.13125
1 0.734375 0.48046875 0.0453125 0.1
1 0.96640625 0.50546875 0.06015625 0.1390625
3 0.075 0.6546875 0.11796875 0.2109375
3 0.17265625 0.665625 0.14140625 0.23046875
3 0.3015625 0.57890625 0.09453125 0.14375
3 0.39765625 0.6484375 0.1578125 0.23359375
3 0.47890625 0.55703125 0.10078125 0.16171875
3 0.6734375 0.5984375 0.1390625 0.278125
3 0.74375 0.5078125 0.07734375 0.153125
3 0.82265625 0.584375 0.16796875 0.296875
3 0.94921875 0.56484375 0.1015625 0.2640625