1 0.15078125 0.63046875 0.040625 0.0890625
2 0.23515625 0.59375 0.04375 0.0890625
1 0.39453125 0.61171875 0.053125 0.08125
2 0.69453125 0.571875 0.03984375 0.09453125
1 0.78515625 0.59375 0.04765625 0.090625
0 0.153125 0.65703125 0.09921875 0.1296875
3 0.234375 0.64375 0.10546875 0.171875
3 0.32265625 0.63046875 0.08203125 0.16640625
3 0.40078125 0.65078125 0.10546875 0.16171875
3 0.57421875 0.64296875 0.11328125 0.159375
3 0.68203125 0.625 0.1 0.18671875
3 0.78515625 0.640625 0.09453125 0.15703125
3 0.8875 0.71875 0.1953125 0.2703125