1 0.26640625 0.66640625 0.0625 0.0921875
1 0.378125 0.6328125 0.0703125 0.103125
1 0.55390625 0.61328125 0.0609375 0.0890625
1 0.653125 0.584375 0.0578125 0.090625
2 0.76953125 0.53203125 0.090625 0.1265625
2 0.89296875 0.52421875 0.0859375 0.1140625
0 0.1734375 0.81328125 0.203125 0.215625
0 0.3234375 0.80078125 0.1859375 0.225
3 0.275 0.690625 0.14375 0.165625
3 0.38828125 0.66640625 0.13125 0.1796875
3 0.55390625 0.6390625 0.1328125 0.1375
3 0.659375 0.60859375 0.13125 0.1515625
3 0.77109375 0.62109375 0.234375 0.3078125
3 0.91171875 0.5921875 0.1765625 0.296875