2 0.14921875 0.46328125 0.0625 0.1046875
2 0.25546875 0.48046875 0.065625 0.115625
2 0.39375 0.48125 0.0578125 0.1046875
2 0.43984375 0.484375 0.04375 0.075
2 0.6015625 0.48984375 0.046875 0.0875
2 0.68046875 0.53046875 0.046875 0.0703125
2 0.79765625 0.55234375 0.0484375 0.090625
2 0.76484375 0.60390625 0.0625 0.1203125
3 0.15 0.52265625 0.1265625 0.21875
3 0.2453125 0.5375 0.1453125 0.228125
3 0.38046875 0.56328125 0.140625 0.265625
3 0.4484375 0.52734375 0.0734375 0.1609375
3 0.596875 0.546875 0.1140625 0.1890625
3 0.68125 0.571875 0.0953125 0.1453125
3 0.8015625 0.59609375 0.0875 0.1703125
3 0.7265625 0.65703125 0.1671875 0.2328125