1 0.2515625 0.64609375 0.05 0.090625
1 0.3671875 0.615625 0.059375 0.090625
1 0.54296875 0.62109375 0.05 0.0921875
1 0.65078125 0.5875 0.05625 0.0875
2 0.765625 0.56484375 0.071875 0.1265625
2 0.88671875 0.559375 0.071875 0.1078125
0 0.14609375 0.790625 0.1875 0.2203125
0 0.3 0.77734375 0.175 0.228125
3 0.25078125 0.66875 0.109375 0.146875
3 0.3765625 0.65625 0.1234375 0.18125
3 0.54453125 0.64609375 0.13125 0.1390625
3 0.6484375 0.621875 0.1234375 0.1828125
3 0.75703125 0.6453125 0.2125 0.3046875
3 0.90390625 0.63671875 0.1609375 0.2625