1 0.0375 0.44375 0.06875 0.11875
1 0.1984375 0.4703125 0.0640625 0.11875
1 0.328125 0.44609375 0.0625 0.125
2 0.37578125 0.4390625 0.046875 0.0671875
2 0.55625 0.45 0.0453125 0.0828125
2 0.6328125 0.48359375 0.0390625 0.0828125
2 0.73046875 0.4921875 0.0375 0.0765625
2 0.69765625 0.5171875 0.0546875 0.109375
3 0.20625 0.5140625 0.13125 0.196875
3 0.3375 0.50703125 0.1609375 0.240625
3 0.3921875 0.48671875 0.0796875 0.15625
3 0.54609375 0.4984375 0.1015625 0.1765625
3 0.63125 0.52109375 0.0859375 0.14375
3 0.68203125 0.578125 0.15 0.228125
3 0.7390625 0.53828125 0.06875 0.159375
0 0.075 0.49375 0.15 0.20625