1 0.08203125 0.56796875 0.0375 0.06875
2 0.303125 0.540625 0.0390625 0.0890625
2 0.4875 0.49921875 0.0390625 0.071875
1 0.7453125 0.478125 0.04609375 0.09609375
2 0.82578125 0.44609375 0.04609375 0.1
3 0.07265625 0.6515625 0.1125 0.20546875
3 0.10625 0.6 0.08515625 0.13125
3 0.18515625 0.64765625 0.1328125 0.225
3 0.31015625 0.5734375 0.09453125 0.15390625
3 0.41640625 0.63828125 0.146875 0.2359375
3 0.49453125 0.5484375 0.07890625 0.16796875
3 0.678125 0.59765625 0.13671875 0.28984375
3 0.753125 0.51875 0.0875 0.1765625
3 0.84140625 0.50234375 0.10546875 0.19921875
3 0.93515625 0.553125 0.128125 0.30078125