1 0.21171875 0.5421875 0.0671875 0.096875
1 0.3296875 0.56796875 0.06875 0.10625
1 0.49453125 0.62890625 0.065625 0.0953125
1 0.59921875 0.64140625 0.0609375 0.096875
2 0.7203125 0.659375 0.0875 0.1296875
2 0.8390625 0.70078125 0.075 0.115625
0 0.0796875 0.6421875 0.159375 0.225
0 0.2078125 0.68203125 0.190625 0.2375
3 0.20390625 0.5734375 0.1328125 0.1609375
3 0.325 0.6015625 0.1265625 0.1703125
3 0.48203125 0.640625 0.1265625 0.1484375
3 0.59140625 0.671875 0.13125 0.1625
3 0.6828125 0.73828125 0.2375 0.30625
3 0.8234375 0.77265625 0.1703125 0.2625