2 0.09453125 0.63046875 0.075 0.12578125
2 0.2421875 0.590625 0.04609375 0.09296875
2 0.35078125 0.57421875 0.0375 0.08125
2 0.4859375 0.57421875 0.04609375 0.08125
2 0.60703125 0.5734375 0.03828125 0.08125
1 0.5109375 0.6984375 0.06171875 0.11875
2 0.70078125 0.60546875 0.05234375 0.10546875
1 0.840625 0.65703125 0.0546875 0.11484375
0 0.21796875 0.74609375 0.14921875 0.209375
3 0.10546875 0.70078125 0.13359375 0.26796875
3 0.24765625 0.62890625 0.09296875 0.15546875
3 0.34453125 0.62265625 0.09765625 0.175
3 0.48984375 0.61796875 0.09296875 0.16796875
0 0.53203125 0.740625 0.1375 0.209375
3 0.60625 0.61796875 0.10390625 0.175
3 0.709375 0.6859375 0.1296875 0.26953125
3 0.8546875 0.7125 0.134375 0.21953125