2 0.09765625 0.65390625 0.0953125 0.1484375
2 0.24765625 0.5890625 0.04375 0.08125
2 0.34375 0.57421875 0.0484375 0.0765625
2 0.49296875 0.56875 0.0484375 0.0796875
1 0.51953125 0.696875 0.0609375 0.1078125
2 0.60859375 0.565625 0.0515625 0.090625
2 0.70234375 0.5984375 0.0609375 0.0984375
1 0.85 0.64375 0.0671875 0.1203125
0 0.2265625 0.75859375 0.153125 0.2109375
3 0.1125 0.71328125 0.1421875 0.259375
3 0.2515625 0.63203125 0.0984375 0.171875
3 0.3484375 0.62890625 0.1015625 0.178125
3 0.49609375 0.61875 0.10625 0.16875
0 0.5390625 0.73671875 0.146875 0.2109375
3 0.61015625 0.6140625 0.109375 0.1828125
3 0.7125 0.6859375 0.1359375 0.265625
3 0.8609375 0.696875 0.1390625 0.2234375