1 0.0546875 0.58359375 0.0671875 0.1140625
1 0.165625 0.58828125 0.0640625 0.1171875
1 0.29140625 0.5421875 0.046875 0.0859375
1 0.37109375 0.5875 0.065625 0.1359375
1 0.47265625 0.5203125 0.0421875 0.0828125
1 0.67109375 0.54609375 0.0640625 0.146875
1 0.73828125 0.49296875 0.05 0.090625
1 0.83359375 0.47265625 0.0515625 0.10625
1 0.79296875 0.53984375 0.0765625 0.1484375
1 0.96484375 0.53046875 0.0703125 0.1515625
3 0.06484375 0.63125 0.1171875 0.2171875
3 0.1640625 0.6484375 0.159375 0.2328125
3 0.29609375 0.5703125 0.09375 0.153125
3 0.3859375 0.64765625 0.1671875 0.240625
3 0.48046875 0.56171875 0.096875 0.1609375
3 0.665625 0.615625 0.1515625 0.2796875
3 0.73671875 0.509375 0.0671875 0.134375
3 0.80703125 0.60703125 0.1703125 0.2859375
3 0.846875 0.5015625 0.0890625 0.1484375
3 0.94296875 0.59609375 0.1140625 0.2734375