1 0.0765625 0.5015625 0.0484375 0.0734375
2 0.29921875 0.509375 0.053125 0.09375
2 0.4875 0.49765625 0.05 0.0765625
1 0.74609375 0.51640625 0.0609375 0.1015625
2 0.83046875 0.49765625 0.0609375 0.10625
3 0.0625 0.58203125 0.125 0.2203125
3 0.0953125 0.5375 0.1046875 0.1421875
3 0.165625 0.596875 0.165625 0.24375
3 0.30078125 0.54296875 0.1171875 0.1671875
3 0.39609375 0.6234375 0.18125 0.25625
3 0.48671875 0.546875 0.1046875 0.178125
3 0.6609375 0.62421875 0.1796875 0.3078125
3 0.746875 0.5578125 0.1140625 0.1875
3 0.83671875 0.55546875 0.1359375 0.2125
3 0.9171875 0.61953125 0.165625 0.3171875