1 0.0390625 0.57421875 0.078125 0.1296875
1 0.20078125 0.54921875 0.0796875 0.128125
1 0.3203125 0.4953125 0.0828125 0.134375
2 0.36328125 0.47421875 0.05 0.0671875
2 0.54453125 0.4375 0.05 0.0796875
2 0.62890625 0.4453125 0.0453125 0.071875
2 0.71796875 0.4296875 0.0546875 0.084375
2 0.684375 0.45703125 0.06875 0.1125
0 0.0890625 0.60625 0.178125 0.221875
3 0.2203125 0.59609375 0.159375 0.2078125
3 0.3484375 0.5546875 0.2046875 0.26875
3 0.39140625 0.51796875 0.1046875 0.171875
3 0.54296875 0.484375 0.1296875 0.1859375
3 0.6328125 0.48359375 0.103125 0.1453125
3 0.690625 0.525 0.1734375 0.246875
3 0.73828125 0.47265625 0.096875 0.171875