1 0.15078125 0.65546875 0.04140625 0.0890625
1 0.39609375 0.61875 0.0421875 0.08125
1 0.56953125 0.65546875 0.03984375 0.07421875
1 0.69140625 0.68671875 0.06640625 0.13125
0 0.15078125 0.68125 0.10390625 0.11875
3 0.396875 0.66171875 0.0953125 0.15546875
3 0.68515625 0.7484375 0.15859375 0.24375
0 0.23359375 0.68125 0.10390625 0.11328125
0 0.31328125 0.69453125 0.08671875 0.0796875
0 0.5578125 0.68046875 0.1 0.11640625
0 0.7671875 0.66875 0.09609375 0.14609375
0 0.86328125 0.771875 0.15703125 0.19453125