1 0.14921875 0.63671875 0.05546875 0.10390625
1 0.23828125 0.66171875 0.04921875 0.09453125
1 0.3359375 0.63125 0.05 0.10390625
1 0.55390625 0.64375 0.05234375 0.1
1 0.55 0.734375 0.0421875 0.04453125
2 0.79765625 0.59296875 0.05 0.10390625
1 0.703125 0.69375 0.0703125 0.1609375
3 0.06875 0.68671875 0.0984375 0.1609375
3 0.14765625 0.6859375 0.13203125 0.19140625
3 0.24453125 0.69765625 0.10078125 0.16953125
3 0.34921875 0.68125 0.11953125 0.19453125
3 0.55390625 0.67734375 0.13046875 0.16953125
3 0.703125 0.7640625 0.17734375 0.29921875
3 0.78828125 0.64765625 0.09765625 0.2140625
3 0.8671875 0.734375 0.15859375 0.30546875