2 0.215625 0.71015625 0.0953125 0.1328125
1 0.35078125 0.63046875 0.059375 0.078125
1 0.3671875 0.70390625 0.0828125 0.1171875
2 0.41796875 0.6109375 0.065625 0.090625
2 0.58125 0.5359375 0.05625 0.0828125
1 0.68359375 0.54765625 0.0671875 0.1015625
1 0.80625 0.540625 0.0859375 0.1390625
1 0.94921875 0.53125 0.09375 0.1265625
3 0.24140625 0.76015625 0.1796875 0.2546875
3 0.38828125 0.74765625 0.178125 0.2234375
3 0.359375 0.62890625 0.0875 0.096875
3 0.44921875 0.65234375 0.1390625 0.1859375
3 0.57890625 0.59375 0.121875 0.1875
3 0.64765625 0.66875 0.175 0.24375
3 0.7 0.571875 0.1390625 0.184375
3 0.82265625 0.60390625 0.2 0.275
3 0.9390625 0.58359375 0.121875 0.2484375