1 0.23515625 0.61484375 0.0453125 0.0859375
1 0.3515625 0.6109375 0.046875 0.09375
1 0.52734375 0.61796875 0.046875 0.0765625
1 0.63046875 0.6140625 0.04375 0.08125
2 0.75703125 0.59296875 0.0625 0.1171875
2 0.88046875 0.609375 0.059375 0.1078125
3 0.2359375 0.6390625 0.090625 0.1328125
3 0.3578125 0.64765625 0.1 0.1609375
3 0.5234375 0.6375 0.11875 0.146875
3 0.62734375 0.6296875 0.1015625 0.153125
3 0.7375 0.678125 0.171875 0.275
3 0.88515625 0.68046875 0.1265625 0.25
0 0.11328125 0.7421875 0.165625 0.1890625
0 0.265625 0.75703125 0.15 0.2078125