1 0.15 0.65546875 0.0421875 0.07421875
1 0.39375 0.6203125 0.040625 0.08671875
1 0.56640625 0.6546875 0.04375 0.07578125
1 0.75703125 0.6125 0.04609375 0.09375
1 0.6890625 0.69375 0.0625 0.1390625
0 0.1484375 0.68203125 0.09921875 0.125
3 0.39921875 0.6578125 0.08828125 0.165625
3 0.68515625 0.74296875 0.16328125 0.24609375
3 0.76015625 0.64375 0.09296875 0.16171875
0 0.22890625 0.68359375 0.103125 0.1234375
0 0.31015625 0.6921875 0.08984375 0.103125
0 0.56015625 0.68046875 0.10390625 0.12109375
0 0.86640625 0.778125 0.15703125 0.18671875