1 0.153125 0.65546875 0.0421875 0.08125
1 0.2171875 0.628125 0.04140625 0.09296875
1 0.39453125 0.62578125 0.04453125 0.08125
2 0.57265625 0.62890625 0.04140625 0.0796875
1 0.76640625 0.615625 0.04296875 0.090625
2 0.85078125 0.67421875 0.06484375 0.13125
0 0.15234375 0.678125 0.0984375 0.12578125
3 0.2328125 0.66328125 0.090625 0.15390625
3 0.31015625 0.6625 0.07890625 0.153125
3 0.39453125 0.66640625 0.09453125 0.1453125
3 0.57109375 0.71171875 0.08203125 0.24296875
3 0.68203125 0.709375 0.10859375 0.2640625
3 0.765625 0.64921875 0.0984375 0.15859375
3 0.859375 0.73046875 0.1390625 0.23828125