1 0.0359375 0.57109375 0.071875 0.1171875
2 0.1375 0.56171875 0.0671875 0.109375
1 0.25390625 0.56328125 0.0515625 0.09375
1 0.3546875 0.59609375 0.071875 0.1140625
1 0.44296875 0.54921875 0.04375 0.0703125
1 0.609375 0.53828125 0.0390625 0.0609375
1 0.70234375 0.53203125 0.05 0.0859375
1 0.78828125 0.51875 0.0484375 0.0703125
1 0.6390625 0.5578125 0.0640625 0.1234375
1 0.76171875 0.60703125 0.0796875 0.1359375
1 0.909375 0.5875 0.08125 0.1359375
3 0.05 0.6375 0.1 0.24375
3 0.1390625 0.625 0.1453125 0.2234375
3 0.26640625 0.5828125 0.1234375 0.1421875
3 0.3640625 0.65390625 0.1859375 0.2359375
3 0.4515625 0.5890625 0.109375 0.1453125
3 0.6015625 0.57265625 0.0640625 0.1359375
3 0.62890625 0.63125 0.15 0.2625
3 0.696875 0.56796875 0.08125 0.1640625
3 0.753125 0.6515625 0.1625 0.2265625
3 0.78984375 0.53515625 0.0984375 0.11875
3 0.9015625 0.64921875 0.178125 0.253125