1 0.15078125 0.65546875 0.04296875 0.08125
1 0.21484375 0.62421875 0.040625 0.08203125
1 0.3953125 0.62421875 0.04375 0.08125
2 0.56875 0.5984375 0.03359375 0.06953125
1 0.7625 0.609375 0.0453125 0.09453125
2 0.8296875 0.62421875 0.059375 0.11875
0 0.15 0.678125 0.0921875 0.12578125
3 0.22890625 0.66171875 0.096875 0.15703125
3 0.3078125 0.665625 0.07890625 0.15546875
3 0.39375 0.66171875 0.09765625 0.1453125
3 0.5640625 0.64609375 0.08984375 0.16953125
3 0.671875 0.7125 0.12421875 0.25625
3 0.7609375 0.64296875 0.090625 0.1546875
3 0.82734375 0.70546875 0.18203125 0.26796875