1 0.12421875 0.57265625 0.0578125 0.08125
1 0.36953125 0.59296875 0.059375 0.09375
1 0.5296875 0.665625 0.059375 0.084375
1 0.725 0.6671875 0.065625 0.1015625
1 0.640625 0.73125 0.0921875 0.15
0 0.11640625 0.5984375 0.125 0.14375
3 0.36640625 0.63125 0.1234375 0.18125
3 0.62578125 0.778125 0.2140625 0.2765625
3 0.72109375 0.6984375 0.1265625 0.178125
0 0.19453125 0.61796875 0.128125 0.14375
0 0.271875 0.64453125 0.1109375 0.1203125
0 0.51796875 0.6890625 0.128125 0.140625
0 0.79453125 0.853125 0.1953125 0.2171875