2 0.2171875 0.58046875 0.05703125 0.10546875
1 0.27890625 0.57421875 0.04609375 0.08125
2 0.33359375 0.56875 0.0578125 0.11875
1 0.40234375 0.56171875 0.0453125 0.090625
1 0.56640625 0.58125 0.0375 0.078125
1 0.60078125 0.61796875 0.05625 0.12421875
1 0.72578125 0.58984375 0.059375 0.12421875
1 0.771875 0.56875 0.05 0.10390625
2 0.86171875 0.60625 0.0640625 0.1203125
0 0.559375 0.609375 0.0890625 0.13359375
0 0.409375 0.5984375 0.0828125 0.15546875
0 0.77265625 0.6078125 0.06015625 0.146875
0 0.284375 0.60390625 0.06171875 0.1390625
3 0.2125 0.646875 0.1234375 0.22890625
3 0.33828125 0.646875 0.125 0.25625
3 0.59453125 0.675 0.13828125 0.24296875
3 0.7296875 0.65703125 0.13671875 0.25625
3 0.8578125 0.671875 0.13203125 0.2453125