1 0.15625 0.6671875 0.0421875 0.075
1 0.22421875 0.6328125 0.046875 0.0859375
1 0.396875 0.63046875 0.04375 0.08125
1 0.5765625 0.62421875 0.040625 0.0734375
1 0.7703125 0.60546875 0.046875 0.090625
2 0.85625 0.65625 0.0625 0.1296875
0 0.15859375 0.69296875 0.0953125 0.128125
3 0.2390625 0.671875 0.09375 0.1578125
3 0.31796875 0.66484375 0.084375 0.15625
3 0.40234375 0.66875 0.103125 0.1515625
3 0.578125 0.7046875 0.0921875 0.2390625
3 0.6859375 0.7015625 0.1171875 0.2671875
3 0.7703125 0.64375 0.103125 0.1640625
3 0.8671875 0.71796875 0.1453125 0.2484375