1 0.1484375 0.646875 0.0421875 0.0796875
1 0.21875 0.6234375 0.046875 0.09375
1 0.38984375 0.621875 0.0421875 0.084375
2 0.5703125 0.625 0.0421875 0.0796875
1 0.76171875 0.61171875 0.0453125 0.0875
2 0.84765625 0.675 0.0640625 0.1265625
0 0.15078125 0.675 0.0984375 0.121875
3 0.22578125 0.65390625 0.103125 0.1546875
3 0.30703125 0.65546875 0.084375 0.153125
3 0.39140625 0.659375 0.1 0.153125
3 0.565625 0.7078125 0.0859375 0.2390625
3 0.67578125 0.70703125 0.115625 0.259375
3 0.7609375 0.6546875 0.096875 0.159375
3 0.85625 0.73671875 0.146875 0.2375