2 0.24453125 0.59765625 0.0453125 0.065625
2 0.25 0.66875 0.0671875 0.1234375
2 0.3546875 0.590625 0.04375 0.084375
2 0.49140625 0.575 0.046875 0.0828125
1 0.5390625 0.6875 0.059375 0.1171875
2 0.609375 0.565625 0.0515625 0.096875
2 0.7078125 0.59140625 0.0609375 0.1078125
1 0.84921875 0.6546875 0.06875 0.1140625
0 0.12265625 0.76640625 0.1625 0.2203125
3 0.24921875 0.73515625 0.1609375 0.240625
3 0.25546875 0.6203125 0.0890625 0.1203125
3 0.35078125 0.63671875 0.1015625 0.1703125
3 0.4921875 0.61796875 0.11875 0.175
3 0.5484375 0.728125 0.159375 0.21875
3 0.6078125 0.6109375 0.0953125 0.1859375
3 0.725 0.68046875 0.15 0.28125
3 0.86953125 0.69609375 0.14375 0.209375