2 0.23125 0.55234375 0.05625 0.075
2 0.22734375 0.62734375 0.0703125 0.1265625
2 0.3390625 0.56328125 0.05 0.078125
2 0.47734375 0.571875 0.05625 0.084375
1 0.50625 0.696875 0.071875 0.13125
2 0.59296875 0.57890625 0.05 0.096875
2 0.69296875 0.621875 0.06875 0.1125
1 0.82109375 0.7125 0.071875 0.1171875
3 0.21171875 0.68984375 0.16875 0.2359375
3 0.23359375 0.565625 0.0859375 0.10625
3 0.33046875 0.6109375 0.1078125 0.1734375
3 0.47265625 0.615625 0.1171875 0.16875
3 0.509375 0.73125 0.165625 0.2265625
3 0.58984375 0.62890625 0.10625 0.184375
3 0.68828125 0.71171875 0.15625 0.28125
3 0.82890625 0.7546875 0.15 0.2125
0 0.08359375 0.6875 0.165625 0.2203125