1 0.23515625 0.61328125 0.053125 0.0828125
1 0.3546875 0.60546875 0.0515625 0.096875
1 0.5265625 0.6234375 0.0421875 0.0828125
1 0.62890625 0.6140625 0.0484375 0.0828125
2 0.75625 0.59453125 0.059375 0.1078125
2 0.88125 0.60625 0.0640625 0.1109375
3 0.23984375 0.640625 0.1171875 0.14375
3 0.359375 0.6390625 0.1 0.1703125
3 0.5203125 0.63984375 0.1 0.140625
3 0.62578125 0.6390625 0.103125 0.121875
3 0.73671875 0.6765625 0.1765625 0.275
3 0.88515625 0.68984375 0.128125 0.259375
0 0.11328125 0.7453125 0.1578125 0.18125
0 0.26640625 0.75546875 0.1515625 0.2046875