1 0.10546875 0.44375 0.0921875 0.1265625
1 0.24453125 0.46796875 0.084375 0.121875
1 0.675 0.578125 0.0609375 0.09375
1 0.775 0.6140625 0.0671875 0.1015625
2 0.71484375 0.621875 0.084375 0.121875
0 0.13203125 0.478125 0.1671875 0.1953125
3 0.240625 0.51875 0.1640625 0.2140625
3 0.37421875 0.5390625 0.2109375 0.2875
3 0.43828125 0.515625 0.1 0.1703125
3 0.57734375 0.56171875 0.1359375 0.184375
3 0.66484375 0.60546875 0.1078125 0.1453125
3 0.69296875 0.68359375 0.1828125 0.2546875
3 0.7703125 0.65 0.0953125 0.1546875