1 0.11953125 0.53359375 0.06171875 0.1109375
1 0.25625 0.5265625 0.0578125 0.11328125
2 0.38828125 0.49375 0.05859375 0.10546875
2 0.43203125 0.49296875 0.0375 0.08125
2 0.60390625 0.49296875 0.03984375 0.08125
2 0.66953125 0.50625 0.0375 0.07578125
2 0.7921875 0.5234375 0.04296875 0.08125
1 0.7359375 0.58125 0.0625 0.11484375
3 0.26171875 0.57734375 0.11484375 0.2046875
3 0.38515625 0.571875 0.15859375 0.25
3 0.44609375 0.53671875 0.06875 0.15625
3 0.5859375 0.540625 0.09453125 0.171875
3 0.67265625 0.553125 0.08515625 0.15625
3 0.79375 0.56953125 0.08046875 0.15859375
3 0.72734375 0.6375 0.134375 0.21171875
0 0.140625 0.571875 0.115625 0.1734375