1 0.12421875 0.52578125 0.0671875 0.121875
1 0.25625 0.5390625 0.0609375 0.1109375
2 0.425 0.48671875 0.04375 0.08125
2 0.61640625 0.484375 0.046875 0.078125
2 0.7828125 0.4953125 0.040625 0.0703125
2 0.75859375 0.534375 0.0578125 0.1078125
3 0.1484375 0.56796875 0.13125 0.1859375
3 0.26796875 0.58046875 0.1234375 0.1859375
3 0.39921875 0.55625 0.15 0.25
3 0.44765625 0.5296875 0.0734375 0.1609375
3 0.5984375 0.52890625 0.109375 0.16875
3 0.6921875 0.53984375 0.0875 0.146875
3 0.74375 0.603125 0.1484375 0.234375
3 0.7984375 0.54609375 0.0734375 0.1734375