2 0.21328125 0.646875 0.0875 0.121875
1 0.3046875 0.6109375 0.0546875 0.0859375
2 0.35390625 0.59453125 0.0734375 0.1171875
2 0.4140625 0.54765625 0.0609375 0.09375
1 0.5796875 0.56796875 0.0453125 0.071875
1 0.61796875 0.58984375 0.0703125 0.1328125
1 0.7734375 0.5171875 0.0515625 0.0671875
2 0.8140625 0.5140625 0.0734375 0.115625
1 0.971875 0.55625 0.05625 0.134375
0 0.575 0.59453125 0.103125 0.1484375
0 0.7625 0.56640625 0.109375 0.15625
3 0.21875 0.703125 0.1671875 0.2453125
3 0.31171875 0.6390625 0.084375 0.134375
3 0.36796875 0.6671875 0.1703125 0.271875
3 0.43046875 0.6 0.109375 0.1875
3 0.62421875 0.65078125 0.1765625 0.2578125
3 0.821875 0.60234375 0.1921875 0.3
3 0.94609375 0.61171875 0.1078125 0.2359375