2 0.24140625 0.61875 0.0484375 0.0890625
1 0.3578125 0.603125 0.05625 0.096875
1 0.53046875 0.621875 0.0453125 0.0828125
1 0.63984375 0.60546875 0.05 0.0921875
1 0.76015625 0.57578125 0.065625 0.1125
2 0.8765625 0.59296875 0.0625 0.1046875
3 0.23203125 0.646875 0.1 0.1546875
3 0.36328125 0.64140625 0.109375 0.175
3 0.525 0.64140625 0.115625 0.1515625
3 0.63515625 0.634375 0.1125 0.1515625
3 0.7484375 0.66875 0.2 0.28125
3 0.89140625 0.671875 0.1484375 0.278125
0 0.12578125 0.7578125 0.178125 0.2140625
0 0.27890625 0.7625 0.1578125 0.215625