2 0.19921875 0.60625 0.0734375 0.1140625
1 0.2953125 0.5890625 0.046875 0.090625
2 0.3421875 0.57734375 0.0625 0.1140625
2 0.40234375 0.53984375 0.0484375 0.0890625
1 0.5703125 0.575 0.04375 0.0734375
1 0.609375 0.6 0.0625 0.121875
1 0.765625 0.5546875 0.0484375 0.0765625
2 0.8078125 0.5515625 0.0640625 0.1125
1 0.97265625 0.61171875 0.0546875 0.1359375
0 0.5625 0.60546875 0.090625 0.1359375
0 0.75234375 0.59296875 0.0953125 0.140625
3 0.296875 0.6109375 0.0734375 0.13125
3 0.4171875 0.59140625 0.09375 0.1875
3 0.19609375 0.66796875 0.1375 0.2328125
3 0.3484375 0.64921875 0.14375 0.25625
3 0.60234375 0.6640625 0.15 0.2515625
3 0.8046875 0.640625 0.1546875 0.2890625
3 0.9453125 0.66640625 0.109375 0.2296875