1 0.05390625 0.5890625 0.05078125 0.078125
1 0.07890625 0.65078125 0.05859375 0.11328125
1 0.14296875 0.61796875 0.05546875 0.11875
1 0.27890625 0.57265625 0.05390625 0.08046875
1 0.36953125 0.60859375 0.05546875 0.12578125
1 0.625 0.5203125 0.0390625 0.06484375
1 0.696875 0.50859375 0.040625 0.0890625
1 0.65859375 0.559375 0.0453125 0.11953125
1 0.915625 0.53046875 0.0640625 0.121875
3 0.06640625 0.6859375 0.13203125 0.1953125
3 0.178125 0.6703125 0.12265625 0.21484375
3 0.2875 0.60625 0.10078125 0.1359375
3 0.37890625 0.66328125 0.14921875 0.2046875
3 0.46171875 0.5875 0.09296875 0.14140625
3 0.61484375 0.56015625 0.0484375 0.1296875
3 0.64375 0.61796875 0.10859375 0.23125
3 0.70390625 0.534375 0.04140625 0.13046875
3 0.76640625 0.6171875 0.15078125 0.2359375
3 0.79140625 0.53046875 0.08828125 0.1515625
3 0.91484375 0.5984375 0.1546875 0.2390625