2 0.23125 0.59921875 0.0453125 0.08125
1 0.3484375 0.59609375 0.04765625 0.09375
1 0.52421875 0.61953125 0.0484375 0.07578125
1 0.63203125 0.61640625 0.04765625 0.08515625
2 0.75390625 0.603125 0.059375 0.1203125
2 0.87890625 0.62109375 0.06015625 0.10625
3 0.228125 0.6296875 0.0953125 0.13359375
3 0.353125 0.63046875 0.0953125 0.15859375
3 0.52421875 0.64921875 0.1171875 0.13125
3 0.621875 0.6390625 0.09609375 0.134375
3 0.73203125 0.68359375 0.17421875 0.2734375
3 0.88828125 0.7046875 0.12421875 0.25
0 0.10703125 0.7375 0.16640625 0.18046875
0 0.26171875 0.73125 0.140625 0.20546875