1 0.25859375 0.62578125 0.059375 0.09375
1 0.41875 0.61484375 0.059375 0.0875
1 0.5890625 0.584375 0.053125 0.0984375
1 0.68515625 0.55390625 0.0671875 0.1125
1 0.8015625 0.5421875 0.0609375 0.103125
1 0.8984375 0.5875 0.0953125 0.1578125
3 0.1796875 0.696875 0.13125 0.1609375
3 0.2671875 0.6734375 0.128125 0.178125
3 0.35234375 0.67109375 0.0890625 0.140625
3 0.4234375 0.65703125 0.1234375 0.16875
3 0.5953125 0.62578125 0.134375 0.1671875
3 0.69453125 0.6 0.1265625 0.19375
3 0.8015625 0.57890625 0.13125 0.1765625
3 0.88984375 0.65703125 0.2203125 0.2859375