1 0.05546875 0.578125 0.06875 0.11875
1 0.1578125 0.58359375 0.075 0.11875
1 0.2890625 0.53984375 0.0515625 0.0890625
1 0.378125 0.56953125 0.0734375 0.140625
1 0.459375 0.5125 0.0578125 0.0921875
1 0.66953125 0.5390625 0.0625 0.1390625
1 0.7390625 0.49140625 0.0484375 0.0859375
1 0.828125 0.4609375 0.0546875 0.084375
1 0.8109375 0.55078125 0.078125 0.1484375
1 0.9671875 0.53515625 0.065625 0.146875
3 0.0734375 0.634375 0.1234375 0.215625
3 0.171875 0.64453125 0.16875 0.2234375
3 0.29609375 0.575 0.103125 0.1484375
3 0.39296875 0.6234375 0.1578125 0.2375
3 0.47421875 0.5546875 0.103125 0.1640625
3 0.665625 0.61171875 0.1515625 0.2859375
3 0.734375 0.53359375 0.0828125 0.16875
3 0.84140625 0.5203125 0.096875 0.1828125
3 0.8078125 0.61796875 0.16875 0.28125
3 0.93984375 0.60859375 0.1203125 0.2734375