1 0.08125 0.7046875 0.0578125 0.0796875
1 0.12578125 0.72734375 0.0734375 0.115625
1 0.1765625 0.70390625 0.078125 0.1203125
1 0.28671875 0.640625 0.0640625 0.096875
1 0.4015625 0.63984375 0.084375 0.1375
1 0.4703125 0.55859375 0.0515625 0.0859375
1 0.62265625 0.4984375 0.053125 0.08125
1 0.69375 0.46171875 0.0578125 0.0921875
1 0.67265625 0.5234375 0.0734375 0.1265625
1 0.909375 0.43515625 0.0890625 0.128125
3 0.0796875 0.73359375 0.0796875 0.1328125
3 0.1234375 0.78203125 0.171875 0.2234375
3 0.221875 0.75 0.171875 0.234375
3 0.30703125 0.66328125 0.1375 0.15
3 0.421875 0.68671875 0.19375 0.2359375
3 0.48671875 0.59296875 0.115625 0.1578125
3 0.6265625 0.534375 0.0765625 0.140625
3 0.66796875 0.58203125 0.1578125 0.246875
3 0.7046875 0.49375 0.08125 0.14375
3 0.790625 0.553125 0.19375 0.2515625
3 0.79375 0.46640625 0.115625 0.1640625
3 0.9125 0.50078125 0.175 0.2671875