1 0.2359375 0.58125 0.046875 0.0859375
1 0.39453125 0.60078125 0.05 0.0953125
1 0.56953125 0.60078125 0.040625 0.09375
1 0.67109375 0.58828125 0.0515625 0.103125
1 0.7890625 0.6046875 0.053125 0.1015625
1 0.87265625 0.6703125 0.0828125 0.146875
3 0.1484375 0.63125 0.1125 0.1546875
3 0.2328125 0.6203125 0.1140625 0.1796875
3 0.31953125 0.63671875 0.0765625 0.13125
3 0.3921875 0.634375 0.1046875 0.1625
3 0.5671875 0.64375 0.1140625 0.15625
3 0.66796875 0.63671875 0.10625 0.1828125
3 0.77578125 0.63984375 0.1140625 0.1625
3 0.859375 0.73828125 0.203125 0.2625