1 0.06015625 0.60546875 0.0625 0.11484375
1 0.17890625 0.5796875 0.0625 0.11484375
1 0.2984375 0.54453125 0.04296875 0.09296875
2 0.403125 0.55546875 0.053125 0.1203125
1 0.46484375 0.51171875 0.0453125 0.090625
1 0.6625 0.540625 0.0578125 0.13359375
2 0.73203125 0.46875 0.04140625 0.0890625
1 0.78046875 0.50546875 0.0609375 0.140625
1 0.82890625 0.46015625 0.04765625 0.09453125
1 0.9640625 0.50703125 0.06640625 0.1296875
3 0.08671875 0.65859375 0.115625 0.21171875
3 0.196875 0.64375 0.115625 0.234375
3 0.3 0.58046875 0.0984375 0.1515625
3 0.4125 0.62578125 0.13046875 0.24921875
3 0.48046875 0.54921875 0.09765625 0.16328125
3 0.66953125 0.60390625 0.13671875 0.26640625
3 0.7296875 0.51953125 0.06953125 0.19453125
3 0.80703125 0.58671875 0.15546875 0.2890625
3 0.84453125 0.50546875 0.0875 0.18515625
3 0.94453125 0.58515625 0.109375 0.2796875