1 0.2140625 0.5359375 0.06875 0.0984375
1 0.32734375 0.565625 0.06875 0.1046875
1 0.49296875 0.6265625 0.0640625 0.0890625
1 0.59609375 0.646875 0.0703125 0.0984375
2 0.72421875 0.66484375 0.0890625 0.1296875
2 0.834375 0.715625 0.0828125 0.125
3 0.21171875 0.5625 0.1375 0.153125
3 0.3234375 0.5953125 0.13125 0.1828125
3 0.484375 0.640625 0.1375 0.14375
3 0.58828125 0.6796875 0.140625 0.153125
3 0.678125 0.73359375 0.234375 0.3046875
3 0.81796875 0.78671875 0.1765625 0.2703125
0 0.08515625 0.6328125 0.1703125 0.2125
0 0.2046875 0.67734375 0.190625 0.234375