2 0.13984375 0.53125 0.0671875 0.09375
1 0.25546875 0.553125 0.065625 0.1125
2 0.37890625 0.51015625 0.0734375 0.1109375
1 0.4296875 0.509375 0.046875 0.0859375
2 0.6015625 0.475 0.053125 0.0796875
2 0.69375 0.48203125 0.046875 0.078125
2 0.7828125 0.48125 0.0484375 0.084375
1 0.75 0.540625 0.0734375 0.1234375
3 0.15703125 0.60234375 0.14375 0.2296875
3 0.27890625 0.61015625 0.1390625 0.2125
3 0.39296875 0.578125 0.1875 0.2546875
3 0.44765625 0.54296875 0.084375 0.15625
3 0.5984375 0.528125 0.121875 0.1828125
3 0.69609375 0.52890625 0.1078125 0.15625
3 0.746875 0.5984375 0.1640625 0.240625
3 0.79921875 0.52421875 0.0828125 0.1671875