1 0.26640625 0.6671875 0.0625 0.096875
1 0.378125 0.63828125 0.0671875 0.103125
1 0.5515625 0.609375 0.0640625 0.0921875
1 0.65234375 0.584375 0.0640625 0.0890625
2 0.7703125 0.53515625 0.0859375 0.1296875
2 0.89375 0.52421875 0.08125 0.1171875
0 0.1703125 0.82265625 0.190625 0.2171875
0 0.3203125 0.796875 0.1953125 0.2390625
3 0.2671875 0.69140625 0.1203125 0.15
3 0.3890625 0.665625 0.128125 0.1828125
3 0.55078125 0.6359375 0.1296875 0.140625
3 0.659375 0.609375 0.1328125 0.15
3 0.77421875 0.62265625 0.2390625 0.3046875
3 0.91171875 0.596875 0.1734375 0.2671875