2 0.18125 0.51640625 0.0859375 0.115625
1 0.27734375 0.5171875 0.0578125 0.0859375
2 0.32890625 0.5296875 0.0828125 0.125
2 0.39609375 0.50703125 0.0625 0.0921875
1 0.54609375 0.59453125 0.053125 0.0734375
1 0.56640625 0.63828125 0.084375 0.140625
2 0.72578125 0.63203125 0.0828125 0.10625
1 0.9265625 0.740625 0.0796875 0.14375
3 0.16328125 0.56953125 0.184375 0.25
3 0.30859375 0.6015625 0.184375 0.2734375
3 0.39375 0.56484375 0.1234375 0.1953125
3 0.55078125 0.690625 0.1921875 0.2625
3 0.68984375 0.709375 0.203125 0.296875
3 0.88671875 0.79296875 0.15625 0.2421875
0 0.52734375 0.61640625 0.1078125 0.1484375
3 0.27578125 0.546875 0.096875 0.140625