1 0.128125 0.59609375 0.084375 0.11875
1 0.26015625 0.5734375 0.0765625 0.1234375
2 0.38203125 0.521875 0.078125 0.121875
2 0.43515625 0.50546875 0.05 0.084375
2 0.59453125 0.4734375 0.053125 0.090625
2 0.7109375 0.48203125 0.05 0.0828125
2 0.7875 0.46875 0.05625 0.084375
1 0.74921875 0.5390625 0.075 0.125
3 0.1578125 0.6328125 0.1484375 0.2
3 0.27734375 0.61796875 0.1515625 0.221875
3 0.40078125 0.58984375 0.196875 0.275
3 0.4515625 0.54609375 0.09375 0.1625
3 0.59765625 0.5265625 0.121875 0.190625
3 0.69609375 0.521875 0.1171875 0.1578125
3 0.74765625 0.59453125 0.16875 0.2359375
3 0.80078125 0.515625 0.0953125 0.1796875