2 0.13515625 0.4796875 0.06015625 0.1
2 0.25703125 0.50546875 0.05859375 0.1109375
2 0.38515625 0.48359375 0.05625 0.09609375
2 0.4390625 0.48984375 0.0375 0.071875
0 0.60078125 0.5765625 0.10859375 0.13125
0 0.7046875 0.58203125 0.10078125 0.115625
0 0.8171875 0.6109375 0.10234375 0.11171875
0 0.74453125 0.66484375 0.16484375 0.18515625
3 0.134375 0.54296875 0.14765625 0.221875
3 0.25 0.5640625 0.12578125 0.21875
3 0.38359375 0.56640625 0.12421875 0.25390625
3 0.4484375 0.534375 0.06796875 0.14609375