2 0.134375 0.47265625 0.0578125 0.10625
2 0.2546875 0.50078125 0.059375 0.10625
2 0.38203125 0.490625 0.05546875 0.11484375
2 0.4390625 0.49140625 0.04140625 0.08359375
0 0.60078125 0.57109375 0.10234375 0.134375
0 0.6984375 0.58046875 0.09609375 0.1203125
0 0.815625 0.61171875 0.10390625 0.10625
0 0.74375 0.66328125 0.1625 0.18125
3 0.13671875 0.54140625 0.1375 0.23828125
3 0.25234375 0.565625 0.12734375 0.2234375
3 0.38671875 0.56875 0.11796875 0.25859375
3 0.44921875 0.53359375 0.06640625 0.15078125