1 0.0515625 0.37265625 0.0859375 0.13125
1 0.20703125 0.41796875 0.08125 0.1265625
2 0.34296875 0.40703125 0.0765625 0.11875
2 0.3875 0.41875 0.0484375 0.0703125
2 0.6578125 0.515625 0.053125 0.08125
2 0.6921875 0.55 0.0765625 0.109375
3 0.20625 0.46875 0.1578125 0.2109375
3 0.3359375 0.47890625 0.20625 0.278125
3 0.39453125 0.46875 0.1015625 0.1640625
3 0.54609375 0.50859375 0.128125 0.1859375
3 0.63203125 0.546875 0.1125 0.1453125
3 0.6671875 0.60703125 0.1765625 0.2359375
3 0.7296875 0.578125 0.0875 0.1578125
0 0.084375 0.421875 0.16875 0.221875