1 0.15078125 0.65546875 0.03984375 0.078125
1 0.39453125 0.61953125 0.04140625 0.08671875
1 0.56953125 0.653125 0.04609375 0.071875
1 0.69140625 0.68671875 0.06328125 0.13125
0 0.23125 0.68046875 0.10390625 0.11640625
0 0.3140625 0.69453125 0.08515625 0.0859375
0 0.56015625 0.6828125 0.103125 0.11953125
0 0.76953125 0.66796875 0.096875 0.14921875
0 0.865625 0.7796875 0.15625 0.19296875
0 0.15078125 0.678125 0.09765625 0.13046875
3 0.39453125 0.6578125 0.10078125 0.1640625
3 0.68515625 0.75390625 0.1625 0.25703125