1 0.09453125 0.69921875 0.0875 0.128125
1 0.196875 0.68359375 0.0921875 0.13125
1 0.30859375 0.596875 0.0578125 0.08125
1 0.396875 0.61171875 0.0921875 0.1421875
1 0.47734375 0.52421875 0.065625 0.0890625
1 0.67734375 0.48671875 0.084375 0.14375
1 0.7296875 0.4375 0.06875 0.1078125
1 0.809375 0.37109375 0.0625 0.0921875
1 0.82265625 0.45859375 0.103125 0.1453125
1 0.959375 0.40390625 0.08125 0.1390625
3 0.125 0.74609375 0.1578125 0.2296875
3 0.2203125 0.734375 0.196875 0.2421875
3 0.32578125 0.62734375 0.1265625 0.15
3 0.4328125 0.6640625 0.203125 0.2640625
3 0.49921875 0.55703125 0.1296875 0.178125
3 0.69296875 0.56171875 0.1984375 0.303125
3 0.7390625 0.43828125 0.0921875 0.140625
3 0.8421875 0.5296875 0.1984375 0.2859375
3 0.809375 0.3625 0.08125 0.10625
3 0.934375 0.46875 0.13125 0.2875