1 0.05625 0.60546875 0.0609375 0.1109375
1 0.078125 0.55546875 0.0390625 0.0609375
1 0.17265625 0.5984375 0.05390625 0.11875
1 0.29453125 0.54453125 0.03828125 0.0890625
1 0.3796875 0.59375 0.06640625 0.1296875
1 0.4734375 0.51875 0.04375 0.0890625
1 0.66484375 0.51640625 0.0546875 0.12578125
1 0.7359375 0.47890625 0.04609375 0.09453125
1 0.80390625 0.51875 0.07109375 0.14296875
1 0.834375 0.44609375 0.0421875 0.08046875
1 0.96875 0.50546875 0.06171875 0.12578125
3 0.06953125 0.65625 0.09921875 0.196875
3 0.08515625 0.59453125 0.09296875 0.14375
3 0.1734375 0.66171875 0.14453125 0.240625
3 0.3 0.58203125 0.0953125 0.14453125
3 0.396875 0.65078125 0.15234375 0.2234375
3 0.48359375 0.5609375 0.09765625 0.1640625
3 0.671875 0.5984375 0.13359375 0.28984375
3 0.7359375 0.50546875 0.06015625 0.153125
3 0.81328125 0.590625 0.15390625 0.29296875
3 0.84140625 0.49375 0.10078125 0.165625
3 0.9484375 0.571875 0.103125 0.25625