1 0.215625 0.54140625 0.0640625 0.0921875
1 0.32890625 0.5671875 0.06875 0.0984375
1 0.4984375 0.621875 0.059375 0.0890625
1 0.6015625 0.63203125 0.0609375 0.1
2 0.7265625 0.6484375 0.0828125 0.125
2 0.83671875 0.69921875 0.078125 0.1140625
0 0.07890625 0.6421875 0.1578125 0.2125
0 0.2078125 0.6828125 0.1921875 0.234375
3 0.21015625 0.5796875 0.1390625 0.1796875
3 0.328125 0.603125 0.125 0.1796875
3 0.4859375 0.6453125 0.140625 0.15625
3 0.58828125 0.66640625 0.1421875 0.1703125
3 0.6828125 0.734375 0.225 0.3140625
3 0.821875 0.775 0.1765625 0.275