2 0.2046875 0.64140625 0.0828125 0.115625
1 0.30234375 0.61015625 0.0484375 0.0859375
2 0.34765625 0.5984375 0.071875 0.121875
1 0.4109375 0.578125 0.0609375 0.096875
2 0.5828125 0.5453125 0.0515625 0.0890625
1 0.61796875 0.6 0.0765625 0.1328125
1 0.73046875 0.5390625 0.071875 0.1375
1 0.76953125 0.51796875 0.0546875 0.084375
0 0.303125 0.6375 0.0921875 0.1390625
0 0.4296875 0.6125 0.1125 0.175
3 0.57578125 0.58515625 0.1015625 0.1578125
3 0.77890625 0.534375 0.075 0.1140625
3 0.2171875 0.70078125 0.1765625 0.24375
3 0.36015625 0.66875 0.1640625 0.271875
3 0.6234375 0.66015625 0.18125 0.26875
3 0.75 0.61171875 0.1796875 0.2875
3 0.88046875 0.61640625 0.178125 0.246875