2 0.22734375 0.51796875 0.05625 0.0796875
2 0.2109375 0.59140625 0.090625 0.1375
2 0.33046875 0.54375 0.0609375 0.0890625
2 0.46953125 0.5640625 0.0625 0.096875
1 0.4828125 0.68828125 0.0921875 0.13125
2 0.58359375 0.5875 0.0625 0.096875
2 0.67265625 0.6484375 0.078125 0.1140625
1 0.78984375 0.75 0.075 0.11875
0 0.07890625 0.63984375 0.1578125 0.2453125
3 0.1890625 0.653125 0.1890625 0.2609375
3 0.23125 0.53203125 0.0953125 0.1140625
3 0.3203125 0.5875 0.1203125 0.1765625
3 0.46171875 0.6109375 0.1375 0.1796875
3 0.47890625 0.7375 0.1890625 0.2390625
3 0.57734375 0.63828125 0.1296875 0.2015625
3 0.6609375 0.73203125 0.1859375 0.2875
3 0.7953125 0.79375 0.16875 0.225