2 0.20546875 0.65234375 0.0828125 0.1265625
1 0.29609375 0.61328125 0.05 0.0859375
2 0.34140625 0.6125 0.0828125 0.1203125
1 0.41640625 0.57265625 0.0578125 0.0984375
1 0.58359375 0.55859375 0.046875 0.0859375
2 0.61640625 0.56953125 0.0734375 0.115625
2 0.8875 0.5421875 0.09375 0.1359375
3 0.2125 0.70859375 0.175 0.253125
3 0.34921875 0.68671875 0.18125 0.278125
3 0.62421875 0.653125 0.184375 0.2859375
3 0.77578125 0.6046875 0.18125 0.3015625
3 0.9 0.603125 0.1671875 0.25
3 0.29296875 0.6390625 0.0875 0.1328125
0 0.42734375 0.6140625 0.1171875 0.1828125
0 0.57421875 0.59296875 0.0953125 0.1515625