2 0.0796875 0.65859375 0.071875 0.11875
2 0.19375 0.61953125 0.0734375 0.121875
2 0.303125 0.56875 0.0515625 0.0859375
2 0.47890625 0.52265625 0.053125 0.0875
2 0.3984375 0.5921875 0.0765625 0.128125
2 0.62890625 0.46953125 0.0453125 0.065625
2 0.703125 0.415625 0.05 0.0859375
1 0.82109375 0.4046875 0.059375 0.096875
2 0.92421875 0.41171875 0.0796875 0.125
2 0.765625 0.4515625 0.0875 0.1421875
1 0.6703125 0.49375 0.071875 0.1328125
3 0.11015625 0.71484375 0.153125 0.2328125
3 0.215625 0.69375 0.1796875 0.2796875
3 0.31875 0.60859375 0.1171875 0.16875
3 0.41796875 0.65390625 0.1890625 0.2578125
3 0.49609375 0.5625 0.121875 0.1734375
3 0.6359375 0.51484375 0.0703125 0.1609375
3 0.67734375 0.575 0.1625 0.29375
3 0.71640625 0.45703125 0.0765625 0.1578125
3 0.80546875 0.53203125 0.1953125 0.30625
3 0.8390625 0.45234375 0.1171875 0.19375
3 0.934375 0.4890625 0.13125 0.290625