1 0.1234375 0.50546875 0.05546875 0.1109375
2 0.253125 0.50703125 0.0546875 0.10703125
2 0.39140625 0.48984375 0.05234375 0.08671875
2 0.440625 0.49140625 0.0390625 0.07578125
1 0.60078125 0.5015625 0.04140625 0.08515625
1 0.68828125 0.5359375 0.04140625 0.071875
2 0.78515625 0.509375 0.04375 0.08125
1 0.75078125 0.59921875 0.05703125 0.11875
3 0.140625 0.55703125 0.11953125 0.20078125
3 0.25234375 0.56796875 0.121875 0.2140625
3 0.38359375 0.56484375 0.11953125 0.2484375
3 0.45078125 0.5328125 0.06640625 0.15078125
3 0.59140625 0.54296875 0.09296875 0.165625
3 0.79609375 0.56015625 0.0765625 0.17421875
0 0.690625 0.56640625 0.09140625 0.12890625
0 0.74375 0.646875 0.13828125 0.19140625