1 0.2421875 0.09609375 0.0140625 0.0265625
3 0.2484375 0.109375 0.03984375 0.05625
1 0.3953125 0.040625 0.01484375 0.03125
3 0.39921875 0.05546875 0.05 0.06015625
1 0.71953125 0.02578125 0.01328125 0.0265625
3 0.71796875 0.0390625 0.0375 0.05625
1 0.70546875 0.2484375 0.02265625 0.04453125
0 0.696875 0.26640625 0.07109375 0.10078125
1 0.82265625 0.14140625 0.0171875 0.03671875
3 0.80703125 0.15859375 0.04765625 0.075
1 0.89921875 0.3234375 0.01796875 0.0453125
3 0.8859375 0.34921875 0.04921875 0.103125