1 0.3203125 0.05703125 0.01875 0.0296875
3 0.3203125 0.06796875 0.053125 0.059375
1 0.47578125 0.04296875 0.0203125 0.03125
0 0.475 0.04765625 0.059375 0.0578125
1 0.81171875 0.08203125 0.01875 0.03125
3 0.80234375 0.09140625 0.0453125 0.059375
3 0.84765625 0.27109375 0.0265625 0.025
1 0.85234375 0.21953125 0.0234375 0.0375
3 0.84453125 0.23984375 0.0515625 0.0875
1 0.925 0.41171875 0.0265625 0.04375
3 0.90390625 0.4203125 0.0734375 0.103125
1 0.75546875 0.30234375 0.03125 0.0453125
0 0.7421875 0.30625 0.0875 0.1046875