1 0.24140625 0.09296875 0.01328125 0.02890625
3 0.24375 0.10625 0.0390625 0.05859375
1 0.38984375 0.0578125 0.01484375 0.02890625
0 0.38828125 0.06796875 0.05078125 0.04453125
1 0.72578125 0.03203125 0.0125 0.0296875
0 0.71796875 0.04296875 0.03515625 0.05078125
1 0.71328125 0.24765625 0.021875 0.0453125
3 0.70078125 0.265625 0.06796875 0.09609375
1 0.78828125 0.14296875 0.015625 0.034375
3 0.778125 0.16328125 0.04140625 0.07421875
1 0.9 0.33046875 0.01953125 0.04296875
3 0.87890625 0.34296875 0.05859375 0.0953125