1 0.23515625 0.0953125 0.01328125 0.028125
3 0.24296875 0.10859375 0.03984375 0.0546875
1 0.4 0.05078125 0.01484375 0.0296875
3 0.39921875 0.05859375 0.0515625 0.0453125
1 0.72734375 0.03046875 0.01328125 0.02890625
3 0.7203125 0.04140625 0.03828125 0.053125
2 0.7046875 0.20390625 0.02109375 0.04296875
3 0.69921875 0.24375 0.05859375 0.12421875
1 0.7859375 0.14453125 0.01640625 0.0359375
3 0.78125 0.1640625 0.04140625 0.07578125
2 0.89609375 0.31171875 0.01796875 0.04609375
3 0.88671875 0.3390625 0.04296875 0.10078125