1 0.32734375 0.053125 0.0203125 0.03125
3 0.3296875 0.06484375 0.05 0.0609375
1 0.4953125 0.03984375 0.0203125 0.0328125
3 0.49296875 0.046875 0.0609375 0.05625
1 0.81953125 0.0875 0.01875 0.0296875
3 0.81015625 0.096875 0.0453125 0.0578125
1 0.85625 0.20859375 0.0234375 0.0375
3 0.84609375 0.22734375 0.05625 0.0859375
1 0.93046875 0.40078125 0.0265625 0.046875
3 0.9078125 0.41484375 0.06875 0.09375
1 0.76328125 0.31484375 0.03125 0.046875
0 0.74921875 0.3109375 0.0875 0.096875
1 0.71171875 0.13515625 0.0234375 0.0328125
3 0.725 0.13984375 0.0578125 0.0671875