1 0.23828125 0.0984375 0.01484375 0.02890625
3 0.24296875 0.109375 0.03984375 0.05390625
1 0.4 0.05078125 0.01484375 0.03046875
3 0.39921875 0.0578125 0.0515625 0.046875
1 0.7265625 0.03046875 0.0125 0.028125
3 0.71953125 0.04140625 0.0359375 0.0515625
1 0.7875 0.140625 0.0171875 0.03515625
3 0.78203125 0.1609375 0.040625 0.07890625
1 0.9 0.31328125 0.01796875 0.04453125
3 0.88125 0.33203125 0.05234375 0.08515625
1 0.71875 0.2640625 0.02265625 0.04296875
0 0.7046875 0.26328125 0.07109375 0.084375
1 0.63125 0.09921875 0.0171875 0.0296875
3 0.6453125 0.10078125 0.046875 0.05859375