1 0.2390625 0.0953125 0.01484375 0.0296875
3 0.240625 0.109375 0.04453125 0.05625
1 0.40078125 0.053125 0.015625 0.03046875
0 0.4 0.0578125 0.05234375 0.0453125
1 0.7265625 0.03125 0.01328125 0.02890625
0 0.71953125 0.04296875 0.0375 0.053125
1 0.796875 0.14453125 0.01640625 0.0359375
3 0.7875 0.1671875 0.03984375 0.07890625
1 0.89765625 0.32421875 0.01953125 0.04453125
3 0.87890625 0.340625 0.05625 0.09140625
1 0.709375 0.25234375 0.02265625 0.0453125
3 0.70078125 0.26640625 0.07109375 0.096875