1 0.1609375 0.15859375 0.0203125 0.0328125
3 0.16484375 0.171875 0.0546875 0.0640625
1 0.31015625 0.08359375 0.021875 0.0328125
0 0.31015625 0.08828125 0.0609375 0.0546875
1 0.6234375 0.0046875 0.01875 0.009375
0 0.61953125 0.01796875 0.0484375 0.0359375
1 0.71640625 0.090625 0.0234375 0.0390625
3 0.71171875 0.11484375 0.0546875 0.0859375
1 0.85234375 0.2453125 0.028125 0.046875
3 0.8375 0.265625 0.0734375 0.1015625
1 0.653125 0.2140625 0.03125 0.0484375
3 0.64765625 0.2296875 0.0890625 0.109375