1 0.27421875 0.0765625 0.015625 0.03125
3 0.27578125 0.08984375 0.0453125 0.0578125
3 0.42265625 0.07734375 0.0296875 0.021875
1 0.4359375 0.05 0.0171875 0.03125
0 0.4328125 0.0578125 0.0546875 0.05
1 0.76484375 0.05390625 0.015625 0.0296875
0 0.759375 0.0640625 0.0390625 0.05625
1 0.825 0.18671875 0.0203125 0.034375
3 0.81328125 0.1890625 0.0484375 0.065625
1 0.9078125 0.36171875 0.025 0.0453125
3 0.89140625 0.3734375 0.059375 0.1
1 0.73046875 0.278125 0.0265625 0.0421875
3 0.72265625 0.2828125 0.075 0.1