1 0.16015625 0.1609375 0.01875 0.0328125
3 0.165625 0.1734375 0.0515625 0.0625
3 0.30234375 0.11875 0.03125 0.025
1 0.30703125 0.08828125 0.0203125 0.03125
0 0.30625 0.096875 0.059375 0.05625
1 0.621875 0.00546875 0.01875 0.0109375
0 0.61953125 0.01796875 0.0453125 0.0359375
1 0.71875 0.10546875 0.0234375 0.0359375
3 0.70859375 0.11171875 0.0546875 0.06875
1 0.85 0.2484375 0.0296875 0.046875
3 0.8375 0.26484375 0.0703125 0.1046875
1 0.65546875 0.2203125 0.03125 0.04375
3 0.65 0.22734375 0.0859375 0.10625