1 0.2390625 0.09609375 0.01328125 0.02890625
3 0.2421875 0.10859375 0.040625 0.0546875
1 0.40390625 0.0515625 0.0140625 0.0296875
3 0.396875 0.059375 0.04453125 0.04453125
1 0.725 0.03125 0.01328125 0.02890625
3 0.71953125 0.04140625 0.03671875 0.05390625
1 0.790625 0.14921875 0.01640625 0.03671875
3 0.78515625 0.165625 0.03515625 0.0734375
1 0.89453125 0.31953125 0.01875 0.04296875
3 0.88125 0.3390625 0.05546875 0.096875
1 0.7171875 0.22421875 0.02109375 0.046875
3 0.70390625 0.25859375 0.05625 0.11328125