1 0.23671875 0.103125 0.0140625 0.028125
3 0.24296875 0.11328125 0.04296875 0.04921875
1 0.39765625 0.06015625 0.01484375 0.0296875
0 0.39453125 0.0625 0.05078125 0.04375
1 0.725 0.02890625 0.01328125 0.02890625
3 0.72265625 0.04140625 0.03359375 0.0546875
1 0.790625 0.15703125 0.01640625 0.03359375
3 0.7890625 0.178125 0.0390625 0.0796875
1 0.7140625 0.24921875 0.02265625 0.04296875
3 0.703125 0.26328125 0.0703125 0.0984375
1 0.8953125 0.32578125 0.0203125 0.04140625
3 0.87890625 0.340625 0.05234375 0.0953125