1 0.23828125 0.09375 0.01328125 0.03125
3 0.24140625 0.10625 0.040625 0.05703125
1 0.3984375 0.05625 0.01640625 0.03046875
0 0.3953125 0.0609375 0.04921875 0.04453125
1 0.72265625 0.03125 0.0125 0.02890625
0 0.71875 0.0421875 0.03671875 0.053125
1 0.7921875 0.1578125 0.01640625 0.0359375
3 0.78984375 0.17734375 0.0421875 0.0765625
1 0.72265625 0.2671875 0.02265625 0.0453125
0 0.70859375 0.271875 0.0671875 0.09453125
1 0.89609375 0.32578125 0.01953125 0.04375
3 0.87890625 0.340625 0.05078125 0.0953125