1 0.23828125 0.0984375 0.01328125 0.03125
3 0.240625 0.11015625 0.0421875 0.05546875
1 0.39609375 0.05546875 0.01484375 0.02890625
0 0.3953125 0.0609375 0.05078125 0.04375
1 0.72265625 0.03046875 0.0125 0.028125
0 0.71875 0.04296875 0.0359375 0.05390625
1 0.7921875 0.171875 0.01640625 0.0359375
0 0.7875 0.18046875 0.0421875 0.0765625
1 0.89453125 0.321875 0.01953125 0.04375
3 0.87890625 0.340625 0.05078125 0.0953125
1 0.71640625 0.25078125 0.02265625 0.04453125
3 0.70625 0.26796875 0.06640625 0.10078125