1 0.23984375 0.0984375 0.0140625 0.03125
3 0.2421875 0.11015625 0.04140625 0.05546875
1 0.40390625 0.053125 0.01484375 0.0296875
0 0.39765625 0.059375 0.04453125 0.04375
1 0.72578125 0.03203125 0.01328125 0.03046875
0 0.71953125 0.04140625 0.03671875 0.05390625
1 0.78828125 0.15625 0.01484375 0.03671875
3 0.784375 0.16796875 0.03515625 0.065625
1 0.7203125 0.2484375 0.021875 0.04375
3 0.70703125 0.26640625 0.06328125 0.1
1 0.89609375 0.321875 0.01953125 0.04453125
3 0.87890625 0.34140625 0.05078125 0.09921875