1 0.23515625 0.09375 0.01484375 0.0265625
3 0.24140625 0.11171875 0.04375 0.06015625
1 0.403125 0.05234375 0.01484375 0.02890625
0 0.39765625 0.059375 0.04609375 0.04375
1 0.725 0.03046875 0.01328125 0.02890625
3 0.71953125 0.0421875 0.03828125 0.0546875
1 0.721875 0.24609375 0.021875 0.0453125
3 0.70703125 0.26796875 0.06640625 0.1046875
1 0.790625 0.15625 0.01640625 0.03515625
3 0.78828125 0.1765625 0.03828125 0.07421875
1 0.896875 0.325 0.01953125 0.04453125
3 0.8796875 0.3390625 0.05234375 0.09453125