0 0.165625 0.28515625 0.078125 0.090625
3 0.31640625 0.07109375 0.053125 0.065625
0 0.46640625 0.05078125 0.0625 0.0625
3 0.79609375 0.0859375 0.046875 0.0625
3 0.834375 0.2234375 0.0546875 0.084375
3 0.8984375 0.4015625 0.0609375 0.0921875
3 0.74453125 0.31171875 0.0859375 0.1203125
1 0.91328125 0.38984375 0.028125 0.0515625
1 0.8484375 0.209375 0.0265625 0.0453125
1 0.75625 0.29375 0.0328125 0.053125
1 0.80078125 0.075 0.0203125 0.0328125
1 0.471875 0.04453125 0.0234375 0.0359375
1 0.31328125 0.06015625 0.0203125 0.034375
1 0.1609375 0.28046875 0.028125 0.046875