0 0.1328125 0.34453125 0.065625 0.08046875
3 0.24609375 0.1109375 0.04296875 0.05859375
0 0.38984375 0.065625 0.05390625 0.0546875
3 0.71875 0.03984375 0.03828125 0.05546875
3 0.78984375 0.17421875 0.046875 0.065625
3 0.8859375 0.34609375 0.05859375 0.08671875
3 0.71171875 0.2625 0.06171875 0.09140625
1 0.125 0.340625 0.02578125 0.04609375
1 0.240625 0.09921875 0.0171875 0.03359375
1 0.39296875 0.05625 0.01875 0.03359375
1 0.7234375 0.028125 0.01484375 0.03046875
1 0.803125 0.17265625 0.01953125 0.03984375
1 0.7109375 0.25625 0.02421875 0.04609375
1 0.90234375 0.3421875 0.021875 0.046875