0 0.17265625 0.2703125 0.08125 0.0921875
0 0.33125 0.06953125 0.0515625 0.0609375
0 0.48203125 0.053125 0.0640625 0.0640625
3 0.81015625 0.09453125 0.0484375 0.0625
3 0.84921875 0.24296875 0.059375 0.0734375
3 0.90546875 0.4234375 0.071875 0.0984375
3 0.7546875 0.3125 0.0796875 0.10625
1 0.16875 0.25625 0.0359375 0.0546875
1 0.328125 0.06015625 0.021875 0.034375
1 0.4859375 0.04375 0.0234375 0.034375
1 0.815625 0.084375 0.0203125 0.0328125
1 0.86171875 0.24375 0.0296875 0.04375
1 0.75703125 0.30859375 0.034375 0.0484375
1 0.92421875 0.409375 0.0296875 0.053125