0 0.15234375 0.30703125 0.071875 0.0875
1 0.14765625 0.3046875 0.0296875 0.046875
3 0.2859375 0.084375 0.0484375 0.0640625
1 0.2828125 0.07421875 0.0203125 0.0328125
0 0.4359375 0.05390625 0.0609375 0.0609375
1 0.44140625 0.04453125 0.021875 0.0359375
3 0.765625 0.065625 0.04375 0.0578125
1 0.77109375 0.05625 0.0171875 0.03125
3 0.8140625 0.19453125 0.053125 0.103125
2 0.828125 0.16796875 0.021875 0.0421875
3 0.73046875 0.29140625 0.078125 0.109375
1 0.740625 0.27890625 0.0296875 0.0484375
3 0.8953125 0.3796875 0.0625 0.09375
1 0.9125 0.37421875 0.0265625 0.0484375