1 0.2421875 0.1 0.0140625 0.03125
3 0.24296875 0.11328125 0.04453125 0.05703125
0 0.38984375 0.06328125 0.04765625 0.0546875
1 0.39765625 0.05703125 0.01875 0.0359375
3 0.709375 0.03203125 0.03828125 0.06328125
1 0.7140625 0.01640625 0.0140625 0.02890625
0 0.79140625 0.18125 0.0421875 0.07578125
1 0.79921875 0.1765625 0.01875 0.03828125
3 0.69375 0.24609375 0.065625 0.1046875
1 0.70625 0.21796875 0.025 0.046875
3 0.8796875 0.34765625 0.04921875 0.11015625
1 0.89296875 0.32109375 0.02109375 0.0484375