0 0.18125 0.26015625 0.0828125 0.09375
3 0.34765625 0.0609375 0.05625 0.0671875
0 0.4984375 0.0515625 0.065625 0.065625
3 0.8234375 0.10625 0.05 0.0625
3 0.86015625 0.25390625 0.0609375 0.075
3 0.91171875 0.44375 0.078125 0.0984375
3 0.7625 0.32109375 0.08125 0.103125
1 0.175 0.2546875 0.0359375 0.0515625
1 0.3453125 0.0484375 0.025 0.0375
1 0.503125 0.04375 0.0265625 0.0375
1 0.83125 0.09609375 0.021875 0.0328125
1 0.8734375 0.25546875 0.028125 0.04375
1 0.76328125 0.31484375 0.034375 0.05
1 0.92890625 0.44453125 0.0328125 0.05