0 0.14140625 0.32578125 0.0703125 0.084375
3 0.265625 0.09609375 0.0453125 0.0609375
0 0.41171875 0.05859375 0.05625 0.0578125
3 0.7421875 0.0515625 0.040625 0.0578125
0 0.80390625 0.196875 0.0515625 0.0609375
3 0.8890625 0.359375 0.05625 0.096875
3 0.72109375 0.28359375 0.0734375 0.1171875
1 0.1375 0.325 0.0296875 0.046875
1 0.2609375 0.08671875 0.0203125 0.0328125
1 0.4171875 0.05234375 0.0203125 0.0375
1 0.74765625 0.04296875 0.01875 0.0328125
1 0.81796875 0.20234375 0.0234375 0.0390625
1 0.734375 0.26640625 0.0296875 0.046875
1 0.90546875 0.3421875 0.0234375 0.05