3 0.13046875 0.34375 0.0578125 0.0984375
3 0.2390625 0.11640625 0.04375 0.0609375
3 0.384375 0.06171875 0.0546875 0.0609375
3 0.7109375 0.0375 0.040625 0.0609375
0 0.78203125 0.1734375 0.046875 0.0609375
3 0.70390625 0.2671875 0.0703125 0.1109375
3 0.8859375 0.33984375 0.0609375 0.0890625
1 0.11796875 0.32421875 0.0234375 0.0453125
1 0.23515625 0.10546875 0.01875 0.034375
1 0.3890625 0.05234375 0.01875 0.0359375
1 0.7125 0.025 0.015625 0.0328125
1 0.79453125 0.17890625 0.0203125 0.040625
1 0.715625 0.253125 0.0265625 0.05
1 0.90234375 0.33515625 0.0234375 0.0453125