0 0.1328125 0.34453125 0.065625 0.08046875
3 0.2453125 0.109375 0.04296875 0.0640625
0 0.3890625 0.0640625 0.05390625 0.0546875
3 0.71875 0.03984375 0.03828125 0.05546875
3 0.790625 0.178125 0.04296875 0.08671875
3 0.88671875 0.34453125 0.05703125 0.08359375
3 0.7109375 0.2625 0.06015625 0.09375
1 0.125 0.3375 0.02421875 0.053125
1 0.24375 0.09375 0.01796875 0.03125
1 0.39296875 0.05625 0.0171875 0.034375
1 0.7234375 0.028125 0.01484375 0.0296875
1 0.8015625 0.1578125 0.01953125 0.04375
1 0.903125 0.34375 0.02265625 0.046875