0 0.17734375 0.265625 0.0828125 0.09375
3 0.34140625 0.06015625 0.05625 0.078125
0 0.490625 0.05234375 0.0640625 0.065625
3 0.81640625 0.10078125 0.05 0.0625
3 0.85546875 0.2484375 0.0609375 0.075
3 0.91015625 0.43515625 0.0765625 0.0953125
3 0.75859375 0.31640625 0.0828125 0.1078125
1 0.17265625 0.253125 0.034375 0.0546875
1 0.3421875 0.0453125 0.0234375 0.0390625
1 0.49609375 0.046875 0.025 0.0390625
1 0.6796875 0.06171875 0.0265625 0.021875
1 0.82421875 0.0921875 0.021875 0.034375
1 0.86875 0.25078125 0.0296875 0.04375
1 0.76171875 0.309375 0.0328125 0.05
1 0.928125 0.4390625 0.034375 0.05