0 0.11015625 0.4171875 0.0796875 0.0921875
3 0.17421875 0.16484375 0.053125 0.065625
0 0.30859375 0.0921875 0.0640625 0.0640625
3 0.62578125 0.01953125 0.0515625 0.0390625
3 0.71953125 0.11875 0.059375 0.1
3 0.84765625 0.27421875 0.0765625 0.1
3 0.66015625 0.2359375 0.0859375 0.1203125
1 0.10078125 0.4140625 0.034375 0.0546875
1 0.16796875 0.15859375 0.0234375 0.034375
1 0.31015625 0.0859375 0.025 0.0375
1 0.715625 0.09609375 0.028125 0.0484375
1 0.66328125 0.21796875 0.03125 0.0484375
1 0.86484375 0.26953125 0.03125 0.05