0 0.1328125 0.34453125 0.065625 0.08046875
3 0.246875 0.10703125 0.0421875 0.0703125
0 0.38984375 0.065625 0.05390625 0.0546875
3 0.71875 0.03984375 0.03828125 0.05546875
3 0.78984375 0.175 0.046875 0.06640625
3 0.88515625 0.34453125 0.05859375 0.084375
3 0.7109375 0.2625 0.06328125 0.0953125
1 0.12578125 0.3328125 0.0234375 0.05078125
1 0.24375 0.0921875 0.01640625 0.0359375
1 0.39453125 0.059375 0.01796875 0.03515625
1 0.5765625 0.0328125 0.02265625 0.01796875
1 0.72421875 0.0296875 0.01484375 0.03125
1 0.803125 0.17421875 0.02109375 0.03984375
1 0.7125 0.25546875 0.0234375 0.0453125
1 0.903125 0.34453125 0.02421875 0.04609375