0 0.11796875 0.38203125 0.0734375 0.0875
3 0.203125 0.140625 0.0515625 0.0734375
3 0.3453125 0.07421875 0.05 0.065625
3 0.66953125 0.0265625 0.0421875 0.053125
3 0.75234375 0.1515625 0.0453125 0.0921875
3 0.68203125 0.2421875 0.0796875 0.0984375
3 0.86953125 0.30546875 0.0671875 0.0921875
1 0.11015625 0.38046875 0.0296875 0.0484375
1 0.203125 0.1234375 0.01875 0.03125
1 0.35078125 0.06015625 0.0203125 0.034375
1 0.66953125 0.01171875 0.0171875 0.0234375
1 0.76015625 0.1328125 0.0234375 0.040625
1 0.6875 0.23203125 0.0328125 0.053125
1 0.88515625 0.30234375 0.028125 0.046875