3 0.1203125 0.38203125 0.0625 0.0859375
3 0.20859375 0.1328125 0.05 0.0765625
3 0.34765625 0.0578125 0.05625 0.08125
3 0.6671875 0.02578125 0.04375 0.0515625
3 0.75234375 0.14296875 0.053125 0.0734375
3 0.684375 0.25 0.078125 0.115625
3 0.8640625 0.2984375 0.0609375 0.0890625
1 0.10625 0.37109375 0.0296875 0.0484375
1 0.20234375 0.11640625 0.0203125 0.0328125
1 0.34453125 0.0390625 0.021875 0.0359375
1 0.66796875 0.01015625 0.0171875 0.0203125
1 0.76015625 0.1296875 0.0234375 0.0453125
1 0.690625 0.22734375 0.0296875 0.0515625
1 0.8765625 0.284375 0.028125 0.0515625