3 0.10625 0.4421875 0.075 0.0953125
3 0.15234375 0.1890625 0.059375 0.078125
0 0.28125 0.10625 0.0609375 0.0609375
3 0.5890625 0.0171875 0.053125 0.034375
3 0.69296875 0.1078125 0.0625 0.0796875
3 0.64296875 0.22578125 0.09375 0.128125
3 0.8296875 0.2546875 0.08125 0.10625
1 0.1 0.43203125 0.034375 0.0484375
1 0.14765625 0.17421875 0.025 0.0375
1 0.27421875 0.1015625 0.0265625 0.0390625
1 0.70078125 0.0984375 0.0296875 0.0484375
1 0.64140625 0.196875 0.0359375 0.0546875
1 0.84296875 0.24296875 0.034375 0.053125