3 0.13203125 0.33828125 0.05546875 0.09375
3 0.246875 0.10625 0.03984375 0.0640625
3 0.39375 0.05703125 0.0484375 0.06484375
3 0.71640625 0.0390625 0.03828125 0.06171875
3 0.78828125 0.16953125 0.046875 0.06953125
3 0.70859375 0.2734375 0.0671875 0.10703125
3 0.88203125 0.3453125 0.05859375 0.09296875
1 0.125 0.31875 0.0234375 0.0484375
1 0.24375 0.09296875 0.01796875 0.034375
1 0.40078125 0.04453125 0.01796875 0.03515625
1 0.71875 0.02421875 0.0171875 0.03125
1 0.79609375 0.16015625 0.0203125 0.04453125
1 0.7203125 0.259375 0.02734375 0.0484375
1 0.9 0.34140625 0.0234375 0.0515625