3 0.121875 0.365625 0.0640625 0.0984375
3 0.22109375 0.128125 0.0453125 0.059375
0 0.36328125 0.07265625 0.0515625 0.059375
3 0.68046875 0.0234375 0.0390625 0.046875
3 0.75390625 0.1484375 0.0453125 0.090625
3 0.6859375 0.24609375 0.084375 0.1109375
3 0.86875 0.3125 0.0609375 0.103125
1 0.10703125 0.3515625 0.0265625 0.046875
1 0.21640625 0.1171875 0.0203125 0.0359375
1 0.37265625 0.0640625 0.0203125 0.0359375
1 0.68203125 0.01171875 0.0203125 0.0234375
1 0.75546875 0.125 0.0234375 0.0453125
1 0.69609375 0.2203125 0.0296875 0.053125
1 0.88359375 0.290625 0.0265625 0.05