3 0.134375 0.34140625 0.0546875 0.08515625
3 0.24296875 0.1109375 0.0453125 0.06875
0 0.38984375 0.0640625 0.04921875 0.05
3 0.71640625 0.0390625 0.03828125 0.06171875
3 0.78828125 0.16875 0.046875 0.07421875
3 0.709375 0.2671875 0.06484375 0.103125
3 0.88203125 0.33515625 0.053125 0.08515625
1 0.1296875 0.33203125 0.02265625 0.04609375
1 0.2421875 0.09375 0.01796875 0.03359375
1 0.38515625 0.05703125 0.01796875 0.03671875
1 0.71875 0.025 0.01484375 0.03125
1 0.7953125 0.1546875 0.01953125 0.04296875
1 0.7125 0.25859375 0.02421875 0.046875
1 0.896875 0.31953125 0.02109375 0.04921875