3 0.1171875 0.37890625 0.0671875 0.1
3 0.20859375 0.13828125 0.046875 0.0609375
0 0.3484375 0.07734375 0.0546875 0.0609375
3 0.6625 0.02109375 0.040625 0.0421875
3 0.7421875 0.13984375 0.0484375 0.0921875
3 0.6765625 0.23984375 0.0875 0.1140625
3 0.8625 0.3 0.0640625 0.1046875
1 0.10234375 0.36484375 0.028125 0.046875
1 0.203125 0.12734375 0.0203125 0.0359375
1 0.35703125 0.06875 0.021875 0.0359375
1 0.66484375 0.009375 0.0203125 0.01875
1 0.7421875 0.11640625 0.025 0.0453125
1 0.6859375 0.21328125 0.03125 0.0546875
1 0.87578125 0.27734375 0.028125 0.0515625