3 0.12421875 0.36015625 0.0609375 0.0953125
3 0.228125 0.125 0.0421875 0.0578125
0 0.36796875 0.05 0.0484375 0.0875
3 0.69140625 0.03125 0.0421875 0.0625
3 0.7703125 0.15390625 0.05 0.071875
3 0.696875 0.2625 0.071875 0.109375
3 0.875 0.32734375 0.059375 0.096875
1 0.115625 0.3375 0.0265625 0.0484375
1 0.2234375 0.11484375 0.01875 0.03125
1 0.36640625 0.025 0.01875 0.0359375
1 0.69375 0.0140625 0.01875 0.028125
1 0.778125 0.140625 0.021875 0.0421875
1 0.70546875 0.2453125 0.0265625 0.05
1 0.88984375 0.32109375 0.025 0.0484375