3 0.13515625 0.34296875 0.05859375 0.0859375
3 0.2453125 0.10703125 0.04140625 0.06796875
0 0.40078125 0.05859375 0.05 0.05703125
3 0.7171875 0.040625 0.03828125 0.0609375
3 0.7875 0.171875 0.04765625 0.06875
3 0.7125 0.2671875 0.0703125 0.10625
3 0.88671875 0.35625 0.0671875 0.0765625
1 0.1265625 0.3265625 0.021875 0.0484375
1 0.2421875 0.09296875 0.01640625 0.034375
1 0.4046875 0.05078125 0.0171875 0.034375
1 0.71953125 0.0265625 0.01640625 0.03046875
1 0.79765625 0.159375 0.01875 0.040625
1 0.71953125 0.253125 0.025 0.046875
1 0.9078125 0.3546875 0.0234375 0.04296875