3 0.1328125 0.34921875 0.059375 0.0875
3 0.240625 0.115625 0.040625 0.0546875
0 0.384375 0.04453125 0.0453125 0.0765625
3 0.709375 0.03671875 0.0390625 0.0609375
3 0.7828125 0.1671875 0.046875 0.06875
3 0.69375 0.2453125 0.0609375 0.1
3 0.88046875 0.33125 0.05 0.096875
1 0.125 0.3296875 0.025 0.046875
1 0.23515625 0.10625 0.0171875 0.03125
2 0.38515625 0.025 0.0171875 0.0359375
1 0.709375 0.02265625 0.0171875 0.03125
1 0.79140625 0.15390625 0.021875 0.0421875
1 0.69609375 0.2234375 0.0265625 0.0515625
1 0.8921875 0.31015625 0.021875 0.046875