3 0.18046875 0.26328125 0.0734375 0.0921875
3 0.3421875 0.06015625 0.05 0.0671875
0 0.48984375 0.053125 0.0640625 0.0640625
3 0.8140625 0.10078125 0.0515625 0.06875
3 0.85546875 0.2421875 0.0625 0.0828125
3 0.7625 0.3140625 0.084375 0.10625
3 0.9109375 0.4296875 0.075 0.0890625
1 0.175 0.24921875 0.034375 0.0515625
1 0.3421875 0.04765625 0.0234375 0.034375
1 0.49375 0.04609375 0.025 0.0390625
1 0.81875 0.08671875 0.021875 0.0328125
1 0.86640625 0.2296875 0.0296875 0.0453125
1 0.77421875 0.3109375 0.034375 0.0546875
1 0.93046875 0.42890625 0.03125 0.05