3 0.134375 0.340625 0.05546875 0.08359375
3 0.24453125 0.10703125 0.04140625 0.0640625
0 0.39140625 0.04453125 0.04296875 0.07578125
3 0.71640625 0.040625 0.03828125 0.0609375
3 0.77890625 0.15703125 0.03515625 0.08984375
3 0.70390625 0.2515625 0.05546875 0.096875
3 0.88203125 0.340625 0.04765625 0.09609375
1 0.12734375 0.33125 0.0234375 0.05078125
1 0.2421875 0.09296875 0.01640625 0.03203125
1 0.3921875 0.02578125 0.01796875 0.03203125
1 0.71640625 0.02421875 0.01484375 0.03046875
2 0.7734375 0.12890625 0.01875 0.028125
1 0.70859375 0.23046875 0.02421875 0.05078125
1 0.89609375 0.3171875 0.02109375 0.04921875