3 0.12421875 0.36640625 0.0640625 0.0875
3 0.22109375 0.12265625 0.0421875 0.0703125
0 0.3625 0.07421875 0.05625 0.05625
3 0.68359375 0.02890625 0.0421875 0.0578125
3 0.7640625 0.15234375 0.0515625 0.071875
3 0.68125 0.24375 0.0578125 0.0875
3 0.87109375 0.30703125 0.0578125 0.1046875
1 0.1140625 0.3578125 0.028125 0.0484375
1 0.215625 0.1078125 0.01875 0.0375
1 0.3640625 0.06953125 0.021875 0.0375
1 0.68359375 0.0140625 0.0171875 0.028125
1 0.7734375 0.1390625 0.0234375 0.0453125
1 0.6828125 0.23203125 0.0296875 0.053125
1 0.884375 0.2796875 0.025 0.046875