3 0.134375 0.34296875 0.05625 0.084375
3 0.24765625 0.10859375 0.040625 0.06171875
0 0.39375 0.0640625 0.05078125 0.05546875
3 0.7171875 0.040625 0.03828125 0.0609375
3 0.78828125 0.1671875 0.04609375 0.0734375
3 0.70078125 0.2609375 0.053125 0.078125
3 0.88203125 0.3390625 0.05 0.096875
1 0.1265625 0.328125 0.02265625 0.046875
1 0.2453125 0.09609375 0.0171875 0.034375
1 0.39765625 0.05703125 0.02109375 0.0359375
1 0.71796875 0.02578125 0.015625 0.0296875
1 0.7984375 0.153125 0.01796875 0.04296875
1 0.70703125 0.26171875 0.025 0.05078125
1 0.8953125 0.3171875 0.02265625 0.04921875