3 0.13515625 0.34296875 0.05859375 0.0859375
3 0.24765625 0.1109375 0.03984375 0.05390625
0 0.3921875 0.04296875 0.04453125 0.0765625
3 0.7171875 0.040625 0.03828125 0.0609375
3 0.78828125 0.171875 0.04609375 0.06796875
3 0.6984375 0.2484375 0.05859375 0.09921875
3 0.88359375 0.33828125 0.04765625 0.0953125
1 0.128125 0.3234375 0.02421875 0.046875
1 0.2421875 0.1015625 0.0171875 0.03125
2 0.39375 0.0234375 0.0171875 0.03515625
1 0.71796875 0.0265625 0.01640625 0.03046875
1 0.79765625 0.159375 0.02109375 0.04140625
1 0.70078125 0.2265625 0.025 0.0515625
1 0.8953125 0.3171875 0.02109375 0.046875