3 0.1265625 0.36015625 0.059375 0.0859375
3 0.22421875 0.12109375 0.0453125 0.065625
0 0.36796875 0.05078125 0.046875 0.078125
3 0.69140625 0.03046875 0.0421875 0.0609375
3 0.7609375 0.14296875 0.0390625 0.0921875
3 0.690625 0.24140625 0.0609375 0.1
3 0.8734375 0.32109375 0.053125 0.0984375
1 0.11875 0.35078125 0.0265625 0.0515625
1 0.22109375 0.10703125 0.01875 0.0328125
1 0.3671875 0.03203125 0.0203125 0.0328125
1 0.69140625 0.0140625 0.0171875 0.028125
2 0.75390625 0.11484375 0.0203125 0.0296875
1 0.69453125 0.21953125 0.0265625 0.0515625
1 0.8859375 0.296875 0.0234375 0.05