3 0.134375 0.340625 0.0578125 0.08359375
3 0.2484375 0.10390625 0.03828125 0.06796875
0 0.3921875 0.065625 0.053125 0.053125
3 0.7171875 0.040625 0.03828125 0.0609375
3 0.7875 0.171875 0.04765625 0.06875
3 0.6984375 0.25703125 0.05234375 0.084375
3 0.88359375 0.33359375 0.05078125 0.10078125
1 0.125 0.33125 0.02421875 0.04609375
1 0.24375 0.0890625 0.01640625 0.0359375
1 0.39453125 0.0609375 0.01875 0.03671875
1 0.71796875 0.0265625 0.015625 0.03046875
1 0.79765625 0.159375 0.02109375 0.04375
1 0.70078125 0.2453125 0.02578125 0.0515625
1 0.8984375 0.30703125 0.02109375 0.04609375