3 0.11328125 0.40859375 0.071875 0.0953125
3 0.18125 0.15703125 0.053125 0.0734375
0 0.32578125 0.0828125 0.059375 0.065625
3 0.63359375 0.021875 0.0484375 0.04375
3 0.72578125 0.1265625 0.059375 0.0765625
3 0.66875 0.23359375 0.0875 0.1171875
3 0.85625 0.29140625 0.0796875 0.0875
1 0.10234375 0.39375 0.0296875 0.0515625
1 0.17578125 0.14375 0.021875 0.0359375
1 0.328125 0.07421875 0.0234375 0.0375
1 0.634375 0.00546875 0.021875 0.0109375
1 0.734375 0.1125 0.025 0.04375
1 0.6734375 0.21875 0.0328125 0.05
1 0.8765625 0.2859375 0.03125 0.046875