3 0.15546875 0.31015625 0.0578125 0.0875
3 0.2703125 0.090625 0.040625 0.0703125
0 0.41484375 0.0609375 0.0546875 0.05625
3 0.740625 0.05234375 0.0421875 0.0625
3 0.80546875 0.18828125 0.05 0.0703125
3 0.72421875 0.27890625 0.075 0.109375
3 0.8921875 0.36015625 0.0546875 0.10625
1 0.14296875 0.29375 0.025 0.0515625
1 0.26328125 0.075 0.01875 0.0359375
1 0.4203125 0.0546875 0.021875 0.034375
1 0.7421875 0.0375 0.0171875 0.03125
1 0.815625 0.175 0.021875 0.040625
1 0.73203125 0.265625 0.0265625 0.05
1 0.90703125 0.33359375 0.025 0.0484375