3 0.16328125 0.2875 0.06875 0.0921875
3 0.31171875 0.07421875 0.05 0.0671875
0 0.46328125 0.053125 0.059375 0.0625
3 0.78671875 0.08046875 0.046875 0.065625
3 0.83671875 0.21640625 0.05625 0.0796875
3 0.7359375 0.2953125 0.0640625 0.0859375
3 0.90234375 0.40078125 0.0640625 0.103125
1 0.1578125 0.271875 0.0296875 0.05
1 0.31171875 0.0609375 0.021875 0.0359375
1 0.46796875 0.04609375 0.0265625 0.0390625
1 0.78984375 0.065625 0.0203125 0.03125
1 0.84921875 0.20390625 0.025 0.0453125
1 0.74140625 0.296875 0.0328125 0.0546875
1 0.91875 0.38125 0.0296875 0.0515625