3 0.134375 0.34140625 0.05625 0.08125
3 0.24765625 0.1078125 0.03828125 0.05859375
0 0.39375 0.065625 0.05234375 0.0515625
3 0.71640625 0.040625 0.03828125 0.0609375
3 0.78828125 0.16796875 0.04453125 0.071875
3 0.71328125 0.2515625 0.05859375 0.096875
3 0.8828125 0.3234375 0.04765625 0.1203125
1 0.12578125 0.32890625 0.02265625 0.046875
1 0.2453125 0.09609375 0.01640625 0.03203125
1 0.396875 0.05859375 0.01796875 0.03515625
1 0.71796875 0.02578125 0.01484375 0.03046875
1 0.79609375 0.153125 0.0203125 0.04296875
1 0.72421875 0.23125 0.02421875 0.0484375
2 0.8953125 0.28828125 0.01953125 0.04921875