3 0.1109375 0.415625 0.071875 0.0921875
3 0.17734375 0.1640625 0.05 0.0640625
3 0.3078125 0.0734375 0.059375 0.0875
3 0.62578125 0.0203125 0.0484375 0.040625
3 0.72265625 0.12421875 0.059375 0.0765625
3 0.65703125 0.2140625 0.1015625 0.1125
3 0.8390625 0.2671875 0.0625 0.0921875
1 0.10078125 0.40234375 0.03125 0.05
1 0.1734375 0.153125 0.021875 0.034375
1 0.30078125 0.05078125 0.021875 0.034375
1 0.62265625 0.0046875 0.0203125 0.009375
1 0.7265625 0.109375 0.0265625 0.0421875
1 0.653125 0.20234375 0.0359375 0.0546875
1 0.85078125 0.26171875 0.03125 0.0484375