3 0.14609375 0.33359375 0.05546875 0.08515625
3 0.2484375 0.10625 0.0375 0.05859375
3 0.39609375 0.0515625 0.04765625 0.0703125
3 0.71640625 0.03984375 0.03984375 0.0609375
3 0.78671875 0.16875 0.04609375 0.07578125
0 0.703125 0.26015625 0.06953125 0.0890625
3 0.8796875 0.340625 0.05546875 0.08046875
1 0.13046875 0.315625 0.0234375 0.0453125
1 0.2453125 0.09609375 0.01640625 0.034375
1 0.39765625 0.0359375 0.01796875 0.03671875
0 0.5765625 0.02109375 0.04453125 0.03984375
1 0.5765625 0.01171875 0.01328125 0.021875
1 0.7171875 0.025 0.0140625 0.0296875
1 0.79375 0.153125 0.0203125 0.04453125
1 0.709375 0.259375 0.02578125 0.04921875
1 0.8953125 0.3390625 0.0234375 0.0484375