3 0.1375 0.32890625 0.05078125 0.0859375
3 0.24765625 0.10625 0.03671875 0.0640625
0 0.3921875 0.0640625 0.05234375 0.05078125
3 0.71640625 0.03984375 0.03984375 0.0609375
3 0.7890625 0.17109375 0.04609375 0.06953125
3 0.7046875 0.2640625 0.06640625 0.11484375
3 0.878125 0.33984375 0.0484375 0.090625
1 0.12421875 0.31875 0.02421875 0.04609375
1 0.2421875 0.09140625 0.01796875 0.03359375
1 0.39609375 0.0609375 0.01796875 0.0359375
1 0.71796875 0.02578125 0.01484375 0.03046875
1 0.8 0.15859375 0.01953125 0.040625
1 0.70859375 0.23359375 0.025 0.05
1 0.890625 0.3296875 0.0234375 0.04609375