3 0.10859375 0.42578125 0.08125 0.1078125
3 0.171875 0.1671875 0.0484375 0.065625
0 0.30390625 0.09609375 0.0625 0.0609375
3 0.61484375 0.01875 0.0515625 0.0375
3 0.71328125 0.11796875 0.0578125 0.0796875
3 0.6515625 0.21875 0.0796875 0.1
3 0.83671875 0.265625 0.06875 0.103125
1 0.09921875 0.403125 0.0328125 0.0515625
1 0.16328125 0.15546875 0.0234375 0.0359375
1 0.30390625 0.09609375 0.025 0.0375
1 0.71953125 0.10234375 0.0296875 0.046875
1 0.66640625 0.2046875 0.034375 0.053125
1 0.8484375 0.2484375 0.03125 0.053125