3 0.14609375 0.33359375 0.05625 0.084375
3 0.2484375 0.10625 0.0375 0.059375
3 0.39609375 0.0515625 0.046875 0.0703125
3 0.71640625 0.03984375 0.040625 0.0609375
3 0.78671875 0.16875 0.046875 0.075
0 0.703125 0.26015625 0.06875 0.0890625
3 0.8796875 0.340625 0.05625 0.08125
1 0.13046875 0.315625 0.0234375 0.0453125
1 0.2453125 0.09609375 0.015625 0.034375
1 0.39765625 0.0359375 0.01875 0.0375
0 0.5765625 0.02109375 0.04375 0.040625
1 0.5765625 0.01171875 0.0125 0.021875
1 0.7171875 0.025 0.0140625 0.0296875
1 0.79375 0.153125 0.0203125 0.04375
1 0.709375 0.259375 0.025 0.05
1 0.8953125 0.3390625 0.0234375 0.0484375