3 0.125 0.3875 0.06875 0.0921875
3 0.18984375 0.15078125 0.046875 0.0640625
3 0.32734375 0.07421875 0.0578125 0.078125
3 0.64140625 0.02265625 0.0484375 0.0453125
3 0.7328125 0.134375 0.05625 0.071875
3 0.65859375 0.2234375 0.06875 0.1
3 0.8484375 0.28359375 0.0703125 0.0875
1 0.10546875 0.3734375 0.028125 0.05
1 0.18515625 0.13984375 0.021875 0.0328125
1 0.32421875 0.05625 0.021875 0.0359375
0 0.5 0.01875 0.05 0.0375
1 0.49921875 0.00859375 0.0171875 0.0171875
1 0.63984375 0.00625 0.0203125 0.0125
1 0.74296875 0.12109375 0.025 0.04375
1 0.6640625 0.21875 0.0296875 0.0484375
1 0.865625 0.2828125 0.028125 0.05