3 0.11328125 0.4234375 0.0734375 0.0953125
3 0.16015625 0.1765625 0.0515625 0.0703125
0 0.2890625 0.1 0.0671875 0.0703125
3 0.5984375 0.0171875 0.053125 0.034375
3 0.70078125 0.10625 0.0625 0.0828125
0 0.64375 0.22890625 0.0890625 0.1046875
3 0.83046875 0.25390625 0.075 0.10625
1 0.096875 0.421875 0.0328125 0.05
1 0.1515625 0.16484375 0.025 0.0375
1 0.290625 0.08828125 0.025 0.0375
0 0.4578125 0.0203125 0.053125 0.040625
1 0.45546875 0.00859375 0.0171875 0.0171875
1 0.7046875 0.08984375 0.0296875 0.0453125
1 0.6546875 0.2296875 0.034375 0.0484375
1 0.84296875 0.23828125 0.034375 0.053125