3 0.13203125 0.346875 0.06015625 0.09375
3 0.246875 0.1078125 0.0375 0.05859375
0 0.3921875 0.0640625 0.05234375 0.05078125
3 0.71640625 0.03984375 0.03984375 0.0609375
3 0.78671875 0.16796875 0.0453125 0.075
3 0.70625 0.26171875 0.06953125 0.103125
3 0.884375 0.340625 0.0484375 0.10625
1 0.12578125 0.33125 0.02265625 0.04453125
1 0.2375 0.09609375 0.0171875 0.034375
1 0.39609375 0.05625 0.0171875 0.03359375
1 0.7171875 0.02421875 0.01484375 0.03046875
1 0.796875 0.15546875 0.01953125 0.04375
1 0.71328125 0.23671875 0.02421875 0.0515625
1 0.896875 0.31171875 0.02109375 0.0484375