3 0.1328125 0.34609375 0.06171875 0.096875
3 0.2484375 0.10625 0.0375 0.05859375
0 0.3921875 0.0640625 0.05234375 0.05078125
3 0.71640625 0.03984375 0.03984375 0.0609375
3 0.78828125 0.1703125 0.04453125 0.071875
3 0.70703125 0.25625 0.0625 0.08828125
3 0.878125 0.340625 0.05078125 0.0953125
1 0.128125 0.321875 0.02265625 0.0484375
1 0.2421875 0.09296875 0.01640625 0.03359375
1 0.3921875 0.0640625 0.01796875 0.03515625
1 0.71796875 0.02578125 0.015625 0.03046875
1 0.79765625 0.15703125 0.0203125 0.04375
1 0.72421875 0.24609375 0.025 0.04921875
1 0.89296875 0.3265625 0.021875 0.04921875