3 0.175 0.28203125 0.0671875 0.090625
3 0.30546875 0.07421875 0.046875 0.065625
0 0.4546875 0.04921875 0.059375 0.065625
3 0.778125 0.07421875 0.0484375 0.065625
3 0.83046875 0.21640625 0.0546875 0.071875
3 0.73203125 0.29609375 0.0765625 0.0859375
3 0.89765625 0.3953125 0.0625 0.0921875
1 0.16015625 0.2625 0.0265625 0.046875
1 0.30234375 0.06171875 0.0203125 0.0359375
1 0.459375 0.03984375 0.021875 0.0359375
0 0.6421875 0.03671875 0.05 0.046875
1 0.64375 0.02734375 0.0171875 0.0234375
1 0.7828125 0.06171875 0.01875 0.0328125
1 0.84296875 0.20625 0.025 0.0421875
1 0.73984375 0.29765625 0.028125 0.0484375
1 0.9125 0.3921875 0.0296875 0.0515625