3 0.16875 0.27421875 0.0640625 0.0921875
3 0.3125 0.071875 0.046875 0.06875
0 0.46171875 0.05234375 0.059375 0.0578125
3 0.7859375 0.0796875 0.0484375 0.0671875
3 0.83671875 0.2203125 0.05625 0.0765625
3 0.7390625 0.29921875 0.0828125 0.1234375
3 0.8984375 0.40078125 0.0625 0.096875
1 0.15703125 0.2625 0.03125 0.05
1 0.309375 0.05625 0.0234375 0.0359375
1 0.46640625 0.05 0.0234375 0.0390625
1 0.78984375 0.065625 0.01875 0.0328125
1 0.85 0.209375 0.025 0.04375
1 0.74765625 0.26953125 0.0328125 0.053125
1 0.9125 0.39296875 0.0296875 0.0484375