3 0.178125 0.2734375 0.06875 0.0921875
3 0.31328125 0.071875 0.046875 0.0640625
0 0.46171875 0.04921875 0.0625 0.0671875
3 0.7859375 0.0796875 0.0484375 0.0671875
3 0.8359375 0.2234375 0.05625 0.0703125
3 0.740625 0.290625 0.08125 0.1078125
3 0.90078125 0.403125 0.0671875 0.1015625
1 0.165625 0.25390625 0.0296875 0.0484375
1 0.31015625 0.059375 0.021875 0.034375
1 0.46796875 0.0421875 0.0234375 0.0375
0 0.65 0.0390625 0.0515625 0.046875
1 0.65234375 0.02890625 0.015625 0.021875
1 0.7890625 0.06640625 0.0203125 0.0328125
1 0.8484375 0.21640625 0.0265625 0.0421875
1 0.74921875 0.26796875 0.0328125 0.053125
1 0.9171875 0.39375 0.0296875 0.0484375