3 0.1296875 0.353125 0.0625 0.0953125
3 0.23984375 0.1125 0.0390625 0.059375
0 0.384375 0.065625 0.053125 0.0515625
3 0.70859375 0.0359375 0.040625 0.0609375
3 0.78125 0.16328125 0.046875 0.075
3 0.70234375 0.2578125 0.071875 0.1046875
3 0.88125 0.33359375 0.05 0.1078125
1 0.12265625 0.3375 0.0234375 0.0453125
1 0.23046875 0.10078125 0.0171875 0.034375
1 0.38828125 0.0578125 0.0171875 0.034375
1 0.70859375 0.0203125 0.015625 0.03125
1 0.790625 0.15 0.0203125 0.04375
1 0.70859375 0.2328125 0.025 0.0515625
1 0.89375 0.3046875 0.021875 0.0484375