3 0.14140625 0.34296875 0.059375 0.0859375
3 0.23515625 0.115625 0.0390625 0.059375
3 0.38046875 0.05625 0.05 0.0734375
3 0.7 0.0328125 0.0421875 0.0625
3 0.77578125 0.16484375 0.0484375 0.0671875
3 0.69140625 0.24453125 0.0578125 0.0953125
3 0.87265625 0.32734375 0.0609375 0.08125
1 0.12421875 0.3265625 0.021875 0.046875
1 0.23125 0.1046875 0.01875 0.03125
1 0.3796875 0.03828125 0.01875 0.034375
0 0.56015625 0.01953125 0.0453125 0.0390625
1 0.55859375 0.01015625 0.0140625 0.0203125
1 0.70078125 0.01796875 0.015625 0.03125
1 0.7875 0.15390625 0.0203125 0.040625
1 0.69765625 0.240625 0.025 0.046875
1 0.88984375 0.32890625 0.0234375 0.046875