3 0.14375 0.32734375 0.04609375 0.096875
3 0.2484375 0.10546875 0.03671875 0.06171875
0 0.39375 0.06171875 0.0515625 0.05703125
0 0.57578125 0.01953125 0.04609375 0.03828125
1 0.57578125 0.0109375 0.01328125 0.01953125
3 0.71640625 0.04140625 0.03984375 0.0640625
3 0.7921875 0.17421875 0.04453125 0.07890625
0 0.7046875 0.259375 0.0671875 0.09140625
3 0.8796875 0.34453125 0.06015625 0.0890625
1 0.134375 0.30546875 0.02109375 0.04921875
1 0.240625 0.0890625 0.01640625 0.03046875
1 0.39609375 0.0515625 0.01875 0.03203125
1 0.71796875 0.0265625 0.015625 0.03203125
1 0.80234375 0.15859375 0.02109375 0.040625
1 0.71015625 0.25625 0.02734375 0.05078125
1 0.8984375 0.340625 0.02265625 0.04609375