3 0.115625 0.403125 0.0671875 0.0984375
3 0.178125 0.1640625 0.0484375 0.065625
0 0.31171875 0.090625 0.0625 0.065625
0 0.4828125 0.01875 0.053125 0.0375
1 0.48046875 0.0078125 0.0171875 0.015625
3 0.62421875 0.021875 0.0515625 0.04375
3 0.721875 0.1203125 0.0609375 0.0953125
0 0.65546875 0.234375 0.0796875 0.1046875
3 0.84296875 0.275 0.0765625 0.0984375
1 0.10703125 0.38203125 0.03125 0.0515625
1 0.17265625 0.15234375 0.0234375 0.0359375
1 0.3125 0.08125 0.025 0.0375
1 0.621875 0.00390625 0.01875 0.0078125
1 0.72109375 0.1 0.028125 0.046875
1 0.66953125 0.23203125 0.0328125 0.0515625
1 0.8609375 0.26796875 0.0328125 0.0515625