3 0.1765625 0.26953125 0.0671875 0.103125
3 0.32109375 0.06640625 0.046875 0.06875
0 0.46875 0.05 0.0640625 0.065625
0 0.6578125 0.03984375 0.0515625 0.0453125
1 0.659375 0.03125 0.0171875 0.021875
3 0.79296875 0.0859375 0.05 0.0703125
3 0.84453125 0.2296875 0.0578125 0.0859375
0 0.74296875 0.2984375 0.08125 0.103125
3 0.90078125 0.41171875 0.075 0.1
1 0.17421875 0.24921875 0.0296875 0.0515625
1 0.31953125 0.05234375 0.0234375 0.0375
1 0.47265625 0.046875 0.025 0.0375
1 0.79609375 0.0703125 0.0203125 0.03125
1 0.75 0.29375 0.034375 0.0546875
1 0.853125 0.215625 0.028125 0.04375
1 0.91953125 0.41015625 0.03125 0.0515625