3 0.14140625 0.33125 0.05078125 0.090625
3 0.2484375 0.10859375 0.0375 0.06015625
0 0.39296875 0.0625 0.05234375 0.05625
0 0.57578125 0.01953125 0.04609375 0.03828125
1 0.57578125 0.0109375 0.01328125 0.01953125
3 0.71640625 0.04140625 0.03984375 0.0640625
3 0.790625 0.16953125 0.04453125 0.08828125
0 0.703125 0.26875 0.06328125 0.09453125
3 0.8796875 0.34453125 0.06015625 0.0890625
1 0.13671875 0.309375 0.02265625 0.0484375
1 0.2453125 0.09609375 0.0171875 0.03359375
1 0.39609375 0.053125 0.01875 0.034375
1 0.7171875 0.025 0.0140625 0.0296875
1 0.79375 0.14921875 0.01953125 0.04453125
1 0.7171875 0.26953125 0.02421875 0.0484375
1 0.8984375 0.34140625 0.0234375 0.0484375