3 0.1375 0.33359375 0.0515625 0.08515625
3 0.25 0.10703125 0.03671875 0.05859375
0 0.3921875 0.0625 0.05390625 0.05625
0 0.57578125 0.01953125 0.04609375 0.03671875
1 0.57578125 0.01015625 0.01328125 0.01875
3 0.71640625 0.04140625 0.03984375 0.0640625
3 0.7921875 0.17421875 0.04453125 0.0796875
0 0.703125 0.26171875 0.07265625 0.09296875
3 0.8796875 0.34375 0.059375 0.0890625
1 0.12734375 0.32109375 0.02421875 0.0484375
1 0.246875 0.09453125 0.0171875 0.03203125
1 0.3984375 0.05703125 0.01796875 0.0359375
1 0.7171875 0.025 0.015625 0.03125
1 0.71171875 0.2515625 0.02578125 0.05625
1 0.89765625 0.34296875 0.02421875 0.04921875