3 0.1359375 0.34140625 0.0546875 0.096875
3 0.23515625 0.115625 0.0390625 0.0609375
0 0.3765625 0.06640625 0.0578125 0.0578125
0 0.5578125 0.01875 0.046875 0.0375
1 0.55859375 0.009375 0.0140625 0.01875
3 0.7 0.034375 0.0421875 0.065625
3 0.7828125 0.16640625 0.046875 0.0796875
0 0.69609375 0.26484375 0.0734375 0.0890625
3 0.87578125 0.33046875 0.0625 0.090625
1 0.13125 0.31875 0.0234375 0.0484375
1 0.23046875 0.103125 0.0171875 0.0375
1 0.37890625 0.0625 0.01875 0.034375
1 0.7015625 0.01875 0.0171875 0.03125
1 0.78828125 0.1484375 0.021875 0.040625
1 0.70703125 0.26171875 0.0265625 0.0484375
1 0.89375 0.3265625 0.025 0.053125