3 0.14765625 0.328125 0.05078125 0.0953125
3 0.24921875 0.1078125 0.0375 0.06015625
0 0.39140625 0.06328125 0.05546875 0.05625
0 0.57578125 0.02109375 0.04609375 0.03984375
1 0.57578125 0.01171875 0.01328125 0.02109375
3 0.71640625 0.04140625 0.03984375 0.0640625
3 0.7875 0.17265625 0.04296875 0.06796875
3 0.703125 0.2609375 0.0671875 0.09140625
3 0.88046875 0.3453125 0.05859375 0.09296875
1 0.13515625 0.30546875 0.02109375 0.04609375
1 0.24453125 0.09609375 0.01484375 0.03203125
1 0.39609375 0.05859375 0.01796875 0.03515625
1 0.71796875 0.02578125 0.015625 0.03125
1 0.7984375 0.16328125 0.01953125 0.04140625
1 0.70625 0.25078125 0.02578125 0.05625
1 0.89765625 0.3375 0.02421875 0.04921875