3 0.184375 0.26015625 0.06875 0.0984375
3 0.33515625 0.06484375 0.0484375 0.0671875
0 0.4859375 0.05 0.0625 0.065625
0 0.67421875 0.04609375 0.053125 0.046875
1 0.67578125 0.0375 0.0171875 0.021875
3 0.80703125 0.09609375 0.0515625 0.0703125
3 0.853125 0.2375 0.0625 0.0953125
0 0.746875 0.31640625 0.08125 0.10625
3 0.90390625 0.4265625 0.078125 0.1
1 0.184375 0.23828125 0.0328125 0.0515625
1 0.33515625 0.05234375 0.0234375 0.0359375
1 0.49140625 0.04140625 0.025 0.0375
1 0.8109375 0.08046875 0.0203125 0.03125
1 0.86015625 0.21796875 0.028125 0.046875
1 0.76015625 0.31953125 0.034375 0.053125
1 0.92265625 0.42734375 0.0328125 0.0515625