3 0.18515625 0.2578125 0.06875 0.103125
3 0.3359375 0.06015625 0.05 0.0703125
0 0.484375 0.04921875 0.065625 0.0671875
0 0.67421875 0.04609375 0.053125 0.046875
1 0.67578125 0.0375 0.0171875 0.021875
3 0.80703125 0.09609375 0.0515625 0.0703125
3 0.85390625 0.2421875 0.059375 0.0859375
0 0.74921875 0.30703125 0.084375 0.1046875
3 0.90390625 0.42578125 0.078125 0.1015625
1 0.18359375 0.2375 0.03125 0.0515625
1 0.33515625 0.04609375 0.025 0.0375
1 0.48828125 0.04609375 0.025 0.0390625
1 0.8109375 0.08125 0.0203125 0.0328125
1 0.75703125 0.303125 0.0359375 0.0546875
1 0.86328125 0.228125 0.0296875 0.04375
1 0.92265625 0.42421875 0.0328125 0.0515625