3 0.13125 0.365625 0.0609375 0.1
3 0.209375 0.1359375 0.04375 0.0640625
0 0.34609375 0.07734375 0.0609375 0.0625
0 0.525 0.01875 0.05 0.0375
1 0.5234375 0.00859375 0.015625 0.0171875
3 0.6671875 0.02734375 0.046875 0.0546875
3 0.7515625 0.14453125 0.05 0.071875
3 0.67734375 0.240625 0.0765625 0.0984375
3 0.8625 0.30625 0.06875 0.0984375
1 0.1171875 0.34453125 0.0265625 0.0484375
1 0.20390625 0.125 0.01875 0.0328125
1 0.35078125 0.071875 0.021875 0.0375
1 0.6671875 0.0109375 0.01875 0.021875
1 0.76171875 0.13359375 0.0234375 0.04375
1 0.67890625 0.23046875 0.03125 0.059375
1 0.878125 0.296875 0.0296875 0.0515625