3 0.15546875 0.30078125 0.0609375 0.0828125
3 0.2859375 0.08515625 0.0421875 0.065625
0 0.43203125 0.05859375 0.059375 0.053125
0 0.6171875 0.02734375 0.0484375 0.0390625
1 0.61796875 0.01875 0.0171875 0.0203125
3 0.75546875 0.06171875 0.04375 0.0671875
3 0.81875 0.2 0.053125 0.0859375
3 0.71796875 0.2734375 0.0765625 0.0953125
3 0.88671875 0.375 0.05625 0.1078125
1 0.14921875 0.28515625 0.0234375 0.05
1 0.284375 0.07109375 0.01875 0.0328125
1 0.4359375 0.0515625 0.0203125 0.0328125
1 0.7609375 0.04765625 0.01875 0.0328125
1 0.82578125 0.1828125 0.0234375 0.0453125
1 0.72890625 0.2609375 0.028125 0.053125
1 0.9 0.353125 0.028125 0.0515625