3 0.12421875 0.37578125 0.065625 0.103125
0 0.32890625 0.0859375 0.0609375 0.0578125
3 0.63984375 0.021875 0.0484375 0.04375
3 0.7375 0.13671875 0.0578125 0.08125
3 0.6609375 0.22890625 0.0734375 0.09375
3 0.85 0.28671875 0.0703125 0.103125
1 0.10859375 0.35625 0.028125 0.0515625
3 0.2078125 0.20390625 0.09375 0.240625
1 0.33046875 0.07890625 0.0234375 0.0375
1 0.63984375 0.0046875 0.0203125 0.009375
1 0.74453125 0.125 0.0265625 0.0421875
1 0.66875 0.221875 0.0328125 0.053125
1 0.8640625 0.2765625 0.03125 0.0515625