3 0.11484375 0.403125 0.075 0.1109375
3 0.16796875 0.16953125 0.053125 0.075
0 0.3 0.09921875 0.0625 0.0625
3 0.60390625 0.0140625 0.0578125 0.028125
3 0.7109375 0.11875 0.0625 0.0859375
3 0.64296875 0.2234375 0.0828125 0.1015625
3 0.83359375 0.2625 0.0765625 0.1
1 0.0984375 0.38125 0.034375 0.0578125
1 0.1578125 0.15546875 0.025 0.0375
1 0.30390625 0.09140625 0.0265625 0.0390625
1 0.65390625 0.21875 0.0328125 0.05
1 0.7140625 0.09921875 0.028125 0.04375
1 0.8484375 0.25234375 0.0328125 0.0515625