3 0.1140625 0.359375 0.0375 0.096875
3 0.209375 0.1375 0.0421875 0.0640625
0 0.34921875 0.0796875 0.0609375 0.0546875
3 0.66640625 0.02734375 0.0453125 0.0546875
3 0.75546875 0.146875 0.053125 0.0796875
3 0.671875 0.23671875 0.0765625 0.0953125
3 0.86015625 0.3046875 0.065625 0.0984375
1 0.11328125 0.33671875 0.028125 0.0484375
1 0.121875 0.2765625 0.03125 0.0609375
3 0.15546875 0.34453125 0.096875 0.215625
1 0.2015625 0.12578125 0.0203125 0.0328125
1 0.35 0.07421875 0.0203125 0.0328125
1 0.66796875 0.009375 0.0171875 0.01875
1 0.76328125 0.13203125 0.0234375 0.0453125
1 0.87578125 0.29609375 0.028125 0.0484375