3 0.146875 0.31875 0.053125 0.1015625
3 0.25078125 0.103125 0.03828125 0.06875
0 0.3953125 0.06484375 0.05234375 0.0515625
3 0.71484375 0.03046875 0.04609375 0.059375
3 0.79140625 0.17578125 0.04609375 0.078125
3 0.7015625 0.2625 0.06484375 0.08984375
3 0.878125 0.34375 0.05859375 0.0890625
1 0.13515625 0.29375 0.021875 0.0546875
1 0.24375 0.0875 0.01796875 0.034375
1 0.40078125 0.0578125 0.01953125 0.0359375
1 0.71328125 0.2609375 0.0234375 0.0453125
1 0.7984375 0.1578125 0.0203125 0.03984375
1 0.8953125 0.33671875 0.0234375 0.046875