3 0.15234375 0.31328125 0.053125 0.084375
3 0.26640625 0.0953125 0.0421875 0.065625
3 0.41015625 0.05234375 0.053125 0.0625
3 0.72890625 0.03828125 0.0375 0.0609375
3 0.80234375 0.1796875 0.0453125 0.090625
3 0.71015625 0.265625 0.065625 0.0859375
3 0.8828125 0.35546875 0.059375 0.09375
1 0.13984375 0.29453125 0.021875 0.040625
1 0.26171875 0.08046875 0.0171875 0.0328125
1 0.40859375 0.03984375 0.0203125 0.034375
1 0.80546875 0.15859375 0.0203125 0.0421875
1 0.71875 0.25859375 0.0265625 0.0515625
1 0.8984375 0.35078125 0.025 0.0484375