3 0.12890625 0.36953125 0.0640625 0.0921875
3 0.20390625 0.13671875 0.0453125 0.0703125
0 0.3421875 0.08203125 0.059375 0.0546875
3 0.65703125 0.02421875 0.0453125 0.0484375
3 0.75078125 0.14375 0.0546875 0.0796875
0 0.671875 0.23984375 0.06875 0.0859375
3 0.85625 0.29921875 0.065625 0.1
1 0.1125 0.3515625 0.0265625 0.0453125
1 0.19609375 0.1234375 0.0203125 0.0359375
1 0.34375 0.075 0.021875 0.0359375
1 0.6578125 0.0078125 0.01875 0.015625
1 0.75546875 0.12578125 0.025 0.0421875
1 0.87109375 0.2890625 0.028125 0.0515625