3 0.1328125 0.35546875 0.0578125 0.096875
3 0.2171875 0.12890625 0.0421875 0.065625
0 0.35625 0.07734375 0.059375 0.053125
3 0.675 0.028125 0.04375 0.05625
3 0.7625 0.15078125 0.053125 0.084375
3 0.67578125 0.23984375 0.0765625 0.0921875
3 0.86328125 0.31171875 0.0625 0.1
1 0.11875 0.3359375 0.025 0.0484375
1 0.21328125 0.1140625 0.0203125 0.034375
1 0.3578125 0.06953125 0.021875 0.0359375
1 0.67578125 0.01015625 0.0203125 0.0203125
1 0.76796875 0.13125 0.0234375 0.0453125
1 0.68203125 0.24453125 0.028125 0.0484375
1 0.87890625 0.30078125 0.0265625 0.05