3 0.146875 0.32578125 0.0515625 0.08125
3 0.25 0.10625 0.0375 0.06328125
0 0.3953125 0.06640625 0.05234375 0.04921875
3 0.709375 0.03125 0.04453125 0.06015625
3 0.7921875 0.1765625 0.0453125 0.0765625
0 0.70078125 0.25703125 0.06015625 0.08515625
3 0.878125 0.34375 0.05390625 0.09375
1 0.13359375 0.30703125 0.02265625 0.04296875
1 0.2421875 0.09453125 0.01640625 0.03359375
1 0.39765625 0.059375 0.01796875 0.03515625
1 0.8 0.1609375 0.01953125 0.03984375
1 0.70859375 0.26328125 0.02265625 0.04453125
1 0.89296875 0.33671875 0.02265625 0.04609375