3 0.190625 0.25625 0.0671875 0.090625
3 0.3375 0.0625 0.05 0.0703125
0 0.4875 0.05390625 0.0609375 0.059375
3 0.80234375 0.08515625 0.05625 0.06875
3 0.853125 0.24453125 0.0609375 0.084375
0 0.746875 0.30390625 0.0765625 0.0953125
3 0.90234375 0.42578125 0.071875 0.103125
1 0.18203125 0.23515625 0.03125 0.046875
1 0.33203125 0.05 0.0234375 0.0359375
1 0.49140625 0.04765625 0.025 0.0375
1 0.8640625 0.23046875 0.028125 0.04375
1 0.753125 0.31171875 0.03125 0.0484375
1 0.91796875 0.421875 0.03125 0.05