3 0.178125 0.27265625 0.0640625 0.0890625
3 0.31484375 0.071875 0.046875 0.06875
0 0.4640625 0.05546875 0.059375 0.05625
3 0.78046875 0.06953125 0.053125 0.065625
3 0.8390625 0.2265625 0.05625 0.0828125
0 0.7359375 0.29140625 0.0734375 0.09375
3 0.89765625 0.4046875 0.0671875 0.1015625
1 0.16796875 0.25234375 0.0296875 0.0453125
1 0.30859375 0.059375 0.021875 0.0359375
1 0.46796875 0.0484375 0.0234375 0.0375
1 0.84921875 0.21171875 0.025 0.0421875
1 0.74296875 0.2984375 0.0296875 0.046875
1 0.9140625 0.4 0.0296875 0.0484375