3 0.19140625 0.2546875 0.06875 0.1015625
3 0.33828125 0.0625 0.05 0.0703125
0 0.4859375 0.05390625 0.0640625 0.059375
3 0.80703125 0.0953125 0.05 0.0703125
3 0.853125 0.24296875 0.0625 0.0890625
3 0.74375 0.30234375 0.084375 0.0984375
3 0.90234375 0.42578125 0.0734375 0.1046875
1 0.18359375 0.23125 0.0296875 0.05
1 0.33828125 0.046875 0.025 0.0359375
1 0.48984375 0.046875 0.0265625 0.0375
1 0.81328125 0.07890625 0.0234375 0.0328125
1 0.8640625 0.22578125 0.028125 0.046875
1 0.74921875 0.309375 0.0328125 0.0515625
1 0.9203125 0.4203125 0.03125 0.0515625