3 0.14765625 0.31953125 0.04765625 0.0984375
3 0.24609375 0.109375 0.0390625 0.0609375
0 0.39453125 0.06015625 0.04921875 0.0609375
3 0.71796875 0.040625 0.03828125 0.06015625
3 0.79296875 0.17421875 0.0421875 0.0703125
3 0.70078125 0.26796875 0.071875 0.1015625
3 0.878125 0.34453125 0.05625 0.096875
1 0.13515625 0.29609375 0.02109375 0.0484375
1 0.23984375 0.09453125 0.0171875 0.03046875
1 0.3984375 0.0515625 0.01796875 0.0359375
1 0.71953125 0.0265625 0.015625 0.03125
1 0.79765625 0.15859375 0.01953125 0.0390625
1 0.71015625 0.25625 0.025 0.04609375
1 0.89453125 0.33046875 0.021875 0.05078125