3 0.12265625 0.390625 0.0640625 0.0984375
3 0.18359375 0.15625 0.0484375 0.0671875
0 0.315625 0.08828125 0.0625 0.0640625
3 0.63515625 0.02109375 0.0484375 0.0421875
3 0.71484375 0.11640625 0.05 0.1015625
3 0.6578125 0.2328125 0.0921875 0.1078125
3 0.84609375 0.2828125 0.0734375 0.0984375
1 0.1078125 0.3703125 0.0296875 0.0484375
1 0.17734375 0.14375 0.021875 0.034375
1 0.31953125 0.08359375 0.025 0.0375
1 0.63515625 0.00546875 0.0203125 0.0109375
2 0.7171875 0.0890625 0.025 0.04375
1 0.66328125 0.221875 0.0328125 0.0546875
1 0.86328125 0.27421875 0.028125 0.0484375