3 0.16484375 0.28984375 0.059375 0.1046875
3 0.2859375 0.08515625 0.04375 0.0640625
0 0.43203125 0.0515625 0.053125 0.065625
3 0.7578125 0.05234375 0.0375 0.0625
3 0.81875 0.20078125 0.0484375 0.071875
3 0.72109375 0.28203125 0.078125 0.1125
3 0.890625 0.3765625 0.0640625 0.090625
1 0.153125 0.26484375 0.0265625 0.053125
1 0.28359375 0.0734375 0.0203125 0.034375
1 0.43984375 0.03984375 0.021875 0.0359375
1 0.828125 0.19453125 0.025 0.04375
1 0.73515625 0.2578125 0.0296875 0.0515625
1 0.90703125 0.3765625 0.028125 0.05