3 0.11484375 0.4234375 0.0703125 0.1015625
3 0.15546875 0.18515625 0.053125 0.06875
0 0.28046875 0.10625 0.065625 0.06875
3 0.590625 0.0171875 0.053125 0.034375
3 0.68046875 0.09921875 0.0578125 0.103125
3 0.63359375 0.2203125 0.0984375 0.1125
3 0.82578125 0.253125 0.08125 0.1015625
1 0.0984375 0.4046875 0.0328125 0.05
1 0.146875 0.1734375 0.0234375 0.034375
1 0.28359375 0.10078125 0.0265625 0.0375
2 0.68046875 0.071875 0.028125 0.0453125
1 0.6390625 0.20859375 0.0359375 0.05625
1 0.8421875 0.24296875 0.0328125 0.05