3 0.1859375 0.26328125 0.065625 0.09375
3 0.33046875 0.06484375 0.0484375 0.0671875
0 0.478125 0.04765625 0.059375 0.065625
3 0.79453125 0.07890625 0.0484375 0.065625
3 0.85 0.2359375 0.0546875 0.0765625
3 0.74140625 0.30703125 0.0828125 0.1140625
3 0.90078125 0.41875 0.0734375 0.1
1 0.17734375 0.2390625 0.028125 0.046875
1 0.3296875 0.05078125 0.0234375 0.034375
1 0.484375 0.0390625 0.0234375 0.0390625
1 0.8015625 0.06640625 0.0203125 0.0328125
1 0.8609375 0.23046875 0.028125 0.046875
1 0.75625 0.29375 0.0328125 0.05
1 0.9171875 0.41953125 0.03125 0.053125