3 0.14765625 0.32421875 0.04765625 0.090625
3 0.24765625 0.10859375 0.03828125 0.0609375
0 0.38984375 0.06328125 0.05390625 0.05546875
3 0.71796875 0.040625 0.03984375 0.06171875
0 0.7875 0.184375 0.046875 0.05078125
3 0.7015625 0.2640625 0.07578125 0.096875
3 0.8796875 0.346875 0.059375 0.09140625
1 0.13671875 0.30234375 0.01953125 0.0453125
1 0.24453125 0.09453125 0.015625 0.0296875
1 0.39453125 0.0578125 0.01875 0.034375
1 0.7203125 0.02734375 0.01640625 0.03203125
1 0.709375 0.25390625 0.02265625 0.04609375
1 0.896875 0.3390625 0.02109375 0.04609375