3 0.17421875 0.2796875 0.0609375 0.0921875
3 0.3078125 0.075 0.046875 0.065625
0 0.4546875 0.04921875 0.05625 0.0640625
3 0.771875 0.0640625 0.046875 0.0640625
3 0.83515625 0.21796875 0.0515625 0.075
3 0.73046875 0.2953125 0.078125 0.1125
3 0.89609375 0.39765625 0.0703125 0.0984375
1 0.1640625 0.25625 0.0265625 0.0453125
1 0.30625 0.06015625 0.021875 0.0328125
1 0.46015625 0.040625 0.021875 0.0390625
1 0.778125 0.0515625 0.01875 0.0328125
1 0.846875 0.21171875 0.0265625 0.046875
1 0.7453125 0.28046875 0.0296875 0.0484375
1 0.9125 0.39765625 0.0296875 0.053125