3 0.146875 0.31796875 0.05 0.1046875
3 0.25078125 0.10546875 0.03828125 0.0609375
0 0.39296875 0.05859375 0.0484375 0.0609375
3 0.71875 0.03828125 0.03671875 0.06171875
3 0.79296875 0.17421875 0.0421875 0.0703125
3 0.7 0.26796875 0.06640625 0.10625
3 0.8765625 0.346875 0.059375 0.09375
1 0.1375 0.29453125 0.02265625 0.05
1 0.24453125 0.09375 0.01796875 0.03125
1 0.39453125 0.04921875 0.01796875 0.03359375
1 0.7234375 0.02421875 0.015625 0.03203125
1 0.7984375 0.1625 0.01953125 0.04375
1 0.71171875 0.25078125 0.02421875 0.04453125
1 0.89453125 0.3390625 0.02109375 0.0484375