3 0.18203125 0.271875 0.0625 0.0921875
3 0.32109375 0.06875 0.0453125 0.065625
0 0.4734375 0.04453125 0.05625 0.06875
3 0.79453125 0.08515625 0.0484375 0.0640625
0 0.83828125 0.2359375 0.0546875 0.059375
3 0.7375 0.30625 0.09375 0.1171875
3 0.9 0.4125 0.071875 0.1015625
1 0.17265625 0.2484375 0.028125 0.046875
1 0.31875 0.0546875 0.021875 0.034375
1 0.47890625 0.0328125 0.025 0.0375
1 0.7984375 0.071875 0.0203125 0.0328125
1 0.746875 0.29375 0.0328125 0.0515625
1 0.9203125 0.40625 0.0296875 0.046875