3 0.1765625 0.26640625 0.0640625 0.1078125
3 0.3078125 0.0734375 0.0546875 0.0734375
0 0.46171875 0.0546875 0.0625 0.059375
3 0.78671875 0.08046875 0.0484375 0.065625
3 0.828125 0.20859375 0.05 0.090625
3 0.734375 0.30078125 0.0921875 0.1078125
0 0.8984375 0.40703125 0.071875 0.096875
1 0.17109375 0.24140625 0.0296875 0.0515625
1 0.309375 0.0578125 0.021875 0.0328125
1 0.46640625 0.0484375 0.0234375 0.0359375
1 0.7921875 0.0671875 0.0203125 0.0328125
1 0.83984375 0.1859375 0.0234375 0.040625
1 0.7453125 0.28984375 0.0328125 0.05