3 0.11328125 0.4171875 0.078125 0.1109375
3 0.15625 0.1796875 0.05625 0.06875
0 0.290625 0.10546875 0.06875 0.065625
3 0.5984375 0.01796875 0.053125 0.0359375
3 0.7015625 0.11875 0.075 0.1015625
0 0.65390625 0.221875 0.0921875 0.109375
3 0.83125 0.259375 0.0796875 0.109375
1 0.09609375 0.3953125 0.0359375 0.0546875
1 0.15234375 0.16796875 0.0265625 0.0375
1 0.28984375 0.0984375 0.025 0.0375
1 0.70859375 0.09296875 0.03125 0.046875
1 0.6640625 0.21328125 0.0375 0.053125
1 0.84609375 0.25078125 0.0359375 0.0546875