3 0.1375 0.33203125 0.05703125 0.09140625
3 0.24375 0.1046875 0.04453125 0.078125
0 0.3921875 0.0546875 0.0609375 0.07578125
3 0.7125 0.034375 0.03671875 0.05390625
3 0.78359375 0.15625 0.03984375 0.096875
3 0.70390625 0.26328125 0.06796875 0.08671875
3 0.878125 0.3453125 0.06171875 0.0890625
1 0.12890625 0.309375 0.02265625 0.046875
1 0.24453125 0.084375 0.01640625 0.034375
1 0.3953125 0.03671875 0.01875 0.03671875
1 0.71875 0.02421875 0.015625 0.03125
2 0.790625 0.128125 0.01796875 0.040625
1 0.896875 0.34453125 0.02421875 0.0484375