3 0.1453125 0.32578125 0.05546875 0.10078125
3 0.2453125 0.1078125 0.04140625 0.06171875
3 0.39375 0.04921875 0.04453125 0.071875
3 0.715625 0.03671875 0.03984375 0.06171875
3 0.7875 0.1765625 0.04140625 0.05859375
3 0.70546875 0.23046875 0.071875 0.13125
3 0.87890625 0.34296875 0.06171875 0.09375
1 0.134375 0.3015625 0.02265625 0.04921875
1 0.2390625 0.09453125 0.01796875 0.03125
1 0.3921875 0.03203125 0.0171875 0.034375
1 0.7203125 0.021875 0.015625 0.03125
1 0.709375 0.19296875 0.02421875 0.05390625
1 0.71328125 0.31640625 0.04296875 0.03203125
1 0.7984375 0.1734375 0.01953125 0.040625
1 0.89765625 0.3421875 0.02421875 0.04921875