3 0.1515625 0.31328125 0.059375 0.103125
3 0.259375 0.09921875 0.04375 0.0625
3 0.409375 0.04609375 0.046875 0.0734375
3 0.73203125 0.04453125 0.0421875 0.0625
3 0.7984375 0.18671875 0.04375 0.059375
3 0.71484375 0.2375 0.0765625 0.134375
3 0.884375 0.35625 0.065625 0.0953125
1 0.14140625 0.2890625 0.025 0.05
1 0.253125 0.0859375 0.01875 0.03125
1 0.40859375 0.02890625 0.01875 0.034375
1 0.73671875 0.0296875 0.0171875 0.03125
1 0.7203125 0.20078125 0.0265625 0.0546875
1 0.71953125 0.32421875 0.04375 0.0328125
1 0.809375 0.184375 0.0203125 0.040625
1 0.903125 0.35625 0.0265625 0.05