3 0.13984375 0.3078125 0.053125 0.1140625
3 0.25078125 0.10390625 0.04375 0.07421875
3 0.3875 0.04765625 0.06953125 0.08046875
3 0.71484375 0.03828125 0.03515625 0.05859375
3 0.7859375 0.15859375 0.0390625 0.0890625
3 0.70078125 0.24765625 0.0625 0.10859375
3 0.87890625 0.34921875 0.06015625 0.0984375
1 0.24765625 0.0859375 0.01640625 0.03515625
1 0.7203125 0.02578125 0.01640625 0.03046875
2 0.79453125 0.13671875 0.01953125 0.04453125
1 0.7109375 0.22109375 0.025 0.05078125
1 0.896875 0.3453125 0.0234375 0.0484375