3 0.165625 0.2875 0.0671875 0.109375
3 0.2859375 0.0859375 0.05 0.0625
0 0.43828125 0.0578125 0.0625 0.059375
3 0.76328125 0.065625 0.0453125 0.065625
3 0.82421875 0.20625 0.0578125 0.0859375
3 0.72421875 0.2875 0.0875 0.1078125
3 0.8953125 0.3890625 0.065625 0.109375
1 0.15703125 0.26171875 0.028125 0.053125
1 0.28515625 0.0734375 0.0203125 0.0359375
1 0.4421875 0.05078125 0.0203125 0.0359375
1 0.7671875 0.0546875 0.0203125 0.0328125
1 0.8375 0.19140625 0.0234375 0.0453125
1 0.7359375 0.27578125 0.03125 0.053125
1 0.9125 0.38125 0.0265625 0.0515625