3 0.15 0.3109375 0.059375 0.1078125
3 0.2578125 0.1 0.046875 0.059375
0 0.40703125 0.06328125 0.059375 0.0546875
3 0.7328125 0.0484375 0.0421875 0.0625
3 0.796875 0.18125 0.0515625 0.075
3 0.70859375 0.271875 0.08125 0.103125
3 0.8859375 0.36171875 0.059375 0.1046875
1 0.14296875 0.284375 0.025 0.05
1 0.25546875 0.090625 0.01875 0.0359375
1 0.41171875 0.05625 0.0203125 0.034375
1 0.7359375 0.0359375 0.0171875 0.0328125
1 0.80859375 0.16953125 0.0203125 0.04375
1 0.71953125 0.25390625 0.0265625 0.0515625
1 0.903125 0.353125 0.0234375 0.05