3 0.1984375 0.24296875 0.0796875 0.115625
3 0.34921875 0.05625 0.05625 0.0765625
0 0.5 0.053125 0.06875 0.065625
3 0.82109375 0.10625 0.053125 0.06875
3 0.86171875 0.2546875 0.0671875 0.090625
3 0.7625 0.325 0.096875 0.109375
3 0.90625 0.4453125 0.0796875 0.1140625
1 0.19375 0.215625 0.0359375 0.053125
1 0.35 0.04140625 0.025 0.0390625
1 0.5046875 0.0484375 0.0265625 0.0390625
1 0.82890625 0.09375 0.0234375 0.0359375
1 0.87578125 0.23828125 0.03125 0.0484375
1 0.7734375 0.3140625 0.0375 0.059375
1 0.92265625 0.44296875 0.0328125 0.053125