3 0.1328125 0.328125 0.05390625 0.1140625
3 0.24140625 0.1140625 0.04921875 0.065625
3 0.39765625 0.046875 0.04375 0.07421875
3 0.715625 0.034375 0.03828125 0.05546875
0 0.7890625 0.17578125 0.04609375 0.06953125
3 0.69609375 0.2484375 0.0734375 0.10546875
3 0.8796875 0.34921875 0.05703125 0.0984375
1 0.12578125 0.296875 0.0203125 0.04375
1 0.234375 0.1015625 0.0171875 0.03515625
1 0.39375 0.028125 0.0171875 0.034375
1 0.7203125 0.0234375 0.01640625 0.03125
1 0.70625 0.221875 0.02578125 0.05
1 0.896875 0.33828125 0.02109375 0.0484375