3 0.19765625 0.2390625 0.071875 0.109375
3 0.34609375 0.05859375 0.059375 0.075
0 0.5 0.053125 0.065625 0.0640625
3 0.821875 0.10703125 0.053125 0.06875
3 0.8515625 0.23828125 0.05625 0.0921875
3 0.75078125 0.321875 0.0984375 0.1125
0 0.9046875 0.4421875 0.078125 0.1
1 0.19453125 0.2140625 0.0328125 0.053125
1 0.3484375 0.04296875 0.025 0.034375
1 0.50546875 0.04765625 0.0265625 0.0375
1 0.82890625 0.09375 0.021875 0.034375
1 0.86640625 0.2171875 0.0265625 0.0421875
1 0.7625 0.31171875 0.0359375 0.0515625