3 0.15390625 0.30078125 0.0640625 0.0953125
3 0.27890625 0.08359375 0.0515625 0.08125
0 0.43125 0.046875 0.0671875 0.08125
3 0.75234375 0.0546875 0.040625 0.05625
3 0.8125 0.18203125 0.0484375 0.1
3 0.7234375 0.28203125 0.075 0.0921875
3 0.88984375 0.37890625 0.06875 0.09375
1 0.146875 0.278125 0.0265625 0.0484375
1 0.28203125 0.0640625 0.01875 0.0359375
1 0.4359375 0.0296875 0.021875 0.0375
1 0.759375 0.0453125 0.01875 0.0328125
2 0.821875 0.1546875 0.021875 0.0421875
1 0.90859375 0.3796875 0.028125 0.05