3 0.18046875 0.26640625 0.071875 0.109375
3 0.315625 0.07265625 0.0515625 0.0625
3 0.47421875 0.03828125 0.0578125 0.0765625
3 0.79296875 0.08515625 0.05 0.0671875
3 0.84609375 0.21953125 0.059375 0.1015625
3 0.74453125 0.28515625 0.1015625 0.1421875
3 0.89921875 0.41328125 0.075 0.1
1 0.17421875 0.24140625 0.03125 0.053125
1 0.31171875 0.06328125 0.0234375 0.0328125
1 0.4734375 0.01953125 0.0234375 0.0375
1 0.79921875 0.071875 0.021875 0.0328125
1 0.7484375 0.24765625 0.0328125 0.0546875
2 0.85703125 0.1953125 0.0265625 0.04375
1 0.91875 0.4125 0.03125 0.0515625