3 0.15546875 0.2953125 0.059375 0.1109375
3 0.284375 0.07890625 0.04375 0.071875
3 0.75234375 0.05625 0.0390625 0.059375
3 0.81328125 0.18828125 0.0515625 0.084375
3 0.721875 0.25078125 0.078125 0.134375
3 0.890625 0.375 0.065625 0.09375
1 0.14609375 0.26484375 0.0234375 0.0421875
1 0.27890625 0.059375 0.01875 0.03125
1 0.7578125 0.04375 0.0171875 0.03125
3 0.7296875 0.07890625 0.0515625 0.121875
1 0.7296875 0.21328125 0.0265625 0.05625
1 0.82734375 0.1734375 0.0234375 0.0484375
1 0.90859375 0.37109375 0.028125 0.0515625