0 0.88203125 0.3484375 0.05 0.08046875
1 0.8015625 0.16953125 0.01640625 0.03515625
3 0.7921875 0.175 0.0375 0.06640625
1 0.715625 0.25546875 0.02265625 0.040625
3 0.70390625 0.25625 0.07421875 0.08203125
1 0.71640625 0.03046875 0.01328125 0.028125
3 0.71640625 0.04296875 0.03671875 0.0546875
1 0.384375 0.04296875 0.01484375 0.03046875
3 0.38828125 0.05625 0.040625 0.0546875
1 0.2375 0.1046875 0.0140625 0.0296875
3 0.24140625 0.1171875 0.04296875 0.0546875
1 0.1234375 0.29375 0.015625 0.03359375
3 0.1390625 0.3265625 0.04765625 0.096875