1 0.15625 0.2828125 0.0265625 0.0421875
0 0.165625 0.2875 0.06875 0.0890625
1 0.31796875 0.05703125 0.01875 0.0296875
3 0.3140625 0.07265625 0.0515625 0.065625
1 0.478125 0.0359375 0.0203125 0.0328125
3 0.4671875 0.04609375 0.05 0.0625
1 0.78984375 0.065625 0.0171875 0.0296875
3 0.78671875 0.0796875 0.0421875 0.0609375
1 0.85546875 0.2171875 0.0203125 0.0328125
3 0.8421875 0.22734375 0.05 0.06875
1 0.7546875 0.29921875 0.0265625 0.0421875
0 0.7453125 0.30078125 0.084375 0.0984375
0 0.90234375 0.4171875 0.0640625 0.0875