0 0.85703125 0.296875 0.0609375 0.0859375
1 0.75234375 0.13046875 0.021875 0.0375
3 0.74375 0.1375 0.046875 0.0703125
1 0.6796875 0.228125 0.028125 0.04375
3 0.66796875 0.23046875 0.084375 0.0921875
1 0.64921875 0.009375 0.0171875 0.01875
3 0.65 0.0234375 0.04375 0.046875
1 0.321875 0.06328125 0.01875 0.0328125
3 0.32734375 0.07578125 0.0484375 0.059375
1 0.18515625 0.1453125 0.01875 0.03125
3 0.190625 0.15703125 0.05 0.059375
1 0.0984375 0.3484375 0.0203125 0.0359375
3 0.11875 0.378125 0.0609375 0.103125