1 0.1234375 0.34375 0.01875 0.03828125
0 0.13515625 0.3484375 0.05546875 0.0796875
1 0.2375 0.09453125 0.01328125 0.03125
3 0.24296875 0.11015625 0.0421875 0.06328125
1 0.39296875 0.059375 0.0140625 0.0296875
0 0.38515625 0.06640625 0.04921875 0.0453125
1 0.71171875 0.02109375 0.0125 0.0265625
3 0.70859375 0.0359375 0.03359375 0.05703125
1 0.8015625 0.16484375 0.01640625 0.03125
3 0.79296875 0.17578125 0.04140625 0.06484375
1 0.7046875 0.25390625 0.02109375 0.0453125
0 0.69921875 0.259375 0.06171875 0.08046875
1 0.878125 0.3125 0.01875 0.0453125
3 0.87421875 0.33125 0.04453125 0.08203125