0 0.89765625 0.396875 0.0625 0.0859375
1 0.73203125 0.278125 0.0265625 0.05
0 0.72734375 0.28359375 0.0671875 0.0875
1 0.83984375 0.2015625 0.0203125 0.0375
3 0.8296875 0.2171875 0.05 0.075
1 0.76796875 0.0484375 0.0171875 0.028125
3 0.7640625 0.0625 0.040625 0.059375
1 0.45390625 0.040625 0.01875 0.03125
3 0.44765625 0.05078125 0.0453125 0.05625
1 0.2890625 0.0703125 0.01875 0.03125
3 0.29140625 0.08359375 0.05 0.0640625
1 0.14453125 0.2984375 0.0234375 0.0390625
0 0.15625 0.30546875 0.065625 0.0859375