1 0.9015625 0.3234375 0.01875 0.0453125
3 0.88828125 0.3515625 0.0546875 0.103125
1 0.69765625 0.24609375 0.0234375 0.0484375
3 0.71796875 0.26640625 0.1 0.0984375
3 0.79921875 0.18359375 0.0359375 0.0671875
1 0.73125 0.025 0.0125 0.0265625
3 0.72421875 0.04140625 0.04375 0.059375
1 0.3953125 0.021875 0.015625 0.03125
3 0.396875 0.04453125 0.0421875 0.078125
1 0.24453125 0.0984375 0.015625 0.028125
3 0.25078125 0.11015625 0.040625 0.0515625
1 0.12109375 0.3375 0.0203125 0.0375
0 0.1359375 0.34296875 0.0578125 0.08125