1 0.9203125 0.39296875 0.025 0.0453125
3 0.90390625 0.4078125 0.0640625 0.0984375
1 0.74375 0.28125 0.0265625 0.0453125
3 0.73515625 0.29375 0.0828125 0.0953125
1 0.846875 0.21796875 0.0203125 0.0328125
3 0.840625 0.2296875 0.0453125 0.075
1 0.78828125 0.0609375 0.0171875 0.03125
3 0.78671875 0.07734375 0.0453125 0.0671875
1 0.459375 0.046875 0.01875 0.03125
0 0.45546875 0.05390625 0.059375 0.053125
1 0.3078125 0.06171875 0.0171875 0.0328125
3 0.30859375 0.075 0.0484375 0.0625
1 0.1484375 0.290625 0.0265625 0.04375
0 0.1625 0.2953125 0.06875 0.084375