1 0.865625 0.26484375 0.0203125 0.0421875
3 0.85703125 0.2921875 0.05625 0.0984375
1 0.66796875 0.22578125 0.0265625 0.05
3 0.6765625 0.2484375 0.0734375 0.1046875
1 0.76953125 0.134375 0.01875 0.034375
3 0.76328125 0.146875 0.05 0.0640625
1 0.6734375 0.01328125 0.015625 0.0265625
3 0.67421875 0.02734375 0.0421875 0.0546875
1 0.3515625 0.07109375 0.01875 0.0296875
0 0.34375 0.0796875 0.0546875 0.05
1 0.20703125 0.11796875 0.0171875 0.0296875
1 0.2125 0.1328125 0.04375 0.0640625
1 0.1109375 0.378125 0.0203125 0.040625
0 0.1234375 0.38125 0.0609375 0.0828125