1 0.8984375 0.31640625 0.01796875 0.04453125
3 0.8859375 0.34453125 0.05234375 0.1015625
1 0.69296875 0.24296875 0.021875 0.0484375
3 0.7140625 0.2625 0.0984375 0.096875
3 0.79375 0.178125 0.03515625 0.06640625
1 0.72265625 0.02109375 0.0125 0.02578125
3 0.71640625 0.0375 0.04296875 0.05859375
1 0.38671875 0.0234375 0.01484375 0.03125
3 0.3890625 0.04609375 0.04140625 0.078125
1 0.2375 0.103125 0.01484375 0.028125
3 0.24375 0.11484375 0.0390625 0.0515625
1 0.11796875 0.34453125 0.01953125 0.03671875
0 0.13359375 0.34921875 0.05625 0.0796875