1 0.8984375 0.32890625 0.01796875 0.04375
3 0.884375 0.34609375 0.05 0.09140625
1 0.70625 0.24609375 0.0203125 0.04296875
3 0.7 0.259375 0.0703125 0.0859375
1 0.7984375 0.1671875 0.01640625 0.03046875
3 0.79375 0.1796875 0.03515625 0.0703125
1 0.71640625 0.02109375 0.01328125 0.02890625
3 0.7171875 0.0375 0.0359375 0.06171875
1 0.3890625 0.05859375 0.01484375 0.02890625
0 0.3859375 0.06640625 0.05234375 0.0453125
1 0.24140625 0.096875 0.01328125 0.03046875
3 0.24453125 0.11015625 0.03984375 0.05703125
1 0.1203125 0.3484375 0.0203125 0.040625
0 0.134375 0.35078125 0.05703125 0.0765625