1 0.11015625 0.3796875 0.021875 0.0375
3 0.121875 0.38359375 0.0640625 0.0828125
1 0.20859375 0.12109375 0.0171875 0.03125
3 0.21171875 0.13515625 0.04375 0.0609375
3 0.35234375 0.09765625 0.0328125 0.028125
3 0.36640625 0.09140625 0.0109375 0.0125
1 0.34921875 0.0734375 0.0171875 0.0296875
0 0.346875 0.08046875 0.0578125 0.05
3 0.675 0.02578125 0.04375 0.0515625
1 0.76171875 0.121875 0.01875 0.0359375
3 0.7578125 0.1421875 0.04375 0.08125
1 0.6921875 0.23515625 0.0234375 0.046875
3 0.67578125 0.2453125 0.075 0.078125
1 0.8828125 0.29609375 0.021875 0.0453125
3 0.86875 0.31484375 0.059375 0.0984375