1 0.12109375 0.34609375 0.02109375 0.0390625
0 0.13359375 0.34921875 0.05703125 0.07890625
1 0.23984375 0.09375 0.01328125 0.028125
3 0.24453125 0.10859375 0.03828125 0.05859375
1 0.378125 0.03828125 0.01484375 0.0296875
3 0.3859375 0.0546875 0.0421875 0.06328125
1 0.7953125 0.17421875 0.0171875 0.034375
0 0.790625 0.17578125 0.03828125 0.06171875
1 0.703125 0.2578125 0.01953125 0.03984375
0 0.703125 0.26171875 0.0703125 0.08515625
1 0.8984375 0.328125 0.01796875 0.04375
3 0.8828125 0.346875 0.05078125 0.0953125