1 0.1203125 0.34921875 0.01796875 0.0390625
0 0.13203125 0.3515625 0.059375 0.08359375
1 0.23828125 0.08359375 0.0125 0.0265625
3 0.24453125 0.103125 0.03671875 0.06640625
1 0.39921875 0.05703125 0.01640625 0.0296875
0 0.39375 0.0640625 0.046875 0.04375
0 0.5734375 0.0203125 0.04375 0.03671875
1 0.72109375 0.03125 0.01328125 0.02421875
3 0.7140625 0.03828125 0.03828125 0.04921875
3 0.78515625 0.15703125 0.03359375 0.09296875
1 0.90234375 0.3296875 0.01953125 0.04453125
3 0.88515625 0.34609375 0.05234375 0.08671875
1 0.7125 0.25625 0.0203125 0.0484375
0 0.70390625 0.26640625 0.07421875 0.08203125