1 0.11796875 0.35390625 0.01875 0.0375
0 0.1265625 0.359375 0.0609375 0.0765625
1 0.22421875 0.103125 0.0140625 0.0296875
3 0.22890625 0.11796875 0.04375 0.0609375
1 0.3703125 0.05703125 0.015625 0.0296875
0 0.37265625 0.065625 0.05 0.046875
1 0.6984375 0.01484375 0.0140625 0.0265625
3 0.69609375 0.02890625 0.034375 0.0578125
1 0.79453125 0.17890625 0.0171875 0.034375
0 0.78046875 0.17578125 0.046875 0.05
1 0.890625 0.31328125 0.0203125 0.0421875
3 0.87734375 0.3359375 0.05625 0.09375
1 0.690625 0.2296875 0.021875 0.046875
3 0.6828125 0.25546875 0.0671875 0.103125