1 0.09609375 0.43671875 0.028125 0.0421875
0 0.10546875 0.43984375 0.075 0.0875
1 0.1546875 0.1625 0.01875 0.03125
3 0.16015625 0.1765625 0.05 0.065625
1 0.271875 0.0796875 0.021875 0.0359375
3 0.28203125 0.09453125 0.0625 0.075
3 0.59296875 0.01484375 0.0453125 0.0296875
1 0.71484375 0.1109375 0.0234375 0.0359375
3 0.7046875 0.11484375 0.0515625 0.06875
1 0.84453125 0.234375 0.03125 0.0484375
3 0.83515625 0.25859375 0.0703125 0.0984375
1 0.64375 0.20703125 0.0296875 0.046875
3 0.6390625 0.22109375 0.0875 0.103125