1 0.16171875 0.271875 0.0265625 0.0421875
0 0.1671875 0.2796875 0.071875 0.0859375
1 0.328125 0.0484375 0.01875 0.03125
3 0.328125 0.06484375 0.04375 0.065625
1 0.47109375 0.03984375 0.0203125 0.0328125
0 0.47421875 0.0484375 0.0515625 0.053125
1 0.8046875 0.07109375 0.0171875 0.0296875
3 0.7984375 0.08671875 0.05 0.065625
1 0.85078125 0.23203125 0.021875 0.0359375
3 0.83984375 0.23203125 0.0484375 0.0671875
1 0.92734375 0.41015625 0.028125 0.046875
3 0.90859375 0.42265625 0.065625 0.09375
1 0.746875 0.3046875 0.028125 0.046875
0 0.740625 0.30546875 0.0875 0.096875