1 0.12578125 0.3390625 0.01953125 0.0453125
1 0.13203125 0.34609375 0.05859375 0.07890625
1 0.23671875 0.09375 0.0125 0.025
3 0.24375 0.11015625 0.04140625 0.05703125
1 0.38671875 0.05546875 0.01484375 0.0296875
0 0.38515625 0.0640625 0.05 0.0484375
1 0.71171875 0.01953125 0.01328125 0.02421875
3 0.70625 0.03203125 0.03359375 0.0515625
1 0.80390625 0.18203125 0.01796875 0.03046875
0 0.7921875 0.18125 0.03984375 0.05546875
3 0.7015625 0.26171875 0.06640625 0.090625
1 0.9 0.334375 0.02109375 0.04140625
3 0.8828125 0.34765625 0.05625 0.08984375