1 0.1234375 0.34296875 0.01953125 0.03828125
0 0.134375 0.34609375 0.0546875 0.07578125
1 0.24453125 0.09140625 0.01328125 0.02890625
3 0.24765625 0.10625 0.03359375 0.05703125
1 0.38515625 0.0515625 0.01484375 0.02890625
0 0.3890625 0.0609375 0.0421875 0.046875
1 0.71640625 0.03046875 0.0125 0.02890625
3 0.715625 0.04140625 0.03671875 0.05546875
1 0.7953125 0.17578125 0.0171875 0.034375
3 0.78359375 0.17421875 0.03984375 0.0546875
1 0.70546875 0.26640625 0.021875 0.040625
0 0.6984375 0.265625 0.0734375 0.08359375
1 0.9015625 0.33046875 0.01953125 0.04375
3 0.88671875 0.346875 0.04921875 0.08828125