1 0.8953125 0.3390625 0.01875 0.040625
0 0.88125 0.3453125 0.05625 0.078125
1 0.71484375 0.25078125 0.021875 0.040625
3 0.70234375 0.259375 0.075 0.0890625
1 0.8 0.14609375 0.015625 0.034375
3 0.78984375 0.1640625 0.0375 0.071875
1 0.71640625 0.02109375 0.0140625 0.025
3 0.709375 0.03515625 0.03125 0.0515625
1 0.38984375 0.04140625 0.015625 0.03125
3 0.39296875 0.05546875 0.046875 0.0609375
1 0.24453125 0.0921875 0.015625 0.0265625
3 0.24765625 0.10703125 0.03125 0.05625
1 0.1296875 0.32578125 0.021875 0.040625
3 0.13359375 0.3453125 0.05625 0.0984375