1 0.13515625 0.31484375 0.021875 0.046875
0 0.14140625 0.32578125 0.0625 0.08125
1 0.2671875 0.07578125 0.0140625 0.0296875
3 0.26875 0.09296875 0.0375 0.0640625
1 0.40859375 0.05 0.0171875 0.03125
0 0.4078125 0.059375 0.0515625 0.053125
1 0.74296875 0.03359375 0.015625 0.0265625
3 0.73359375 0.04609375 0.0328125 0.05625
1 0.81953125 0.159375 0.01875 0.0359375
3 0.81171875 0.1796875 0.0421875 0.078125
1 0.696875 0.22890625 0.0234375 0.0453125
3 0.70625 0.25625 0.0578125 0.103125
1 0.90703125 0.35390625 0.0203125 0.0421875
3 0.890625 0.3703125 0.0578125 0.0984375