1 0.15625 0.29296875 0.0265625 0.0421875
0 0.15390625 0.30703125 0.06875 0.0953125
1 0.2875 0.0765625 0.01875 0.028125
3 0.29453125 0.08515625 0.0375 0.046875
1 0.44453125 0.0140625 0.0171875 0.028125
3 0.44375 0.0375 0.05 0.075
1 0.77265625 0.05078125 0.015625 0.0265625
3 0.765625 0.06328125 0.0375 0.05625
1 0.84453125 0.19609375 0.0203125 0.0375
3 0.834375 0.21328125 0.053125 0.08125
1 0.74765625 0.2515625 0.0265625 0.046875
3 0.734375 0.278125 0.0765625 0.1109375
1 0.915625 0.38828125 0.025 0.0375
3 0.8984375 0.39140625 0.065625 0.0890625