1 0.15234375 0.29921875 0.025 0.0421875
0 0.15078125 0.31328125 0.0671875 0.09375
1 0.28046875 0.08046875 0.0171875 0.028125
3 0.2875 0.0890625 0.0359375 0.046875
1 0.4375 0.01484375 0.015625 0.0296875
3 0.43671875 0.0375 0.0484375 0.075
1 0.76484375 0.04609375 0.015625 0.0265625
3 0.7578125 0.05859375 0.0375 0.05625
1 0.8390625 0.18984375 0.01875 0.0359375
3 0.82890625 0.2078125 0.0515625 0.0796875
1 0.74296875 0.24765625 0.025 0.046875
3 0.73046875 0.27421875 0.075 0.109375
1 0.9140625 0.38125 0.0234375 0.0375
3 0.89609375 0.384375 0.0640625 0.0890625