1 0.12421875 0.33828125 0.02109375 0.0390625
0 0.13203125 0.346875 0.05703125 0.07890625
1 0.24296875 0.0890625 0.0125 0.0296875
3 0.24609375 0.10546875 0.03515625 0.06171875
1 0.384375 0.05625 0.01484375 0.0296875
0 0.3859375 0.06171875 0.0484375 0.04453125
1 0.71171875 0.01953125 0.01328125 0.025
3 0.70703125 0.03359375 0.03515625 0.05390625
1 0.790625 0.13671875 0.01484375 0.0359375
3 0.784375 0.16171875 0.03828125 0.08671875
1 0.90078125 0.3359375 0.01953125 0.040625
3 0.88515625 0.346875 0.05390625 0.0859375
1 0.69609375 0.22109375 0.01953125 0.04375
3 0.69609375 0.246875 0.06171875 0.09609375