1 0.12890625 0.33828125 0.0203125 0.0375
0 0.13828125 0.33828125 0.053125 0.0765625
1 0.24453125 0.09453125 0.015625 0.0265625
3 0.2515625 0.10703125 0.04375 0.0515625
1 0.39921875 0.03515625 0.015625 0.0296875
3 0.40234375 0.04921875 0.040625 0.059375
1 0.7234375 0.025 0.0140625 0.025
3 0.71640625 0.03828125 0.034375 0.053125
1 0.81015625 0.17421875 0.0171875 0.034375
3 0.80078125 0.184375 0.046875 0.0703125
1 0.7171875 0.2546875 0.021875 0.0421875
3 0.70625 0.26953125 0.0734375 0.1
1 0.90078125 0.34453125 0.021875 0.040625
3 0.88359375 0.35 0.059375 0.0828125