1 0.8984375 0.3234375 0.01875 0.04375
3 0.88359375 0.34375 0.0546875 0.090625
1 0.80390625 0.165625 0.01640625 0.034375
3 0.7953125 0.178125 0.04609375 0.0703125
1 0.71015625 0.25546875 0.02265625 0.04140625
3 0.70390625 0.26640625 0.06328125 0.10078125
1 0.72265625 0.028125 0.0125 0.02890625
3 0.71875 0.04140625 0.04140625 0.05546875
1 0.40390625 0.053125 0.015625 0.0296875
0 0.39375 0.06171875 0.0453125 0.053125
1 0.23515625 0.09296875 0.01484375 0.025
3 0.24375 0.10703125 0.04609375 0.05703125
1 0.12578125 0.34375 0.02265625 0.04296875
0 0.13671875 0.34140625 0.0515625 0.07578125