1 0.115625 0.36796875 0.0234375 0.0421875
0 0.125 0.36953125 0.059375 0.084375
1 0.2125 0.11328125 0.0140625 0.03125
3 0.21796875 0.12734375 0.046875 0.0609375
1 0.35859375 0.046875 0.0171875 0.0296875
3 0.3640625 0.0609375 0.0421875 0.0609375
1 0.6796875 0.009375 0.015625 0.01875
3 0.675 0.02421875 0.0375 0.0484375
1 0.78046875 0.146875 0.01875 0.0359375
3 0.7734375 0.1625 0.0484375 0.0796875
1 0.690625 0.22890625 0.0234375 0.046875
3 0.6828125 0.25234375 0.0796875 0.103125
1 0.88515625 0.3109375 0.0234375 0.0359375
3 0.8703125 0.3171875 0.0625 0.0875