1 0.89921875 0.3359375 0.02109375 0.03984375
3 0.88203125 0.34375 0.05625 0.08125
1 0.7171875 0.24140625 0.02109375 0.04453125
3 0.70859375 0.26484375 0.07265625 0.1
1 0.80234375 0.16328125 0.015625 0.03671875
3 0.7953125 0.178125 0.0484375 0.06640625
1 0.715625 0.02109375 0.01328125 0.025
3 0.70859375 0.034375 0.03203125 0.0515625
1 0.39296875 0.02890625 0.01328125 0.0296875
3 0.39609375 0.046875 0.0390625 0.065625
1 0.23828125 0.10078125 0.01328125 0.02890625
3 0.24609375 0.1109375 0.046875 0.05
1 0.1265625 0.34375 0.01875 0.03828125
0 0.13515625 0.34453125 0.05234375 0.07578125