1 0.23984375 0.0890625 0.01328125 0.02890625
3 0.2484375 0.10390625 0.03671875 0.06015625
1 0.3953125 0.02890625 0.01484375 0.028125
3 0.3953125 0.0453125 0.040625 0.06328125
1 0.71484375 0.01953125 0.0140625 0.0265625
3 0.70859375 0.03359375 0.03359375 0.05390625
1 0.80390625 0.15625 0.01484375 0.03359375
3 0.79765625 0.17578125 0.04375 0.075
1 0.7046875 0.23828125 0.02109375 0.04375
3 0.69609375 0.25390625 0.0671875 0.0859375
1 0.896875 0.3375 0.02109375 0.03984375
3 0.8828125 0.34375 0.05546875 0.08515625