1 0.12578125 0.34296875 0.02265625 0.04375
0 0.134375 0.34375 0.0546875 0.08046875
1 0.23671875 0.096875 0.01328125 0.03046875
3 0.24375 0.10859375 0.04296875 0.05546875
1 0.390625 0.03671875 0.01484375 0.0296875
3 0.39453125 0.0515625 0.03671875 0.05859375
1 0.72265625 0.02890625 0.01328125 0.028125
3 0.71796875 0.04140625 0.040625 0.05390625
1 0.80703125 0.16796875 0.0171875 0.0359375
3 0.79609375 0.18203125 0.04296875 0.075
1 0.70390625 0.23671875 0.02109375 0.0453125
3 0.69609375 0.2609375 0.05234375 0.10546875
1 0.89921875 0.33359375 0.01953125 0.04140625
3 0.88515625 0.34765625 0.05390625 0.08828125