1 0.8984375 0.33359375 0.0203125 0.04296875
1 0.88203125 0.3484375 0.05546875 0.090625
1 0.703125 0.23828125 0.01953125 0.04375
3 0.6953125 0.2546875 0.06796875 0.08515625
1 0.80390625 0.15546875 0.01484375 0.034375
3 0.79765625 0.1734375 0.04453125 0.0734375
1 0.71484375 0.02109375 0.0140625 0.02578125
3 0.71015625 0.03515625 0.03359375 0.05390625
1 0.3859375 0.0203125 0.01328125 0.03125
3 0.3890625 0.04375 0.03984375 0.07890625
1 0.24453125 0.09296875 0.01328125 0.028125
3 0.2484375 0.1078125 0.03359375 0.05859375
1 0.12421875 0.34453125 0.01953125 0.03828125
0 0.1359375 0.34296875 0.05078125 0.0703125