1 0.84765625 0.24453125 0.0296875 0.04375
3 0.8328125 0.25625 0.075 0.0921875
1 0.6484375 0.196875 0.03125 0.0484375
3 0.6453125 0.22109375 0.0953125 0.1140625
1 0.71171875 0.1 0.0234375 0.0390625
3 0.70859375 0.11640625 0.0625 0.0765625
3 0.5890625 0.01328125 0.04375 0.0265625
1 0.28203125 0.06875 0.0203125 0.03125
3 0.28984375 0.08515625 0.053125 0.0734375
1 0.14921875 0.17578125 0.0203125 0.03125
3 0.159375 0.18359375 0.0578125 0.059375
1 0.1 0.4390625 0.028125 0.0421875
0 0.10859375 0.4375 0.06875 0.0859375