0 0.1453125 0.3234375 0.05625 0.0796875
1 0.25703125 0.08046875 0.015625 0.0265625
3 0.2640625 0.09453125 0.05 0.0609375
1 0.42578125 0.040625 0.015625 0.0296875
3 0.4171875 0.05546875 0.0484375 0.0578125
1 0.74609375 0.03984375 0.0125 0.0296875
3 0.7421875 0.05234375 0.0421875 0.0578125
1 0.81953125 0.18125 0.01875 0.034375
3 0.8109375 0.19375 0.0484375 0.0703125
1 0.721875 0.25390625 0.0234375 0.046875
3 0.71171875 0.27265625 0.075 0.0984375
1 0.90234375 0.35234375 0.0203125 0.046875
0 0.8921875 0.365625 0.0609375 0.084375