1 0.12578125 0.34453125 0.01953125 0.03671875
0 0.13515625 0.34453125 0.05234375 0.075
1 0.2375 0.09921875 0.01484375 0.0265625
3 0.24453125 0.11171875 0.04296875 0.05078125
1 0.39140625 0.03671875 0.01484375 0.02890625
3 0.39453125 0.05078125 0.03984375 0.059375
1 0.71484375 0.02109375 0.01328125 0.025
3 0.70859375 0.034375 0.03359375 0.053125
1 0.8046875 0.16875 0.0171875 0.03359375
3 0.7953125 0.17890625 0.04609375 0.06953125
1 0.7125 0.25078125 0.021875 0.04140625
3 0.70234375 0.265625 0.07109375 0.0984375
1 0.89765625 0.3375 0.02109375 0.03984375
3 0.88125 0.34296875 0.0578125 0.08125