0 0.1625 0.29296875 0.0609375 0.0828125
1 0.29453125 0.0609375 0.01875 0.028125
3 0.3 0.07578125 0.0546875 0.0640625
1 0.465625 0.0359375 0.01875 0.03125
3 0.45625 0.05 0.053125 0.0609375
1 0.78515625 0.0625 0.015625 0.0296875
3 0.78046875 0.07578125 0.046875 0.0609375
1 0.84609375 0.21015625 0.021875 0.0359375
3 0.83671875 0.221875 0.053125 0.0734375
1 0.7421875 0.27421875 0.0265625 0.0484375
3 0.73046875 0.29140625 0.0828125 0.1046875
1 0.91328125 0.3875 0.0234375 0.046875
0 0.90234375 0.4 0.0671875 0.0890625