1 0.12578125 0.34296875 0.01796875 0.03828125
0 0.13515625 0.34453125 0.04921875 0.07421875
0 0.2390625 0.134375 0.028125 0.02578125
1 0.23671875 0.0984375 0.01484375 0.02890625
3 0.24765625 0.10859375 0.04140625 0.05078125
1 0.396875 0.04921875 0.0140625 0.03125
0 0.39453125 0.059375 0.04921875 0.05390625
1 0.721875 0.02734375 0.0140625 0.0265625
3 0.71796875 0.040625 0.03984375 0.05546875
1 0.79921875 0.15625 0.01640625 0.0359375
3 0.79296875 0.16953125 0.03515625 0.06640625
1 0.70625 0.25546875 0.02109375 0.04453125
0 0.7 0.26328125 0.0703125 0.08828125
1 0.89921875 0.33046875 0.01953125 0.04296875
3 0.88203125 0.34296875 0.05859375 0.084375