1 0.1203125 0.31796875 0.01796875 0.03828125
3 0.13828125 0.33515625 0.05390625 0.08125
1 0.15078125 0.23125 0.01640625 0.03203125
0 0.15625 0.24296875 0.03671875 0.06875
1 0.19453125 0.14375 0.0125 0.0296875
1 0.2140625 0.153125 0.015625 0.03359375
3 0.19375 0.15625 0.02890625 0.06640625
0 0.2265625 0.16640625 0.03984375 0.0640625
1 0.20703125 0.11328125 0.01015625 0.01953125
1 0.24453125 0.0984375 0.0125 0.03046875
0 0.246875 0.1078125 0.0296875 0.05078125
3 0.2109375 0.11640625 0.028125 0.0359375
1 0.57578125 0.00625 0.01015625 0.0109375
1 0.6375 0.03828125 0.01328125 0.03046875
3 0.6375 0.046875 0.03828125 0.05546875
3 0.5875 0.04296875 0.0390625 0.05859375
1 0.540625 0.01953125 0.01328125 0.028125
3 0.540625 0.0359375 0.0390625 0.05703125
1 0.46796875 0.03203125 0.01171875 0.0234375
3 0.4703125 0.04296875 0.0375 0.0484375
2 0.425 0.02265625 0.01328125 0.0265625
3 0.42890625 0.040625 0.0375 0.059375
1 0.3546875 0.09140625 0.01484375 0.0296875
3 0.35390625 0.10625 0.04296875 0.06875
1 0.39765625 0.075 0.01875 0.03125
3 0.4 0.09375 0.04375 0.078125
1 0.57109375 0.078125 0.0171875 0.03203125
3 0.56640625 0.09375 0.04453125 0.06484375
1 0.61015625 0.08125 0.01640625 0.034375
3 0.61015625 0.09375 0.04140625 0.0703125
1 0.65390625 0.08515625 0.01796875 0.03125
3 0.6515625 0.10390625 0.04140625 0.07421875
1 0.3921875 0.21875 0.02265625 0.0515625
3 0.3984375 0.240625 0.06953125 0.0953125
1 0.46875 0.2125 0.0203125 0.04375
3 0.46875 0.23125 0.0515625 0.0890625
1 0.52890625 0.21953125 0.02265625 0.04921875
3 0.528125 0.24375 0.07421875 0.1
1 0.7015625 0.24296875 0.01953125 0.04375
3 0.69765625 0.2609375 0.05546875 0.09453125
1 0.7625 0.2453125 0.0234375 0.0484375
3 0.753125 0.27578125 0.05390625 0.11171875
1 0.78828125 0.3546875 0.02265625 0.05
3 0.78046875 0.38125 0.0640625 0.10625
1 0.7265625 0.33125 0.028125 0.046875
3 0.71640625 0.36875 0.06328125 0.1203125
1 0.65390625 0.30625 0.02734375 0.0609375
3 0.64609375 0.3484375 0.05546875 0.14609375
3 0.5890625 0.325 0.0875 0.14296875
1 0.3140625 0.34296875 0.02578125 0.05546875
0 0.321875 0.365625 0.07734375 0.10546875
1 0.25234375 0.32421875 0.02109375 0.05546875
3 0.26171875 0.353125 0.05703125 0.1140625
1 0.19140625 0.38203125 0.02265625 0.03984375
0 0.2015625 0.390625 0.06328125 0.10078125
1 0.76328125 0.54296875 0.02890625 0.06484375
0 0.74296875 0.53125 0.08203125 0.10625
3 0.8171875 0.5390625 0.071875 0.16171875
1 0.83671875 0.51796875 0.0328125 0.05859375
1 0.990625 0.70390625 0.01875 0.0546875
3 0.9625 0.70546875 0.07421875 0.10390625
1 0.92890625 0.48828125 0.021875 0.05078125
3 0.91015625 0.50546875 0.06953125 0.1046875
1 0.90078125 0.33046875 0.01796875 0.04375
3 0.8890625 0.35 0.04609375 0.09296875
3 0.81640625 0.18671875 0.0375 0.07109375
1 0.8046875 0.11328125 0.01328125 0.03125
3 0.7953125 0.12734375 0.034375 0.0640625
1 0.76953125 0.05546875 0.0125 0.028125
3 0.765625 0.0703125 0.0328125 0.059375
1 0.746875 0.03203125 0.0109375 0.025
3 0.74140625 0.04453125 0.03203125 0.0515625
3 0.71015625 0.0328125 0.02890625 0.05859375