1 0.140625 0.28671875 0.01875 0.03125
3 0.1578125 0.30625 0.0640625 0.0953125
1 0.1859375 0.184375 0.0203125 0.0359375
3 0.1890625 0.1984375 0.04375 0.0734375
1 0.2203125 0.13671875 0.015625 0.025
1 0.25390625 0.12109375 0.0171875 0.034375
3 0.22109375 0.1421875 0.0296875 0.0484375
3 0.2625 0.12890625 0.0421875 0.053125
2 0.246875 0.08046875 0.0140625 0.021875
3 0.24921875 0.09296875 0.034375 0.053125
1 0.284375 0.06875 0.0140625 0.0265625
1 0.20546875 0.35 0.0265625 0.04375
0 0.2140625 0.35546875 0.06875 0.1015625
1 0.2703125 0.30234375 0.0265625 0.05625
3 0.271875 0.34609375 0.06875 0.1546875
1 0.328125 0.31640625 0.03125 0.0578125
3 0.334375 0.3484375 0.0828125 0.1265625
1 0.61171875 0.33515625 0.0359375 0.0671875
3 0.60390625 0.36640625 0.0875 0.1453125
2 0.671875 0.334375 0.0328125 0.0640625
3 0.66796875 0.37109375 0.071875 0.1453125
2 0.740625 0.3421875 0.0296875 0.0609375
3 0.73125 0.38515625 0.0796875 0.1625
1 0.79609375 0.38203125 0.0265625 0.05625
0 0.78984375 0.41015625 0.0734375 0.11875
1 0.7703125 0.55859375 0.0359375 0.059375
1 0.83359375 0.5421875 0.0375 0.0625
0 0.74453125 0.5671875 0.09375 0.1234375
0 0.81640625 0.56328125 0.0796875 0.15625
1 0.72890625 0.265625 0.025 0.046875
3 0.72109375 0.2828125 0.065625 0.0984375
1 0.7859375 0.27265625 0.0265625 0.0515625
3 0.77421875 0.29921875 0.0640625 0.1109375
1 0.559375 0.23515625 0.028125 0.046875
0 0.5546875 0.24765625 0.0828125 0.103125
1 0.496875 0.225 0.028125 0.0484375
3 0.4953125 0.2375 0.0625 0.08125
1 0.421875 0.20859375 0.0296875 0.0546875
3 0.4265625 0.22890625 0.078125 0.1015625
1 0.68984375 0.09921875 0.0203125 0.0359375
0 0.6546875 0.1125 0.046875 0.084375
3 0.6921875 0.11953125 0.0453125 0.078125
1 0.6109375 0.07890625 0.021875 0.0375
3 0.6078125 0.09921875 0.05625 0.0796875
2 0.39453125 0.06875 0.0203125 0.0328125
3 0.39609375 0.08984375 0.046875 0.078125
3 0.44296875 0.084375 0.053125 0.08125
2 0.475 0.0171875 0.0140625 0.028125
3 0.47890625 0.03359375 0.0453125 0.0625
1 0.52265625 0.015625 0.015625 0.028125
3 0.52109375 0.0328125 0.0484375 0.065625
1 0.59140625 0.0265625 0.0171875 0.0296875
3 0.5890625 0.04296875 0.0453125 0.059375
1 0.63125 0.028125 0.0171875 0.0296875
3 0.63046875 0.04375 0.0453125 0.0671875
1 0.6859375 0.05546875 0.0171875 0.03125
3 0.68671875 0.0640625 0.04375 0.059375
1 0.96796875 0.7546875 0.021875 0.05625
3 0.9390625 0.7453125 0.0859375 0.1140625
1 0.928125 0.52109375 0.028125 0.0515625
3 0.90703125 0.5421875 0.078125 0.115625
1 0.915625 0.38671875 0.021875 0.0375
0 0.90390625 0.39375 0.0515625 0.09375
1 0.86015625 0.2109375 0.01875 0.034375
3 0.8515625 0.22578125 0.0390625 0.06875
1 0.84140625 0.14453125 0.0171875 0.0328125
3 0.83125 0.16328125 0.0453125 0.0734375
1 0.8046875 0.09765625 0.015625 0.028125
3 0.8078125 0.10859375 0.0359375 0.05
1 0.796875 0.07265625 0.015625 0.025
1 0.76171875 0.05390625 0.0140625 0.0265625
3 0.76015625 0.0671875 0.0359375 0.0578125
0 0.7890625 0.08046875 0.034375 0.0421875
1 0.4421875 0.06796875 0.0265625 0.0453125