1 0.1203125 0.32578125 0.01640625 0.03046875
3 0.1390625 0.34296875 0.05546875 0.090625
1 0.1546875 0.21875 0.01640625 0.03515625
3 0.159375 0.2328125 0.03671875 0.06953125
1 0.18359375 0.16796875 0.01328125 0.0234375
1 0.215625 0.14921875 0.0140625 0.03359375
3 0.18515625 0.1734375 0.02578125 0.0453125
3 0.225 0.15546875 0.03671875 0.05
2 0.2046875 0.109375 0.0125 0.02109375
3 0.2078125 0.12109375 0.02890625 0.05
1 0.240625 0.09375 0.01171875 0.02578125
1 0.19140625 0.38125 0.021875 0.04140625
0 0.20078125 0.3859375 0.059375 0.09609375
1 0.25078125 0.32734375 0.02109375 0.0546875
3 0.25703125 0.37109375 0.05390625 0.15
1 0.31015625 0.33515625 0.02578125 0.05546875
3 0.31953125 0.36640625 0.07109375 0.1203125
1 0.59375 0.32421875 0.0296875 0.06484375
3 0.5890625 0.35625 0.07421875 0.13828125
2 0.65390625 0.3171875 0.02578125 0.06171875
3 0.65390625 0.35390625 0.05703125 0.140625
2 0.72265625 0.31796875 0.02421875 0.059375
3 0.71796875 0.36171875 0.06328125 0.15625
1 0.78203125 0.3515625 0.02109375 0.05390625
0 0.77890625 0.38046875 0.06171875 0.11328125
1 0.775 0.5296875 0.0296875 0.05703125
1 0.8359375 0.50703125 0.03125 0.06015625
0 0.75 0.54140625 0.0828125 0.115625
0 0.82109375 0.5296875 0.0640625 0.15
1 0.703125 0.24296875 0.02109375 0.04453125
3 0.696875 0.2609375 0.05625 0.09296875
1 0.7609375 0.24375 0.021875 0.04921875
3 0.7515625 0.271875 0.053125 0.10546875
1 0.53125 0.23046875 0.0234375 0.0453125
0 0.528125 0.24296875 0.0734375 0.0953125
1 0.46796875 0.2265625 0.0234375 0.046875
3 0.46796875 0.2390625 0.0546875 0.0765625
1 0.3921875 0.21796875 0.02421875 0.053125
3 0.3984375 0.23828125 0.06796875 0.09453125
1 0.646875 0.08125 0.01640625 0.034375
0 0.61328125 0.0984375 0.03828125 0.08046875
3 0.6515625 0.1015625 0.03828125 0.075
1 0.56640625 0.06953125 0.01796875 0.0359375
3 0.565625 0.08984375 0.0484375 0.07578125
2 0.35 0.08203125 0.0171875 0.03125
3 0.35390625 0.103125 0.03984375 0.07421875
3 0.4 0.09296875 0.0453125 0.0765625
2 0.425 0.02265625 0.01171875 0.0265625
3 0.43046875 0.03828125 0.03984375 0.059375
1 0.471875 0.015625 0.01328125 0.0265625
3 0.471875 0.03203125 0.0421875 0.06328125
1 0.54140625 0.01953125 0.01484375 0.028125
3 0.540625 0.0359375 0.03984375 0.05625
1 0.58125 0.0171875 0.0140625 0.02890625
3 0.58203125 0.0328125 0.03828125 0.0640625
1 0.63828125 0.03828125 0.01484375 0.03046875
3 0.63984375 0.046875 0.03828125 0.05546875
1 0.9921875 0.7046875 0.015625 0.05546875
3 0.9625 0.6984375 0.075 0.10625
1 0.928125 0.4765625 0.0234375 0.05
3 0.909375 0.49921875 0.0671875 0.109375
1 0.9015625 0.34375 0.01796875 0.0359375
0 0.890625 0.35234375 0.04296875 0.08984375
1 0.828125 0.175 0.015625 0.03359375
3 0.82109375 0.190625 0.0328125 0.06640625
1 0.80234375 0.1109375 0.0140625 0.03125
3 0.79453125 0.13046875 0.03828125 0.06953125
1 0.7609375 0.06796875 0.0125 0.0265625
3 0.765625 0.07890625 0.03046875 0.046875
1 0.75078125 0.04375 0.0125 0.0234375
1 0.71328125 0.02890625 0.01171875 0.02578125
3 0.71328125 0.0421875 0.03046875 0.0546875
0 0.74375 0.05234375 0.0296875 0.03984375
1 0.39765625 0.0765625 0.021875 0.04375