1 0.15859375 0.28046875 0.025 0.040625
0 0.16796875 0.28359375 0.0609375 0.08125
0 0.30625 0.09453125 0.0328125 0.0296875
1 0.31015625 0.05859375 0.0203125 0.03125
3 0.31953125 0.07109375 0.05 0.0578125
1 0.4765625 0.03828125 0.01875 0.0328125
0 0.47265625 0.04765625 0.0578125 0.0609375
1 0.80078125 0.0734375 0.01875 0.028125
3 0.79453125 0.08515625 0.0484375 0.0609375
1 0.8546875 0.21328125 0.021875 0.0375
3 0.84609375 0.22578125 0.046875 0.071875
1 0.7453125 0.2953125 0.028125 0.046875
0 0.73828125 0.3015625 0.084375 0.0984375
1 0.92265625 0.40234375 0.0265625 0.0453125
3 0.903125 0.41171875 0.071875 0.09375