1 0.2265625 0.3140625 0.0328125 0.0484375
0 0.23359375 0.32421875 0.0796875 0.109375
1 0.29375 0.27578125 0.034375 0.059375
3 0.29296875 0.3203125 0.0875 0.159375
1 0.3515625 0.2984375 0.0375 0.0609375
0 0.3546875 0.328125 0.1 0.1328125
3 0.61953125 0.378125 0.103125 0.1515625
2 0.69296875 0.35703125 0.040625 0.06875
3 0.6828125 0.39375 0.0875 0.1484375
1 0.76875 0.40234375 0.0375 0.0609375
3 0.7453125 0.4125 0.084375 0.0984375
1 0.81015625 0.4203125 0.0328125 0.0578125
1 0.8015625 0.446875 0.08125 0.1203125
1 0.75546875 0.29375 0.0328125 0.05
1 0.8125 0.309375 0.034375 0.0546875
1 0.7984375 0.33359375 0.0765625 0.11875
3 0.74609375 0.31328125 0.0765625 0.1046875
1 0.59140625 0.24375 0.0328125 0.0515625
0 0.58515625 0.25546875 0.0921875 0.1046875
1 0.5265625 0.221875 0.0296875 0.046875
3 0.5265625 0.2390625 0.0703125 0.0875
3 0.45859375 0.2234375 0.0890625 0.109375
1 0.46015625 0.2015625 0.034375 0.0546875
1 0.73828125 0.12421875 0.0234375 0.0375
0 0.69921875 0.1359375 0.05625 0.0875
3 0.7375 0.1453125 0.0546875 0.0828125
1 0.66640625 0.1015625 0.025 0.0390625
3 0.65703125 0.11640625 0.059375 0.0765625
1 0.4515625 0.06015625 0.021875 0.0375
1 0.49609375 0.06171875 0.0234375 0.034375
3 0.44765625 0.0765625 0.0546875 0.0765625
3 0.49375 0.08046875 0.0578125 0.0796875
2 0.53828125 0.01796875 0.0171875 0.028125
3 0.53515625 0.03671875 0.0515625 0.06875
2 0.57890625 0.02421875 0.0203125 0.0296875
3 0.575 0.040625 0.046875 0.065625
1 0.6484375 0.03984375 0.01875 0.03125
3 0.64453125 0.0546875 0.053125 0.0703125
3 0.68125 0.06484375 0.0484375 0.075
1 0.73828125 0.08046875 0.0203125 0.0328125
3 0.73671875 0.08671875 0.046875 0.05
1 0.8171875 0.0890625 0.0171875 0.028125
3 0.8125 0.10234375 0.0453125 0.0609375
2 0.84296875 0.0984375 0.015625 0.0265625
3 0.840625 0.11328125 0.040625 0.0609375
1 0.86015625 0.128125 0.01875 0.03125
3 0.85625 0.14140625 0.04375 0.0625
1 0.884375 0.1984375 0.0234375 0.0359375
3 0.871875 0.21015625 0.05625 0.0703125
1 0.89296875 0.25625 0.025 0.0375
3 0.8828125 0.27109375 0.046875 0.0734375
1 0.9296875 0.42421875 0.0265625 0.0453125
3 0.91484375 0.43984375 0.0625 0.0984375
1 0.92265625 0.57265625 0.0359375 0.0546875
3 0.9 0.58671875 0.0859375 0.1171875
1 0.82578125 0.58203125 0.04375 0.065625
0 0.80546875 0.60390625 0.1015625 0.1703125
1 0.76171875 0.5859375 0.0421875 0.0625
0 0.73359375 0.5984375 0.109375 0.1453125
1 0.93203125 0.81015625 0.03125 0.0625
0 0.9046875 0.80234375 0.0984375 0.128125
3 0.171875 0.26875 0.075 0.0921875
1 0.22734375 0.1484375 0.025 0.0390625
3 0.228125 0.1625 0.0515625 0.075
1 0.2671875 0.10390625 0.0203125 0.03125
0 0.27265625 0.109375 0.0421875 0.05
1 0.3015625 0.09609375 0.021875 0.034375
3 0.3078125 0.11328125 0.0515625 0.0703125
3 0.30546875 0.06328125 0.04375 0.0578125
1 0.34375 0.03828125 0.0203125 0.03125
3 0.34296875 0.0546875 0.0453125 0.0671875