1 0.14453125 0.3046875 0.021875 0.040625
0 0.153125 0.30703125 0.05625 0.0796875
0 0.27890625 0.109375 0.03125 0.028125
1 0.28046875 0.0734375 0.0171875 0.0296875
3 0.28984375 0.084375 0.046875 0.0546875
1 0.44453125 0.040625 0.0171875 0.0328125
0 0.44140625 0.05078125 0.0546875 0.059375
1 0.7703125 0.053125 0.0171875 0.028125
3 0.76484375 0.065625 0.0453125 0.059375
1 0.83359375 0.1890625 0.0203125 0.0375
3 0.82578125 0.20234375 0.0421875 0.0703125
1 0.73046875 0.278125 0.025 0.046875
0 0.7234375 0.28515625 0.0796875 0.0953125
1 0.91484375 0.3734375 0.0234375 0.0453125
3 0.89609375 0.38359375 0.0671875 0.090625