1 0.16015625 0.25703125 0.0265625 0.0421875
3 0.171875 0.28125 0.0703125 0.1078125
1 0.20625 0.16953125 0.0234375 0.0390625
3 0.2046875 0.18671875 0.05625 0.0859375
1 0.2796875 0.1109375 0.0203125 0.0390625
3 0.25078125 0.1140625 0.05 0.0796875
0 0.2875 0.12578125 0.0515625 0.0703125
1 0.27421875 0.06953125 0.01875 0.028125
1 0.31875 0.05859375 0.0171875 0.028125
3 0.27890625 0.075 0.040625 0.0484375
0 0.31875 0.06875 0.040625 0.05625
1 0.4265625 0.0796875 0.0203125 0.0328125
0 0.4234375 0.090625 0.053125 0.0640625
1 0.47265625 0.0640625 0.025 0.0359375
3 0.4703125 0.08125 0.05625 0.0796875
1 0.509375 0.0359375 0.0171875 0.0296875
0 0.50546875 0.0453125 0.0421875 0.0515625
1 0.54921875 0.0328125 0.0171875 0.028125
3 0.55 0.04375 0.046875 0.0546875
1 0.6234375 0.03671875 0.0171875 0.028125
3 0.6203125 0.05234375 0.0484375 0.0609375
1 0.66796875 0.05390625 0.0203125 0.034375
3 0.665625 0.065625 0.05 0.065625
1 0.66015625 0.0265625 0.0109375 0.0125
1 0.6375 0.09921875 0.025 0.034375
3 0.63203125 0.1109375 0.0515625 0.06875
1 0.68203125 0.10625 0.021875 0.0390625
3 0.6765625 0.11875 0.0546875 0.078125
1 0.72421875 0.1140625 0.0234375 0.0375
3 0.71796875 0.134375 0.0546875 0.0828125
1 0.71875 0.07109375 0.0171875 0.03125
3 0.71484375 0.08046875 0.046875 0.059375
1 0.803125 0.29375 0.0328125 0.0546875
1 0.7421875 0.28203125 0.0265625 0.04375
3 0.78828125 0.321875 0.0734375 0.121875
3 0.73515625 0.30078125 0.071875 0.103125
1 0.57578125 0.228125 0.03125 0.053125
3 0.57421875 0.24921875 0.0890625 0.1078125
1 0.5109375 0.2203125 0.0296875 0.046875
3 0.51328125 0.2390625 0.0671875 0.0875
1 0.44296875 0.20390625 0.03125 0.05625
3 0.4453125 0.2265625 0.084375 0.1046875
1 0.21640625 0.33359375 0.03125 0.0484375
0 0.221875 0.33828125 0.071875 0.109375
1 0.2734375 0.32734375 0.0359375 0.0515625
0 0.278125 0.3296875 0.075 0.121875
1 0.33828125 0.32265625 0.0359375 0.059375
0 0.34765625 0.34140625 0.1 0.109375
3 0.61640625 0.36875 0.1078125 0.16875
1 0.6875 0.3390625 0.0375 0.0640625
3 0.67734375 0.375 0.06875 0.15
1 0.7515625 0.37265625 0.0359375 0.05
3 0.7359375 0.4078125 0.0828125 0.1296875
1 0.809375 0.4078125 0.03125 0.053125
3 0.796875 0.43125 0.08125 0.1125
1 0.7609375 0.53671875 0.040625 0.0671875
3 0.7390625 0.58671875 0.1171875 0.18125
0 0.80546875 0.58984375 0.0984375 0.165625
1 0.94921875 0.7859375 0.0265625 0.0625
3 0.9203125 0.77890625 0.0921875 0.121875
1 0.92265625 0.5515625 0.028125 0.053125
3 0.90078125 0.57421875 0.08125 0.121875
1 0.92421875 0.40234375 0.025 0.046875
3 0.91015625 0.41953125 0.0609375 0.0984375
1 0.87265625 0.228125 0.025 0.0390625
3 0.86640625 0.2453125 0.046875 0.075
1 0.86796875 0.17109375 0.0171875 0.0328125
3 0.85703125 0.18359375 0.0453125 0.065625
1 0.8375 0.109375 0.0171875 0.0296875
3 0.834375 0.12421875 0.040625 0.059375
1 0.82421875 0.0828125 0.0140625 0.028125
0 0.81875 0.09296875 0.040625 0.05625
3 0.790625 0.07734375 0.040625 0.0671875