1 0.21953125 0.3234375 0.03125 0.0484375
0 0.22734375 0.334375 0.0765625 0.109375
1 0.2859375 0.28359375 0.0328125 0.059375
3 0.28671875 0.328125 0.0828125 0.1578125
1 0.34453125 0.303125 0.0359375 0.059375
0 0.3484375 0.33359375 0.096875 0.13125
3 0.61484375 0.37421875 0.1 0.15
2 0.6875 0.35 0.0390625 0.0671875
3 0.67890625 0.3875 0.084375 0.146875
1 0.76484375 0.39296875 0.0359375 0.0609375
3 0.7421875 0.40390625 0.08125 0.096875
1 0.80703125 0.409375 0.03125 0.0578125
1 0.8 0.43671875 0.0765625 0.1203125
1 0.74765625 0.28515625 0.03125 0.05
1 0.80546875 0.2984375 0.0328125 0.053125
1 0.7921875 0.3234375 0.0734375 0.11875
3 0.7390625 0.3046875 0.0734375 0.103125
1 0.58203125 0.240625 0.03125 0.0515625
0 0.5765625 0.25234375 0.090625 0.103125
1 0.5171875 0.22109375 0.0296875 0.046875
3 0.5171875 0.23828125 0.0671875 0.0875
3 0.44921875 0.225 0.0859375 0.1078125
1 0.44921875 0.203125 0.0328125 0.0546875
1 0.725 0.11640625 0.0234375 0.0375
0 0.68671875 0.1296875 0.0546875 0.0859375
3 0.725 0.13671875 0.0515625 0.08125
1 0.65234375 0.09609375 0.025 0.0375
3 0.64296875 0.1109375 0.05625 0.0765625
1 0.43671875 0.06171875 0.021875 0.0359375
1 0.48046875 0.0625 0.021875 0.034375
3 0.4328125 0.07890625 0.0515625 0.075
3 0.47890625 0.08125 0.05625 0.078125
2 0.52109375 0.0171875 0.0171875 0.028125
3 0.51875 0.0359375 0.05 0.0671875
2 0.56171875 0.021875 0.0203125 0.0296875
3 0.55859375 0.03828125 0.0453125 0.065625
1 0.6328125 0.034375 0.01875 0.03125
3 0.62890625 0.05 0.0515625 0.0703125
3 0.66640625 0.05859375 0.046875 0.0734375
1 0.7234375 0.071875 0.01875 0.0328125
3 0.721875 0.078125 0.0453125 0.05
1 0.80234375 0.078125 0.0171875 0.028125
3 0.7984375 0.09140625 0.04375 0.059375
2 0.82890625 0.08671875 0.0140625 0.0265625
3 0.82734375 0.10234375 0.0390625 0.0609375
1 0.846875 0.11640625 0.0171875 0.03125
3 0.84375 0.12890625 0.0421875 0.0625
1 0.87421875 0.18515625 0.021875 0.0359375
3 0.86171875 0.196875 0.0546875 0.06875
1 0.884375 0.24296875 0.0234375 0.0375
3 0.87421875 0.2578125 0.0453125 0.0734375
1 0.9265625 0.409375 0.0265625 0.0453125
3 0.9125 0.42578125 0.059375 0.0984375
1 0.925 0.5578125 0.034375 0.0546875
3 0.903125 0.57265625 0.0828125 0.1171875
1 0.828125 0.57109375 0.0421875 0.065625
0 0.80859375 0.59375 0.096875 0.16875
1 0.7640625 0.5765625 0.040625 0.0625
0 0.7375 0.58984375 0.10625 0.14375
1 0.9421875 0.79453125 0.0296875 0.0625
0 0.91484375 0.78828125 0.0953125 0.1265625
3 0.1640625 0.28046875 0.071875 0.090625
1 0.215625 0.1578125 0.025 0.0390625
3 0.21640625 0.171875 0.0484375 0.075
1 0.25390625 0.1125 0.01875 0.0296875
0 0.259375 0.1171875 0.040625 0.0484375
1 0.2875 0.103125 0.021875 0.034375
3 0.29453125 0.1203125 0.05 0.0703125
3 0.290625 0.0703125 0.0421875 0.05625
1 0.32734375 0.04375 0.01875 0.0296875
3 0.32734375 0.0609375 0.04375 0.0671875