1 0.1015625 0.40234375 0.025 0.0390625
0 0.11328125 0.41015625 0.0578125 0.078125
1 0.109375 0.29609375 0.0234375 0.0375
0 0.115625 0.309375 0.0609375 0.0875
1 0.125 0.2046875 0.0203125 0.03125
3 0.134375 0.22265625 0.046875 0.0734375
1 0.16015625 0.2078125 0.021875 0.040625
3 0.171875 0.22109375 0.05 0.071875
1 0.1453125 0.16953125 0.0171875 0.028125
3 0.15078125 0.17421875 0.034375 0.05
2 0.16796875 0.14609375 0.0171875 0.028125
3 0.1796875 0.16171875 0.0421875 0.0640625
1 0.28359375 0.12578125 0.021875 0.0328125
3 0.2828125 0.1390625 0.0484375 0.0640625
1 0.33125 0.046875 0.025 0.034375
3 0.3296875 0.08984375 0.0875 0.134375
1 0.35234375 0.034375 0.0203125 0.03125
3 0.36640625 0.0765625 0.065625 0.125
1 0.38828125 0.04375 0.0171875 0.028125
3 0.39453125 0.05390625 0.0375 0.0546875
3 0.4625 0.03515625 0.05 0.0625
1 0.49453125 0.06875 0.0203125 0.0328125
3 0.49296875 0.0859375 0.0546875 0.0765625
3 0.53671875 0.08125 0.0578125 0.08125
1 0.57109375 0.06171875 0.0234375 0.0359375
3 0.58046875 0.0765625 0.0546875 0.075
0 0.5625 0.03828125 0.05 0.053125
3 0.5109375 0.0296875 0.05 0.059375
1 0.3453125 0.24140625 0.03125 0.0546875
3 0.3546875 0.26015625 0.084375 0.1046875
1 0.41640625 0.21171875 0.028125 0.053125
3 0.421875 0.23671875 0.071875 0.1109375
1 0.47890625 0.21953125 0.028125 0.0484375
3 0.4828125 0.23828125 0.0890625 0.1046875
1 0.65390625 0.21171875 0.028125 0.0484375
3 0.653125 0.23125 0.071875 0.1015625
1 0.7140625 0.20234375 0.0328125 0.0546875
3 0.71015625 0.23203125 0.0703125 0.11875
1 0.75859375 0.30625 0.0296875 0.053125
3 0.75546875 0.33203125 0.08125 0.1109375
1 0.7 0.30625 0.0390625 0.0640625
3 0.69140625 0.33515625 0.0796875 0.1234375
1 0.6265625 0.29609375 0.0359375 0.0671875
3 0.6265625 0.33203125 0.084375 0.1453125
1 0.57421875 0.30390625 0.0375 0.0640625
3 0.56640625 0.32890625 0.1078125 0.146875
1 0.2890625 0.3875 0.0359375 0.0578125
0 0.3 0.403125 0.103125 0.10625
1 0.2296875 0.41484375 0.028125 0.046875
0 0.23359375 0.41875 0.0765625 0.1140625
1 0.1734375 0.4359375 0.03125 0.0515625
0 0.18203125 0.4390625 0.0734375 0.1078125
1 0.77265625 0.48359375 0.0421875 0.0625
3 0.75390625 0.50078125 0.109375 0.14375
1 0.83359375 0.45546875 0.040625 0.065625
3 0.8203125 0.478125 0.09375 0.1703125
0 0.97421875 0.62734375 0.0515625 0.1203125
1 0.91640625 0.4078125 0.0296875 0.053125
3 0.9015625 0.4328125 0.0796875 0.115625
1 0.86484375 0.26171875 0.025 0.046875
3 0.85625 0.284375 0.0609375 0.1
1 0.759375 0.11796875 0.0234375 0.0375
3 0.75703125 0.1359375 0.053125 0.075
1 0.7328125 0.0640625 0.01875 0.0328125
3 0.72734375 0.08125 0.046875 0.06875
1 0.68515625 0.02109375 0.01875 0.03125
3 0.6859375 0.03359375 0.040625 0.0609375
1 0.66328125 0.00546875 0.0140625 0.0109375
3 0.66171875 0.01953125 0.0390625 0.0390625
1 0.63125 0.0078125 0.01875 0.015625
3 0.63125 0.02109375 0.04375 0.0421875