1 0.12265625 0.31875 0.01875 0.04375
3 0.1375 0.3359375 0.0484375 0.08125
1 0.15078125 0.2296875 0.015625 0.034375
1 0.1546875 0.24609375 0.046875 0.075
1 0.184375 0.15546875 0.0125 0.03125
3 0.18828125 0.16875 0.0375 0.059375
1 0.2171875 0.153125 0.015625 0.0390625
3 0.22578125 0.16640625 0.0375 0.06875
1 0.20703125 0.11015625 0.0125 0.0296875
3 0.21328125 0.11796875 0.028125 0.0453125
1 0.23828125 0.0984375 0.015625 0.0296875
3 0.24609375 0.10625 0.03125 0.05
1 0.18828125 0.38203125 0.025 0.0453125
0 0.19921875 0.3875 0.0578125 0.10625
1 0.246875 0.37421875 0.0234375 0.04375
0 0.253125 0.38046875 0.05625 0.1125
1 0.31171875 0.35078125 0.0265625 0.05625
0 0.321875 0.36953125 0.084375 0.09375
1 0.5859375 0.2828125 0.025 0.0625
3 0.58203125 0.32421875 0.071875 0.14375
1 0.6515625 0.290625 0.028125 0.0625
3 0.64765625 0.33515625 0.0625 0.15625
1 0.73203125 0.33515625 0.028125 0.05625
3 0.71640625 0.36875 0.0625 0.128125
1 0.78828125 0.35546875 0.021875 0.05
3 0.78125 0.38125 0.0640625 0.096875
1 0.7625 0.24296875 0.0234375 0.05
3 0.75390625 0.27578125 0.053125 0.1125
3 0.69453125 0.24375 0.065625 0.1296875
1 0.53125 0.21875 0.025 0.05
3 0.52890625 0.23828125 0.075 0.09375
1 0.46953125 0.21796875 0.021875 0.04375
3 0.4671875 0.23671875 0.059375 0.08125
1 0.65234375 0.08046875 0.0171875 0.034375
3 0.6515625 0.10078125 0.04375 0.075
1 0.61015625 0.07890625 0.015625 0.0390625
3 0.609375 0.09453125 0.04375 0.075
1 0.56953125 0.0796875 0.01875 0.034375
3 0.565625 0.09296875 0.04375 0.0625
1 0.44453125 0.065625 0.01875 0.034375
3 0.44453125 0.08359375 0.040625 0.075
2 0.4 0.04375 0.01875 0.034375
3 0.40078125 0.0765625 0.04375 0.1015625
0 0.35078125 0.10546875 0.04375 0.0625
3 0.4296875 0.04296875 0.028125 0.053125
0 0.46875 0.04375 0.0375 0.04375
3 0.509375 0.04140625 0.0390625 0.053125
1 0.546875 0.02578125 0.0125 0.03125
3 0.546875 0.03828125 0.0390625 0.05625
3 0.590625 0.04375 0.0421875 0.059375
1 0.6421875 0.04296875 0.015625 0.028125
3 0.6359375 0.053125 0.0375 0.05
1 0.61328125 0.00625 0.0125 0.009375
1 0.57578125 0.00703125 0.009375 0.0125
1 0.71875 0.02109375 0.0125 0.025
3 0.7125 0.03359375 0.0265625 0.0515625
1 0.746875 0.03359375 0.0109375 0.025
3 0.74296875 0.0453125 0.03125 0.0515625
1 0.765625 0.06171875 0.0125 0.028125
3 0.7640625 0.0734375 0.03125 0.05625
1 0.80390625 0.11171875 0.0125 0.03125
3 0.79453125 0.12890625 0.040625 0.06875
1 0.83828125 0.19375 0.01875 0.0390625
0 0.825 0.1984375 0.0421875 0.053125
1 0.90234375 0.328125 0.0171875 0.04375
3 0.88828125 0.35078125 0.04375 0.09375
1 0.9359375 0.49375 0.021875 0.05
3 0.91328125 0.51328125 0.06875 0.1125
1 0.99296875 0.70546875 0.0140625 0.0546875
0 0.96328125 0.70390625 0.071875 0.109375
1 0.77265625 0.52265625 0.03125 0.05625
1 0.83515625 0.5125 0.028125 0.059375
3 0.81953125 0.534375 0.065625 0.15625
3 0.75 0.54140625 0.0859375 0.1203125