1 0.128125 0.30625 0.01953125 0.03984375
3 0.14375 0.3265625 0.05078125 0.08671875
1 0.15 0.22890625 0.0171875 0.034375
0 0.15625 0.24453125 0.04296875 0.0796875
1 0.18203125 0.15546875 0.01328125 0.0296875
0 0.18828125 0.16796875 0.03671875 0.0640625
1 0.2203125 0.128125 0.01640625 0.03203125
3 0.22578125 0.14921875 0.03515625 0.0796875
1 0.2015625 0.11875 0.0125 0.02421875
0 0.203125 0.125 0.0234375 0.04296875
1 0.23359375 0.103125 0.0140625 0.02578125
0 0.2421875 0.1125 0.03359375 0.05625
1 0.3296875 0.01796875 0.01640625 0.03203125
3 0.32734375 0.0546875 0.03828125 0.1015625
1 0.35390625 0.09375 0.015625 0.03359375
0 0.35390625 0.10703125 0.04453125 0.06484375
1 0.39765625 0.07421875 0.01875 0.03203125
3 0.4 0.09296875 0.04453125 0.07109375
1 0.42734375 0.040625 0.01171875 0.02890625
3 0.4265625 0.0515625 0.03515625 0.0515625
1 0.46796875 0.03125 0.0140625 0.028125
3 0.4703125 0.04375 0.03828125 0.05
1 0.54140625 0.0234375 0.01328125 0.03046875
3 0.540625 0.03671875 0.04140625 0.05703125
1 0.5671875 0.08046875 0.01875 0.03125
0 0.56328125 0.09453125 0.040625 0.06328125
1 0.6109375 0.08125 0.015625 0.03828125
3 0.609375 0.09765625 0.0453125 0.06953125
1 0.653125 0.08125 0.0171875 0.034375
3 0.6515625 0.10234375 0.03984375 0.0765625
3 0.58828125 0.0390625 0.03828125 0.075
1 0.64140625 0.03984375 0.01484375 0.0296875
3 0.6375 0.05078125 0.0390625 0.05078125
1 0.3921875 0.21796875 0.02421875 0.05390625
3 0.3984375 0.23984375 0.06796875 0.0984375
1 0.47578125 0.20625 0.02109375 0.04453125
3 0.47421875 0.23125 0.0515625 0.09296875
1 0.528125 0.21875 0.02109375 0.05
3 0.52890625 0.24140625 0.07421875 0.09453125
1 0.70234375 0.24296875 0.02265625 0.0453125
3 0.69765625 0.26171875 0.05859375 0.09453125
1 0.7625 0.24453125 0.0234375 0.0484375
3 0.75390625 0.275 0.053125 0.10703125
1 0.7890625 0.35390625 0.02109375 0.05078125
3 0.78125 0.37890625 0.0640625 0.1015625
1 0.72890625 0.33125 0.03125 0.04921875
3 0.71640625 0.36796875 0.06328125 0.125
1 0.66015625 0.321875 0.02578125 0.0640625
3 0.65703125 0.3578125 0.05546875 0.13828125
1 0.6109375 0.32109375 0.028125 0.06171875
3 0.596875 0.34375 0.08203125 0.13671875
1 0.31171875 0.3515625 0.02734375 0.053125
0 0.31953125 0.3703125 0.08671875 0.09609375
1 0.246875 0.36875 0.0234375 0.04375
1 0.18828125 0.38203125 0.02578125 0.04609375
0 0.19921875 0.3875 0.0578125 0.0953125
0 0.25234375 0.3734375 0.0546875 0.10625
1 0.771875 0.5203125 0.03125 0.059375
3 0.75 0.54296875 0.08828125 0.12890625
1 0.83359375 0.51328125 0.0296875 0.06171875
3 0.821875 0.53359375 0.0640625 0.159375
1 0.9921875 0.70546875 0.015625 0.05703125
0 0.9640625 0.70859375 0.071875 0.1203125
1 0.92578125 0.48125 0.021875 0.05
3 0.9078125 0.50546875 0.06328125 0.10625
1 0.90078125 0.3296875 0.01875 0.04296875
3 0.8890625 0.34921875 0.04609375 0.09375
1 0.81953125 0.16796875 0.02109375 0.03828125
3 0.81640625 0.1859375 0.0375 0.06953125
1 0.8046875 0.11328125 0.0125 0.03046875
3 0.79453125 0.13125 0.03984375 0.06953125
1 0.76484375 0.06015625 0.0140625 0.03125
3 0.76640625 0.07421875 0.03046875 0.05546875
1 0.746875 0.034375 0.0109375 0.02421875
3 0.74296875 0.04609375 0.0328125 0.0484375
1 0.715625 0.0234375 0.01328125 0.0296875
3 0.7125 0.03671875 0.0296875 0.05546875