3 0.1140625 0.42265625 0.071875 0.0953125
3 0.10546875 0.30625 0.0609375 0.096875
3 0.13046875 0.23125 0.0484375 0.075
3 0.16171875 0.228125 0.0546875 0.0671875
3 0.1359375 0.184375 0.04375 0.0625
3 0.271875 0.14609375 0.0578125 0.0828125
3 0.31796875 0.12578125 0.0640625 0.084375
0 0.3609375 0.12421875 0.053125 0.0640625
3 0.33671875 0.0671875 0.05625 0.0765625
3 0.3734375 0.0546875 0.0515625 0.0703125
3 0.4171875 0.05 0.0453125 0.059375
3 0.45078125 0.0390625 0.05625 0.06875
3 0.49296875 0.034375 0.0546875 0.06875
3 0.54140625 0.03203125 0.046875 0.0578125
3 0.5625 0.0765625 0.059375 0.090625
3 0.52265625 0.0796875 0.059375 0.0859375
3 0.478125 0.0890625 0.0625 0.084375
3 0.34609375 0.26484375 0.09375 0.125
3 0.41484375 0.25546875 0.0734375 0.0890625
3 0.475 0.24296875 0.096875 0.1140625
3 0.62109375 0.21171875 0.0765625 0.115625
3 0.696875 0.22578125 0.0875 0.1296875
0 0.746875 0.32890625 0.0796875 0.1046875
3 0.684375 0.3265625 0.0921875 0.15625
3 0.62265625 0.3296875 0.090625 0.1546875
3 0.55546875 0.34140625 0.109375 0.159375
0 0.29609375 0.409375 0.109375 0.11875
0 0.2375 0.43203125 0.0796875 0.1375
0 0.18828125 0.43828125 0.075 0.109375
3 0.74765625 0.49140625 0.1109375 0.1390625
3 0.81953125 0.471875 0.1078125 0.1734375
3 0.97265625 0.60234375 0.0546875 0.1328125
3 0.9 0.4203125 0.090625 0.1265625
0 0.81640625 0.27734375 0.0703125 0.1078125
3 0.8515625 0.25859375 0.0578125 0.1
0 0.75546875 0.13515625 0.0578125 0.071875
3 0.71328125 0.0765625 0.0453125 0.0734375
3 0.67265625 0.03125 0.0453125 0.0625
3 0.64375 0.01640625 0.040625 0.0328125
3 0.6109375 0.01640625 0.04375 0.0328125
3 0.12265625 0.57578125 0.1140625 0.2015625
3 0.18046875 0.5328125 0.1203125 0.240625
1 0.09921875 0.4125 0.03125 0.0484375
1 0.09296875 0.28515625 0.028125 0.0453125
1 0.121875 0.21640625 0.0234375 0.0359375
1 0.15546875 0.22109375 0.025 0.0453125
2 0.13046875 0.17421875 0.021875 0.0328125
1 0.1609375 0.16171875 0.021875 0.0328125
2 0.17265625 0.140625 0.0265625 0.0421875
3 0.19921875 0.2125 0.0890625 0.203125
1 0.25859375 0.128125 0.0265625 0.0375
1 0.31015625 0.1125 0.0296875 0.04375
3 0.3 0.07890625 0.0546875 0.0765625
2 0.33125 0.05078125 0.021875 0.0328125
1 0.3609375 0.11484375 0.0265625 0.0421875
1 0.4484375 0.02890625 0.025 0.0375
1 0.49140625 0.0203125 0.0234375 0.0390625
1 0.540625 0.02421875 0.021875 0.0375
1 0.559375 0.05703125 0.028125 0.04375
1 0.5234375 0.0640625 0.028125 0.046875
1 0.48125 0.0734375 0.03125 0.04375
2 0.3359375 0.23828125 0.040625 0.0625
1 0.4109375 0.24375 0.0359375 0.0578125
1 0.4765625 0.22578125 0.034375 0.05625
1 0.70390625 0.1953125 0.0390625 0.065625
1 0.7625 0.32265625 0.0375 0.0578125
1 0.6765625 0.2890625 0.0421875 0.06875
1 0.55703125 0.315625 0.0453125 0.0734375
1 0.2859375 0.3953125 0.04375 0.06875
1 0.22578125 0.425 0.0359375 0.05625
1 0.178125 0.4421875 0.0375 0.0578125
1 0.76796875 0.47421875 0.0453125 0.071875
1 0.8328125 0.45703125 0.05 0.0765625
1 0.91328125 0.39296875 0.0359375 0.0609375
1 0.825 0.2578125 0.0328125 0.053125
1 0.7671875 0.13046875 0.028125 0.046875
1 0.71484375 0.0609375 0.025 0.0390625
1 0.66953125 0.0171875 0.021875 0.034375
1 0.64453125 0.0046875 0.0203125 0.009375
1 0.6171875 0.003125 0.021875 0.00625
3 0.68046875 0.10859375 0.0765625 0.140625