3 0.13828125 0.34375 0.05546875 0.08515625
3 0.1546875 0.228125 0.04296875 0.08984375
3 0.19453125 0.16015625 0.034375 0.06875
3 0.22578125 0.1640625 0.04296875 0.06015625
3 0.209375 0.115625 0.03203125 0.05703125
3 0.35078125 0.10625 0.04296875 0.075
3 0.4 0.09609375 0.04921875 0.0765625
0 0.4421875 0.10390625 0.04296875 0.05625
3 0.43046875 0.04296875 0.0421875 0.06953125
3 0.46875 0.03828125 0.0390625 0.06328125
3 0.5125 0.04296875 0.03515625 0.053125
3 0.54765625 0.0390625 0.04453125 0.0609375
3 0.590625 0.04140625 0.04296875 0.0640625
3 0.6375 0.05078125 0.03671875 0.05078125
3 0.64921875 0.0984375 0.0421875 0.08359375
3 0.609375 0.09375 0.04375 0.078125
3 0.5640625 0.09375 0.046875 0.0765625
3 0.3984375 0.23828125 0.07265625 0.11171875
3 0.46796875 0.24296875 0.0578125 0.07890625
3 0.52890625 0.24375 0.07734375 0.10078125
3 0.678125 0.24296875 0.05546875 0.10625
3 0.74921875 0.27265625 0.0640625 0.11953125
0 0.77734375 0.384375 0.0609375 0.09375
3 0.71640625 0.36875 0.06328125 0.14609375
3 0.65546875 0.35859375 0.06171875 0.14453125
3 0.5875 0.35625 0.08046875 0.1453125
0 0.31953125 0.36875 0.090625 0.1015625
0 0.25703125 0.37890625 0.05390625 0.12890625
0 0.2078125 0.375 0.05546875 0.1
3 0.74375 0.54296875 0.08671875 0.1234375
3 0.81875 0.5390625 0.0765625 0.1609375
3 0.9625 0.70390625 0.07421875 0.1203125
3 0.9078125 0.50546875 0.06796875 0.11484375
0 0.85546875 0.34765625 0.0515625 0.09921875
3 0.89375 0.33671875 0.0390625 0.09453125
0 0.82578125 0.19609375 0.04609375 0.06328125
3 0.796875 0.13046875 0.03203125 0.06796875
3 0.76640625 0.0765625 0.03359375 0.06015625
3 0.74375 0.04453125 0.03046875 0.0546875
3 0.7125 0.0375 0.03203125 0.05625
3 0.11484375 0.4953125 0.0765625 0.1890625
3 0.18046875 0.465625 0.07421875 0.23046875
1 0.12578125 0.33125 0.02265625 0.0453125
1 0.146875 0.20546875 0.01953125 0.04140625
1 0.1890625 0.14375 0.01640625 0.03359375
1 0.22109375 0.15546875 0.0171875 0.04296875
2 0.20625 0.1046875 0.01640625 0.0296875
1 0.2390625 0.0984375 0.01640625 0.03046875
2 0.2546875 0.08046875 0.01875 0.03984375
3 0.265625 0.15625 0.0484375 0.196875
1 0.34140625 0.0859375 0.01953125 0.03359375
1 0.39453125 0.08125 0.02109375 0.03984375
3 0.3921875 0.046875 0.04140625 0.06953125
2 0.428125 0.02578125 0.01640625 0.03046875
1 0.44375 0.09453125 0.01953125 0.0390625
1 0.54765625 0.02890625 0.01796875 0.034375
1 0.59140625 0.02890625 0.01640625 0.03671875
1 0.63828125 0.04296875 0.015625 0.034375
1 0.65 0.07890625 0.0203125 0.040625
1 0.61328125 0.078125 0.01953125 0.04453125
1 0.5703125 0.07890625 0.02265625 0.040625
2 0.39375 0.21015625 0.0296875 0.05703125
1 0.46640625 0.23125 0.025 0.053125
1 0.534375 0.2265625 0.02421875 0.0515625
1 0.7625 0.24453125 0.0265625 0.0609375
1 0.79375 0.38125 0.0265625 0.053125
1 0.71640625 0.33046875 0.02890625 0.06484375
1 0.59453125 0.33125 0.03203125 0.06796875
1 0.3125 0.353125 0.03203125 0.06328125
1 0.24765625 0.36953125 0.02578125 0.0515625
1 0.196875 0.3765625 0.02734375 0.05390625
1 0.7671875 0.53046875 0.03203125 0.06640625
1 0.834375 0.52734375 0.0359375 0.07109375
1 0.9265625 0.48125 0.02421875 0.05703125
1 0.86796875 0.33046875 0.0234375 0.05
1 0.83828125 0.19375 0.01875 0.04375
1 0.8015625 0.115625 0.01796875 0.03671875
1 0.76640625 0.06328125 0.015625 0.03125
1 0.746875 0.034375 0.0140625 0.03046875
1 0.7203125 0.02578125 0.015625 0.02890625
3 0.7578125 0.1546875 0.05 0.13359375