0 0.18515625 0.265625 0.075 0.0921875
3 0.234375 0.146875 0.0625 0.1015625
3 0.3125 0.06015625 0.0421875 0.059375
3 0.45390625 0.08203125 0.059375 0.0828125
3 0.50078125 0.08203125 0.065625 0.0875
0 0.53984375 0.10078125 0.0546875 0.0640625
3 0.54140625 0.04375 0.0578125 0.0765625
3 0.58046875 0.0484375 0.053125 0.0671875
3 0.62109375 0.059375 0.05 0.0609375
3 0.66171875 0.0671875 0.0671875 0.0890625
3 0.70078125 0.07265625 0.0625 0.0796875
3 0.7421875 0.09609375 0.0484375 0.0625
3 0.74296875 0.146875 0.0609375 0.0921875
3 0.7046875 0.13125 0.0609375 0.0859375
3 0.6609375 0.1203125 0.0640625 0.0859375
3 0.46328125 0.21953125 0.0984375 0.1203125
3 0.53125 0.24375 0.0734375 0.0859375
3 0.58984375 0.25859375 0.1 0.115625
3 0.75703125 0.3 0.0890625 0.1390625
3 0.8015625 0.33828125 0.084375 0.13125
0 0.79609375 0.45703125 0.0828125 0.1078125
3 0.74140625 0.425 0.096875 0.159375
3 0.68515625 0.40078125 0.0953125 0.1578125
3 0.61953125 0.38203125 0.1125 0.1609375
0 0.35703125 0.32890625 0.1125 0.1203125
3 0.30234375 0.30234375 0.078125 0.121875
0 0.24296875 0.3125 0.090625 0.121875
3 0.728125 0.59453125 0.1109375 0.1359375
3 0.79921875 0.6140625 0.1109375 0.1765625
3 0.89921875 0.809375 0.1015625 0.134375
3 0.89453125 0.60390625 0.09375 0.128125
0 0.8828125 0.4375 0.0734375 0.109375
3 0.921875 0.43828125 0.0625 0.1015625
0 0.8890625 0.284375 0.059375 0.0703125
3 0.875 0.21171875 0.05 0.071875
3 0.86015625 0.15234375 0.0453125 0.0625
3 0.84609375 0.11875 0.0421875 0.059375
3 0.81953125 0.10390625 0.0421875 0.0609375
1 0.17265625 0.25625 0.0328125 0.0515625
1 0.240625 0.1234375 0.028125 0.046875
1 0.2828125 0.07890625 0.025 0.0359375
3 0.26796875 0.17734375 0.0875 0.1796875
1 0.3109375 0.09765625 0.0265625 0.0453125
1 0.31015625 0.0515625 0.0234375 0.034375
3 0.33046875 0.13046875 0.0828125 0.1765625
3 0.5046875 0.034375 0.05 0.0671875
1 0.4546875 0.06484375 0.0265625 0.04375
1 0.49921875 0.0671875 0.0328125 0.046875
2 0.54453125 0.02734375 0.021875 0.0359375
1 0.54140625 0.090625 0.028125 0.04375
1 0.584375 0.03671875 0.025 0.0375
1 0.625 0.05078125 0.0234375 0.0359375
1 0.746875 0.09140625 0.025 0.0375
1 0.7484375 0.12734375 0.028125 0.04375
1 0.71171875 0.11796875 0.03125 0.0484375
1 0.66953125 0.1078125 0.0296875 0.04375
1 0.465625 0.1984375 0.040625 0.065625
1 0.53203125 0.234375 0.0390625 0.05625
1 0.6 0.24140625 0.040625 0.0609375
1 0.63203125 0.35859375 0.0484375 0.075
1 0.69609375 0.3671875 0.0484375 0.075
1 0.75234375 0.38828125 0.04375 0.0734375
1 0.8171875 0.3140625 0.040625 0.065625
1 0.8140625 0.45546875 0.0359375 0.0546875
1 0.753125 0.5953125 0.05 0.071875
1 0.81953125 0.59765625 0.0484375 0.075
1 0.91953125 0.58515625 0.0375 0.0625
1 0.8984375 0.42421875 0.034375 0.053125
1 0.925 0.4328125 0.0328125 0.046875
1 0.9015625 0.28515625 0.0296875 0.0484375
1 0.88515625 0.20078125 0.0265625 0.0390625
1 0.86328125 0.14140625 0.0234375 0.0375
1 0.85234375 0.10859375 0.0203125 0.0328125
2 0.82734375 0.09375 0.021875 0.0328125