3 0.1 0.309375 0.05625 0.1
3 0.12734375 0.23671875 0.0453125 0.0671875
3 0.159375 0.2328125 0.0515625 0.065625
3 0.134375 0.19296875 0.040625 0.0578125
3 0.165625 0.178125 0.046875 0.0625
3 0.27109375 0.1515625 0.05625 0.0734375
3 0.31171875 0.1296875 0.0671875 0.0875
0 0.35390625 0.12578125 0.0546875 0.0640625
3 0.33125 0.07421875 0.053125 0.06875
3 0.36796875 0.0609375 0.0515625 0.0625
3 0.40625 0.053125 0.0484375 0.0671875
3 0.44375 0.04609375 0.059375 0.0703125
3 0.48515625 0.03359375 0.0546875 0.0671875
3 0.5328125 0.03125 0.046875 0.0578125
3 0.55546875 0.07578125 0.0609375 0.09375
3 0.51640625 0.08046875 0.0609375 0.0859375
3 0.47265625 0.0921875 0.0625 0.084375
3 0.41171875 0.25 0.0796875 0.1078125
3 0.471875 0.24375 0.0984375 0.11875
3 0.6265625 0.22109375 0.0796875 0.1078125
3 0.69296875 0.2234375 0.0859375 0.128125
3 0.74609375 0.33125 0.0796875 0.1078125
3 0.6828125 0.31875 0.09375 0.15625
3 0.61953125 0.32734375 0.09375 0.15625
3 0.553125 0.340625 0.1109375 0.159375
0 0.29765625 0.4140625 0.1078125 0.11875
0 0.23515625 0.4359375 0.0828125 0.134375
0 0.184375 0.4484375 0.084375 0.121875
3 0.746875 0.4796875 0.1078125 0.1265625
3 0.81953125 0.46875 0.109375 0.171875
3 0.9734375 0.59375 0.053125 0.134375
3 0.8984375 0.41328125 0.0921875 0.1265625
0 0.8125 0.27265625 0.0734375 0.1125
3 0.85078125 0.2640625 0.0609375 0.1046875
3 0.7421875 0.1265625 0.065625 0.084375
3 0.7046875 0.07265625 0.0484375 0.071875
3 0.66328125 0.02890625 0.0453125 0.0578125
3 0.634375 0.01640625 0.04375 0.0328125
3 0.6015625 0.0171875 0.04375 0.034375
1 0.09375 0.28515625 0.028125 0.046875
3 0.13203125 0.290625 0.0765625 0.1078125
1 0.115625 0.2671875 0.0296875 0.046875
1 0.11796875 0.22578125 0.021875 0.034375
1 0.1515625 0.22734375 0.0265625 0.04375
1 0.12734375 0.18828125 0.021875 0.0328125
1 0.1578125 0.16953125 0.0234375 0.034375
1 0.29296875 0.0828125 0.0234375 0.0359375
0 0.29375 0.09140625 0.0515625 0.0625
2 0.3265625 0.06171875 0.0234375 0.0375
1 0.36796875 0.05234375 0.0234375 0.0359375
1 0.27265625 0.14140625 0.028125 0.04375
1 0.303125 0.12109375 0.0296875 0.04375
1 0.34921875 0.1171875 0.028125 0.0390625
1 0.4734375 0.07421875 0.0296875 0.0421875
1 0.5171875 0.06640625 0.028125 0.046875
1 0.55078125 0.05546875 0.028125 0.04375
1 0.53203125 0.02421875 0.025 0.0375
1 0.48359375 0.0203125 0.025 0.0390625
1 0.44296875 0.03671875 0.025 0.0375
2 0.40546875 0.03984375 0.0234375 0.0359375
1 0.40859375 0.23359375 0.0390625 0.0609375
1 0.471875 0.2203125 0.0390625 0.059375
1 0.63359375 0.203125 0.034375 0.053125
1 0.69765625 0.19375 0.0390625 0.0625
1 0.75859375 0.31875 0.0359375 0.0546875
1 0.68515625 0.2765625 0.0453125 0.071875
1 0.6140625 0.2921875 0.0453125 0.0765625
1 0.55390625 0.315625 0.0453125 0.075
1 0.1765625 0.44921875 0.040625 0.0609375
1 0.2234375 0.43359375 0.0390625 0.0578125
1 0.284375 0.396875 0.04375 0.065625
1 0.20703125 0.5609375 0.04375 0.0703125
3 0.22734375 0.596875 0.1015625 0.1625
3 0.28828125 0.5515625 0.15625 0.184375
1 0.4140625 0.4671875 0.05 0.0859375
3 0.43203125 0.50703125 0.1125 0.18125
1 0.77109375 0.4734375 0.046875 0.071875
1 0.834375 0.45390625 0.05 0.078125
1 0.9109375 0.38515625 0.0359375 0.0609375
1 0.8203125 0.25234375 0.0328125 0.05
1 0.8546875 0.24296875 0.03125 0.0515625
1 0.75 0.10546875 0.028125 0.04375
1 0.7078125 0.0578125 0.0234375 0.0390625
1 0.63671875 0.00390625 0.0203125 0.0078125
1 0.60625 0.00390625 0.021875 0.0078125