3 0.153125 0.22421875 0.0359375 0.09375
3 0.19609375 0.159375 0.0328125 0.0609375
3 0.228125 0.16328125 0.03984375 0.05859375
3 0.2125 0.11875 0.0296875 0.053125
3 0.246875 0.1109375 0.0359375 0.05546875
3 0.35546875 0.109375 0.04296875 0.065625
3 0.4 0.096875 0.05078125 0.078125
0 0.4421875 0.10234375 0.04296875 0.05625
3 0.43125 0.046875 0.040625 0.0609375
3 0.4703125 0.0421875 0.03984375 0.0546875
3 0.509375 0.04375 0.03515625 0.0609375
3 0.546875 0.0453125 0.04765625 0.0609375
3 0.590625 0.040625 0.04140625 0.06328125
3 0.6375 0.05078125 0.03671875 0.0515625
3 0.64921875 0.09921875 0.0421875 0.08671875
3 0.61015625 0.09453125 0.04375 0.078125
3 0.56484375 0.09609375 0.046875 0.0765625
3 0.4703125 0.23671875 0.06015625 0.09609375
3 0.53046875 0.24375 0.0765625 0.1046875
3 0.6859375 0.25703125 0.06015625 0.096875
3 0.75 0.27421875 0.06171875 0.11796875
3 0.778125 0.390625 0.06015625 0.096875
3 0.71875 0.36484375 0.06328125 0.14609375
3 0.65546875 0.35859375 0.06171875 0.146875
3 0.5875 0.35625 0.08046875 0.1453125
0 0.321875 0.3703125 0.0875 0.1015625
0 0.25625 0.378125 0.05546875 0.12578125
0 0.20390625 0.37890625 0.06171875 0.11015625
3 0.7453125 0.5359375 0.0859375 0.109375
3 0.81875 0.54140625 0.07578125 0.15859375
3 0.9625 0.70390625 0.07421875 0.1203125
3 0.9078125 0.50546875 0.06796875 0.11484375
0 0.85546875 0.3484375 0.0515625 0.10390625
3 0.89453125 0.34921875 0.03984375 0.0984375
3 0.8203125 0.190625 0.04921875 0.07578125
3 0.7953125 0.1296875 0.03515625 0.06640625
3 0.76640625 0.0734375 0.03203125 0.06171875
3 0.74375 0.04609375 0.03203125 0.05390625
3 0.71171875 0.03828125 0.03046875 0.06015625
1 0.15234375 0.19921875 0.01953125 0.04296875
3 0.18828125 0.21328125 0.05546875 0.0984375
1 0.178125 0.18671875 0.0203125 0.04296875
1 0.18984375 0.146875 0.01484375 0.03203125
1 0.221875 0.15625 0.01796875 0.040625
1 0.20703125 0.1125 0.015625 0.03046875
1 0.240625 0.10078125 0.01640625 0.03125
1 0.3921875 0.046875 0.01640625 0.03359375
0 0.390625 0.05546875 0.03984375 0.0546875
2 0.4296875 0.03359375 0.015625 0.034375
1 0.471875 0.034375 0.015625 0.03359375
1 0.359375 0.09921875 0.01953125 0.040625
1 0.39375 0.08671875 0.021875 0.040625
1 0.4390625 0.09296875 0.0203125 0.03515625
1 0.5703125 0.07890625 0.02109375 0.0390625
1 0.6140625 0.08125 0.01953125 0.04296875
1 0.64921875 0.078125 0.01953125 0.040625
1 0.63828125 0.04375 0.01796875 0.034375
1 0.5921875 0.02890625 0.01796875 0.0359375
1 0.5484375 0.0359375 0.01796875 0.034375
2 0.51171875 0.03046875 0.01640625 0.03359375
1 0.47109375 0.21953125 0.0265625 0.05625
1 0.53515625 0.22109375 0.02734375 0.0546875
1 0.696875 0.240625 0.02421875 0.04921875
1 0.76171875 0.24609375 0.02578125 0.05859375
1 0.79296875 0.38125 0.02578125 0.05078125
1 0.73046875 0.32421875 0.03203125 0.065625
1 0.6578125 0.3234375 0.0296875 0.07109375
1 0.59375 0.33203125 0.03046875 0.06953125
1 0.19609375 0.37734375 0.028125 0.05625
1 0.2453125 0.3734375 0.02734375 0.053125
1 0.31328125 0.35078125 0.03046875 0.06015625
1 0.20078125 0.49375 0.03046875 0.065625
3 0.2125 0.5328125 0.06953125 0.15078125
3 0.28203125 0.50234375 0.1234375 0.16015625
1 0.4234375 0.4484375 0.03359375 0.0796875
3 0.43203125 0.49140625 0.07578125 0.16875
1 0.7703125 0.53515625 0.0328125 0.06640625
1 0.8359375 0.53046875 0.03515625 0.071875
1 0.9265625 0.48046875 0.02421875 0.05625
1 0.86796875 0.33046875 0.02265625 0.046875
1 0.903125 0.32890625 0.0203125 0.0484375
1 0.83203125 0.171875 0.0203125 0.03984375
1 0.80234375 0.115625 0.01484375 0.03671875
1 0.74765625 0.0359375 0.01328125 0.03125
1 0.71875 0.0265625 0.0140625 0.034375