3 0.14609375 0.32734375 0.05625 0.096875
3 0.1671875 0.2171875 0.0421875 0.096875
3 0.21328125 0.1421875 0.0375 0.0671875
3 0.24453125 0.140625 0.04375 0.0734375
3 0.2328125 0.103125 0.0328125 0.0546875
3 0.26796875 0.09765625 0.0390625 0.0578125
3 0.375 0.0984375 0.04375 0.075
3 0.42109375 0.0921875 0.0546875 0.0828125
0 0.46328125 0.0921875 0.0453125 0.0625
3 0.4546875 0.04375 0.0453125 0.0640625
3 0.49453125 0.0421875 0.040625 0.0515625
3 0.53359375 0.04453125 0.0359375 0.0625
3 0.57109375 0.04609375 0.05 0.065625
3 0.615625 0.046875 0.046875 0.065625
3 0.6609375 0.05859375 0.0390625 0.05625
3 0.67109375 0.1046875 0.046875 0.0921875
3 0.63046875 0.09921875 0.0484375 0.0765625
3 0.5859375 0.096875 0.0484375 0.075
3 0.4109375 0.23203125 0.08125 0.109375
3 0.48203125 0.24140625 0.0640625 0.0796875
3 0.5421875 0.24453125 0.0828125 0.1078125
3 0.69921875 0.26640625 0.065625 0.096875
3 0.7625 0.2828125 0.06875 0.11875
0 0.7828125 0.40234375 0.0671875 0.0984375
3 0.72578125 0.375 0.06875 0.146875
3 0.6609375 0.365625 0.0703125 0.1484375
3 0.59453125 0.3609375 0.0875 0.15
0 0.32890625 0.35859375 0.0921875 0.1046875
0 0.26328125 0.36015625 0.0578125 0.1140625
3 0.209375 0.365625 0.065625 0.1125
3 0.74296875 0.55078125 0.0921875 0.1234375
3 0.81640625 0.55703125 0.0828125 0.165625
3 0.9515625 0.728125 0.0796875 0.1234375
3 0.90703125 0.5265625 0.0734375 0.11875
0 0.8625 0.36875 0.05625 0.1078125
3 0.9015625 0.36953125 0.0453125 0.0984375
3 0.8359375 0.2078125 0.053125 0.0796875
3 0.8125 0.1453125 0.0390625 0.06875
3 0.78828125 0.08828125 0.0359375 0.0578125
3 0.7671875 0.0578125 0.034375 0.05625
3 0.7375 0.05 0.034375 0.0578125
1 0.41484375 0.03828125 0.0171875 0.03125
0 0.4140625 0.0484375 0.0484375 0.0578125
1 0.453125 0.0296875 0.0171875 0.0328125
1 0.4140625 0.07578125 0.0234375 0.04375
1 0.45703125 0.08359375 0.0234375 0.0421875
1 0.49453125 0.03515625 0.0171875 0.03125
2 0.53515625 0.03203125 0.0171875 0.034375
1 0.5734375 0.03515625 0.01875 0.034375
1 0.6171875 0.034375 0.0203125 0.0390625
1 0.6640625 0.0515625 0.01875 0.0359375
1 0.671875 0.0828125 0.0203125 0.0453125
1 0.63515625 0.0875 0.0234375 0.0421875
1 0.5921875 0.08359375 0.0234375 0.040625
1 0.48046875 0.23125 0.028125 0.0515625
1 0.55 0.221875 0.0296875 0.0546875
1 0.70859375 0.25 0.028125 0.0515625
1 0.775 0.25703125 0.028125 0.0609375
1 0.79921875 0.39609375 0.0296875 0.0546875
1 0.73671875 0.3359375 0.0359375 0.06875
1 0.6671875 0.33203125 0.034375 0.0703125
1 0.6015625 0.3359375 0.0359375 0.0703125
1 0.321875 0.3421875 0.0359375 0.065625
1 0.25234375 0.36015625 0.03125 0.0546875
1 0.20234375 0.3453125 0.03125 0.0609375
3 0.21171875 0.51328125 0.0765625 0.1796875
3 0.275 0.496875 0.090625 0.1703125
2 0.265625 0.4546875 0.040625 0.0765625
1 0.42578125 0.45234375 0.0359375 0.0765625
3 0.4296875 0.4921875 0.0796875 0.1625
1 0.7671875 0.54453125 0.0375 0.0671875
1 0.83046875 0.5421875 0.0390625 0.0703125
1 0.9265625 0.50390625 0.028125 0.0578125
1 0.87578125 0.3484375 0.0265625 0.05
1 0.91015625 0.34921875 0.0234375 0.0484375
1 0.84765625 0.1890625 0.0203125 0.0421875
1 0.82265625 0.1328125 0.01875 0.0390625
1 0.78984375 0.07578125 0.01875 0.0328125
1 0.771875 0.04765625 0.015625 0.03125
2 0.74375 0.03828125 0.0171875 0.03125
1 0.22734375 0.096875 0.0171875 0.03125
1 0.26015625 0.0875 0.0171875 0.03125
1 0.2390625 0.12265625 0.0203125 0.0421875
1 0.2078125 0.12890625 0.01875 0.034375
1 0.1890625 0.18671875 0.021875 0.0421875
3 0.203125 0.20390625 0.053125 0.0859375
1 0.16171875 0.19375 0.021875 0.0453125
1 0.13515625 0.3078125 0.025 0.05