3 0.12734375 0.371875 0.0578125 0.096875
3 0.13515625 0.26015625 0.04375 0.096875
3 0.171875 0.1796875 0.0375 0.0671875
3 0.20234375 0.175 0.0453125 0.075
3 0.18671875 0.1390625 0.0328125 0.0546875
3 0.2203125 0.12890625 0.0390625 0.0578125
3 0.3265625 0.11640625 0.0453125 0.0765625
3 0.371875 0.1046875 0.05625 0.084375
0 0.4140625 0.09921875 0.046875 0.0625
3 0.4 0.053125 0.046875 0.0640625
3 0.43828125 0.04609375 0.0421875 0.0515625
3 0.47734375 0.04453125 0.0375 0.0625
3 0.51484375 0.040625 0.05 0.0671875
3 0.559375 0.0359375 0.046875 0.065625
3 0.60546875 0.0421875 0.0390625 0.0578125
3 0.62109375 0.08671875 0.0484375 0.0921875
3 0.58046875 0.08671875 0.05 0.078125
3 0.5359375 0.0890625 0.05 0.0765625
3 0.37890625 0.24453125 0.0828125 0.1109375
3 0.45078125 0.24609375 0.0640625 0.08125
3 0.5109375 0.24140625 0.084375 0.1078125
3 0.66953125 0.24375 0.0671875 0.0984375
3 0.734375 0.25234375 0.071875 0.1203125
0 0.76875 0.36875 0.06875 0.1
3 0.70859375 0.3484375 0.071875 0.1484375
3 0.64375 0.346875 0.071875 0.15
3 0.57734375 0.35078125 0.090625 0.15
0 0.31328125 0.38046875 0.09375 0.10625
0 0.24765625 0.38984375 0.059375 0.115625
3 0.1953125 0.40234375 0.0671875 0.1140625
3 0.74765625 0.52109375 0.0953125 0.125
3 0.82109375 0.51796875 0.0859375 0.1671875
3 0.9671875 0.6703125 0.065625 0.125
3 0.90703125 0.47734375 0.0765625 0.11875
0 0.84375 0.32578125 0.059375 0.109375
3 0.8828125 0.32109375 0.046875 0.0984375
3 0.79765625 0.16875 0.0546875 0.0796875
3 0.7671875 0.11015625 0.0390625 0.06875
3 0.7359375 0.05625 0.0375 0.0578125
3 0.71171875 0.02890625 0.0359375 0.05625
3 0.6796875 0.0265625 0.034375 0.053125
1 0.359375 0.05234375 0.0171875 0.0328125
0 0.36015625 0.0625 0.0484375 0.0578125
1 0.396875 0.0390625 0.0171875 0.0328125
1 0.36328125 0.0890625 0.025 0.04375
1 0.40625 0.0921875 0.0234375 0.0421875
1 0.43828125 0.0390625 0.0171875 0.03125
2 0.478125 0.03046875 0.0171875 0.034375
1 0.51640625 0.0296875 0.01875 0.034375
1 0.56015625 0.0234375 0.0203125 0.0390625
1 0.60859375 0.03515625 0.0203125 0.0359375
1 0.6203125 0.06484375 0.0203125 0.0453125
1 0.58359375 0.07421875 0.0234375 0.0421875
1 0.540625 0.07578125 0.0234375 0.040625
1 0.44765625 0.2359375 0.0296875 0.053125
1 0.515625 0.21796875 0.03125 0.05625
1 0.6765625 0.22578125 0.028125 0.053125
1 0.74296875 0.225 0.0296875 0.0625
1 0.784375 0.36015625 0.0296875 0.05625
1 0.715625 0.3078125 0.0359375 0.06875
1 0.6453125 0.3125 0.0359375 0.0703125
1 0.58125 0.32421875 0.0375 0.0703125
1 0.30390625 0.36484375 0.0359375 0.065625
1 0.23671875 0.39140625 0.0328125 0.05625
1 0.1859375 0.3828125 0.0328125 0.0609375
3 0.21484375 0.5484375 0.0796875 0.1796875
3 0.27578125 0.52421875 0.0921875 0.171875
2 0.26171875 0.48359375 0.0421875 0.078125
1 0.4203125 0.46171875 0.0375 0.0765625
3 0.4296875 0.50078125 0.0828125 0.1640625
1 0.77109375 0.51171875 0.0375 0.0671875
1 0.8328125 0.5015625 0.040625 0.0703125
1 0.9234375 0.4515625 0.028125 0.0578125
1 0.8546875 0.30390625 0.028125 0.0515625
1 0.88828125 0.30078125 0.025 0.0484375
1 0.8078125 0.1484375 0.0203125 0.0421875
1 0.77578125 0.09609375 0.0203125 0.0390625
1 0.7359375 0.04375 0.01875 0.0328125
1 0.71484375 0.01796875 0.015625 0.0328125
2 0.68515625 0.0140625 0.0171875 0.028125
1 0.1796875 0.1328125 0.0171875 0.03125
1 0.21171875 0.1203125 0.0171875 0.0328125
1 0.19453125 0.15703125 0.0203125 0.0421875
1 0.16484375 0.1671875 0.01875 0.034375
1 0.15390625 0.2265625 0.021875 0.0421875
3 0.16953125 0.2421875 0.0546875 0.0875
1 0.1265625 0.23671875 0.0234375 0.0453125
1 0.11484375 0.35390625 0.0265625 0.05