3 0.1375 0.34609375 0.05078125 0.09375
3 0.153125 0.23515625 0.03671875 0.09453125
3 0.1953125 0.1578125 0.03359375 0.065625
3 0.22578125 0.1546875 0.03984375 0.071875
3 0.2125 0.11796875 0.0296875 0.053125
3 0.246875 0.11015625 0.0359375 0.05546875
3 0.35390625 0.10546875 0.03984375 0.0734375
3 0.4 0.096875 0.05078125 0.08046875
0 0.4421875 0.09453125 0.04296875 0.06015625
3 0.43125 0.046875 0.0421875 0.06171875
3 0.4703125 0.04296875 0.03828125 0.04921875
3 0.509375 0.04375 0.0328125 0.0609375
3 0.546875 0.04296875 0.04609375 0.0640625
3 0.59140625 0.04140625 0.04296875 0.06328125
3 0.6375 0.05078125 0.0359375 0.0546875
3 0.65 0.09609375 0.0421875 0.08984375
3 0.609375 0.09296875 0.0453125 0.075
3 0.56484375 0.09296875 0.0453125 0.0734375
3 0.396875 0.23671875 0.07578125 0.10625
3 0.46875 0.24296875 0.059375 0.0765625
3 0.52890625 0.24296875 0.07734375 0.103125
3 0.68671875 0.25625 0.06015625 0.09375
3 0.75078125 0.26953125 0.06328125 0.115625
0 0.77734375 0.3875 0.06171875 0.0953125
3 0.71875 0.36328125 0.06171875 0.14375
3 0.65390625 0.35703125 0.0625 0.14609375
3 0.5875 0.35625 0.08046875 0.1453125
0 0.321875 0.36796875 0.0875 0.10078125
0 0.25625 0.37265625 0.0515625 0.11171875
3 0.203125 0.38125 0.06015625 0.11015625
3 0.7453125 0.53828125 0.08671875 0.11875
3 0.81875 0.540625 0.07421875 0.16171875
3 0.9625 0.70390625 0.07421875 0.1203125
3 0.9078125 0.50546875 0.06796875 0.11484375
0 0.85546875 0.35 0.0515625 0.10546875
3 0.89453125 0.3484375 0.03984375 0.09609375
3 0.8203125 0.190625 0.04921875 0.0765625
3 0.79375 0.1296875 0.03515625 0.06640625
3 0.76640625 0.0734375 0.03359375 0.05625
3 0.74375 0.04453125 0.03203125 0.05390625
3 0.71328125 0.03828125 0.03125 0.05625
1 0.390625 0.04375 0.01484375 0.03125
0 0.390625 0.05390625 0.0453125 0.05546875
1 0.42890625 0.0328125 0.01484375 0.03203125
1 0.3921875 0.08046875 0.021875 0.04296875
1 0.43515625 0.08671875 0.02109375 0.040625
1 0.4703125 0.0359375 0.015625 0.03046875
2 0.5109375 0.03046875 0.01484375 0.03359375
1 0.54921875 0.03203125 0.0171875 0.03359375
1 0.59296875 0.02890625 0.01796875 0.03828125
1 0.640625 0.04375 0.0171875 0.03515625
1 0.65 0.07421875 0.01796875 0.04375
1 0.61328125 0.08125 0.02109375 0.04140625
1 0.5703125 0.0796875 0.02109375 0.0390625
1 0.46640625 0.2328125 0.02578125 0.05078125
1 0.53515625 0.21953125 0.02734375 0.05390625
1 0.6953125 0.2390625 0.025 0.05078125
1 0.76171875 0.24296875 0.02578125 0.06015625
1 0.79375 0.38046875 0.0265625 0.05390625
1 0.728125 0.3234375 0.03203125 0.06640625
1 0.6578125 0.3234375 0.03125 0.06875
1 0.59296875 0.33046875 0.0328125 0.06875
1 0.3140625 0.3515625 0.03203125 0.06328125
1 0.2453125 0.3734375 0.02890625 0.05390625
1 0.19453125 0.3609375 0.028125 0.059375
3 0.2125 0.528125 0.0671875 0.17578125
3 0.275 0.50859375 0.08125 0.16640625
2 0.26328125 0.4671875 0.03671875 0.075
1 0.4234375 0.45625 0.03203125 0.075
3 0.4296875 0.49609375 0.07109375 0.159375
1 0.76953125 0.53046875 0.03359375 0.06484375
1 0.83203125 0.525 0.03515625 0.06875
1 0.92578125 0.48125 0.025 0.05625
1 0.8671875 0.32890625 0.02421875 0.04921875
1 0.9015625 0.328125 0.02109375 0.046875
1 0.83125 0.17109375 0.01796875 0.040625
1 0.803125 0.11640625 0.0171875 0.03828125
1 0.7671875 0.0609375 0.01640625 0.03125
1 0.74765625 0.034375 0.01328125 0.03125
2 0.71953125 0.02578125 0.01484375 0.03125
1 0.20625 0.11171875 0.01484375 0.03046875
1 0.2390625 0.10078125 0.01484375 0.03125
1 0.21953125 0.13671875 0.01796875 0.040625
1 0.1890625 0.14453125 0.01640625 0.03359375
1 0.1734375 0.203125 0.01953125 0.04140625
3 0.18828125 0.21953125 0.04921875 0.08359375
1 0.14609375 0.21171875 0.0203125 0.04453125
1 0.12578125 0.32734375 0.02265625 0.04921875