0 0.1375 0.34375 0.0515625 0.08671875
3 0.15 0.24296875 0.04609375 0.07421875
3 0.19453125 0.15859375 0.03359375 0.0640625
3 0.22578125 0.16328125 0.0375 0.05546875
3 0.21015625 0.11875 0.03046875 0.05390625
3 0.24453125 0.109375 0.03203125 0.05625
3 0.4328125 0.04375 0.03671875 0.06171875
0 0.35625 0.10625 0.0421875 0.06953125
3 0.403125 0.07578125 0.05078125 0.10625
0 0.4421875 0.10546875 0.04375 0.05546875
3 0.47109375 0.04296875 0.0390625 0.05625
0 0.5109375 0.04609375 0.03203125 0.05
3 0.55 0.04296875 0.04375 0.06171875
3 0.565625 0.09375 0.04921875 0.071875
3 0.59140625 0.04296875 0.04140625 0.07578125
3 0.653125 0.09453125 0.0453125 0.084375
0 0.6359375 0.053125 0.0375 0.05703125
3 0.7015625 0.16015625 0.06328125 0.10703125
3 0.65078125 0.14609375 0.04921875 0.09453125
0 0.46640625 0.24375 0.05859375 0.08515625
0 0.53125 0.24296875 0.07421875 0.09921875
3 0.6875 0.25703125 0.0578125 0.1015625
3 0.75 0.27109375 0.06328125 0.11953125
0 0.778125 0.3875 0.0703125 0.09375
3 0.71640625 0.36875 0.06171875 0.140625
3 0.6515625 0.3390625 0.06640625 0.1265625
3 0.58203125 0.33125 0.078125 0.1453125
3 0.3203125 0.36875 0.08359375 0.11328125
0 0.2546875 0.37578125 0.06015625 0.12421875
0 0.2 0.384375 0.0609375 0.10546875
3 0.23515625 0.49453125 0.05703125 0.159375
3 0.275 0.54140625 0.09140625 0.14609375
3 0.428125 0.5046875 0.07734375 0.15703125
0 0.74765625 0.54296875 0.08359375 0.11953125
0 0.81953125 0.54140625 0.07890625 0.15546875
1 0.965625 0.7046875 0.06875 0.1125
0 0.8546875 0.346875 0.06171875 0.0859375
3 0.896875 0.3484375 0.03828125 0.09375
3 0.82265625 0.19375 0.04453125 0.06484375
3 0.79609375 0.12734375 0.03828125 0.07109375
3 0.771875 0.08046875 0.0328125 0.059375
3 0.7125 0.03828125 0.0328125 0.05625
1 0.12890625 0.33046875 0.025 0.0484375
1 0.14296875 0.23046875 0.0203125 0.04453125
1 0.18828125 0.1484375 0.01796875 0.03125
1 0.2171875 0.15703125 0.01875 0.04140625
1 0.20546875 0.11171875 0.0140625 0.03046875
1 0.2390625 0.0984375 0.01640625 0.03046875
3 0.284375 0.0484375 0.03984375 0.08046875
2 0.278125 0.03046875 0.01640625 0.03125
1 0.428125 0.03203125 0.01796875 0.034375
1 0.40234375 0.04375 0.02421875 0.04609375
1 0.35703125 0.09296875 0.01953125 0.03984375
1 0.446875 0.103125 0.02265625 0.0359375
1 0.47109375 0.03046875 0.0171875 0.03515625
1 0.51796875 0.040625 0.0171875 0.03359375
1 0.55234375 0.03046875 0.0171875 0.034375
1 0.571875 0.08125 0.02109375 0.03984375
1 0.59140625 0.02578125 0.01796875 0.0390625
1 0.6390625 0.04296875 0.01796875 0.0359375
1 0.653125 0.078125 0.02265625 0.04296875
1 0.65390625 0.12421875 0.02421875 0.04375
1 0.46328125 0.240625 0.02890625 0.05
1 0.53359375 0.23125 0.0265625 0.059375
1 0.696875 0.23828125 0.0234375 0.05078125
1 0.76328125 0.24296875 0.02890625 0.06015625
1 0.79140625 0.37890625 0.02890625 0.05703125
1 0.73046875 0.33046875 0.03359375 0.06640625
1 0.6578125 0.30625 0.03125 0.05859375
1 0.590625 0.29375 0.03046875 0.059375
1 0.31171875 0.34765625 0.0359375 0.06953125
1 0.25390625 0.365625 0.03125 0.05546875
1 0.190625 0.378125 0.02734375 0.0546875
1 0.22109375 0.453125 0.0296875 0.06484375
1 0.26875 0.50703125 0.0328125 0.075
1 0.4203125 0.46796875 0.0375 0.08203125
1 0.771875 0.53984375 0.03359375 0.071875
1 0.8375 0.53046875 0.0359375 0.06875
1 0.87421875 0.33671875 0.02421875 0.05390625
1 0.90234375 0.33125 0.0203125 0.053125
1 0.83203125 0.18125 0.02109375 0.04140625
1 0.80390625 0.11171875 0.015625 0.040625
1 0.76875 0.06953125 0.01796875 0.0359375
3 0.734375 0.07578125 0.03828125 0.05625
1 0.71875 0.025 0.015625 0.03125
3 0.74453125 0.04609375 0.02890625 0.05625
1 0.74765625 0.03515625 0.01328125 0.03125