3 0.13671875 0.33671875 0.0515625 0.1046875
3 0.1546875 0.23828125 0.046875 0.075
3 0.19375 0.16796875 0.0328125 0.06484375
3 0.2265625 0.165625 0.03984375 0.06171875
3 0.21015625 0.11875 0.03359375 0.05546875
3 0.24453125 0.10625 0.03359375 0.05703125
3 0.27578125 0.05546875 0.03515625 0.06484375
0 0.390625 0.05625 0.0390625 0.0546875
0 0.4421875 0.10546875 0.040625 0.053125
0 0.353125 0.109375 0.0453125 0.06875
0 0.3984375 0.0984375 0.04609375 0.07109375
3 0.4296875 0.0515625 0.04296875 0.06484375
3 0.46953125 0.04375 0.03828125 0.0515625
0 0.5109375 0.04296875 0.03359375 0.05625
3 0.54921875 0.0390625 0.04453125 0.06484375
3 0.59140625 0.04140625 0.04375 0.065625
0 0.6359375 0.05234375 0.03984375 0.05078125
3 0.65234375 0.09296875 0.04453125 0.08046875
3 0.56640625 0.09453125 0.05 0.0703125
3 0.703125 0.16796875 0.05390625 0.0859375
3 0.65078125 0.15703125 0.03984375 0.0734375
3 0.465625 0.228125 0.05703125 0.1046875
3 0.52890625 0.24375 0.07421875 0.1
3 0.684375 0.25703125 0.0578125 0.0984375
3 0.74765625 0.2734375 0.065625 0.11875
3 0.77890625 0.37890625 0.06875 0.11484375
3 0.71640625 0.3640625 0.06484375 0.14453125
3 0.65390625 0.34296875 0.06484375 0.12578125
3 0.590625 0.35546875 0.0828125 0.14453125
3 0.31953125 0.371875 0.08515625 0.10546875
3 0.25625 0.35546875 0.0546875 0.11484375
0 0.20234375 0.3875 0.0609375 0.10625
3 0.234375 0.49375 0.0578125 0.16484375
3 0.2859375 0.50859375 0.084375 0.1515625
3 0.43046875 0.49375 0.07890625 0.16171875
0 0.74609375 0.54140625 0.08515625 0.115625
0 0.8203125 0.540625 0.08046875 0.153125
3 0.696875 0.06953125 0.0453125 0.13671875
3 0.74140625 0.040625 0.025 0.05859375
3 0.771875 0.08359375 0.03125 0.05546875
3 0.79296875 0.13125 0.03828125 0.0765625
3 0.8234375 0.19296875 0.04453125 0.065625
0 0.85390625 0.3515625 0.06171875 0.0859375
3 0.896875 0.3515625 0.03828125 0.09453125
3 0.96640625 0.70703125 0.06484375 0.10703125
3 0.08359375 0.640625 0.11640625 0.26875
1 0.12578125 0.31640625 0.021875 0.0515625
1 0.14140625 0.21953125 0.01796875 0.040625
1 0.1890625 0.15 0.01484375 0.03125
1 0.2171875 0.1546875 0.01796875 0.040625
1 0.20390625 0.10703125 0.01484375 0.02890625
1 0.23984375 0.09375 0.0140625 0.03125
2 0.275 0.04296875 0.0140625 0.03125
1 0.39296875 0.04609375 0.01484375 0.03046875
1 0.43203125 0.03203125 0.01484375 0.03203125
1 0.46875 0.034375 0.0140625 0.03125
1 0.44609375 0.103125 0.0203125 0.03359375
1 0.39453125 0.09140625 0.02109375 0.04296875
1 0.35390625 0.09296875 0.01875 0.03828125
1 0.515625 0.04140625 0.0171875 0.034375
1 0.55078125 0.02421875 0.01484375 0.03125
1 0.57265625 0.08125 0.02109375 0.03984375
1 0.59140625 0.02421875 0.01796875 0.03359375
1 0.64140625 0.04296875 0.015625 0.034375
1 0.65234375 0.078125 0.01953125 0.03984375
1 0.65703125 0.14296875 0.02109375 0.04140625
1 0.7125 0.1484375 0.02265625 0.0453125
1 0.534375 0.23046875 0.0265625 0.0515625
1 0.69765625 0.23828125 0.02265625 0.05
1 0.7625 0.24296875 0.02578125 0.05625
1 0.79453125 0.34609375 0.028125 0.05078125
1 0.72421875 0.3265625 0.02890625 0.0640625
1 0.65703125 0.3109375 0.02890625 0.05546875
1 0.59609375 0.32890625 0.0328125 0.06953125
1 0.31015625 0.34921875 0.03125 0.05703125
1 0.2515625 0.33125 0.02421875 0.059375
1 0.1921875 0.38125 0.02890625 0.0546875
1 0.21953125 0.44609375 0.02734375 0.06171875
1 0.27578125 0.4734375 0.03203125 0.07109375
1 0.425 0.46875 0.03515625 0.078125
1 0.76953125 0.528125 0.03359375 0.0640625
1 0.8359375 0.53125 0.03515625 0.07109375
1 0.87265625 0.3390625 0.021875 0.05
1 0.90234375 0.33125 0.0203125 0.046875
1 0.80234375 0.109375 0.01640625 0.03828125
1 0.7671875 0.07265625 0.015625 0.03046875
1 0.7421875 0.028125 0.01328125 0.0296875
3 0.728125 0.07734375 0.03984375 0.09140625