0 0.14375 0.34453125 0.0640625 0.090625
3 0.15234375 0.24140625 0.04296875 0.075
3 0.19453125 0.1609375 0.03203125 0.06796875
3 0.22578125 0.16484375 0.040625 0.059375
3 0.2109375 0.11796875 0.03046875 0.0546875
3 0.24453125 0.109375 0.03203125 0.05625
3 0.390625 0.05546875 0.0390625 0.05546875
3 0.43046875 0.04453125 0.0421875 0.06171875
0 0.35625 0.10625 0.0421875 0.06953125
3 0.396875 0.096875 0.04453125 0.08125
0 0.4421875 0.10546875 0.04375 0.05546875
3 0.46953125 0.04296875 0.03828125 0.05625
0 0.51171875 0.0484375 0.0328125 0.05390625
3 0.5484375 0.04375 0.04140625 0.0703125
3 0.565625 0.09375 0.04921875 0.078125
3 0.59140625 0.040625 0.04296875 0.07109375
3 0.653125 0.09453125 0.04609375 0.08203125
0 0.6359375 0.0546875 0.0375 0.05703125
3 0.703125 0.15546875 0.0546875 0.0984375
3 0.64765625 0.14375 0.05234375 0.10546875
0 0.46640625 0.24609375 0.05859375 0.08515625
0 0.53125 0.24375 0.07421875 0.09921875
3 0.68515625 0.25859375 0.06015625 0.10078125
3 0.75078125 0.271875 0.06328125 0.1234375
0 0.77890625 0.38671875 0.06796875 0.10390625
3 0.71640625 0.36875 0.06171875 0.140625
3 0.6515625 0.34296875 0.06953125 0.1390625
3 0.584375 0.33125 0.078125 0.1453125
3 0.31953125 0.3671875 0.08671875 0.115625
0 0.25390625 0.37578125 0.06015625 0.12421875
0 0.19765625 0.384375 0.06171875 0.11328125
3 0.234375 0.4875 0.05703125 0.15859375
3 0.27265625 0.54375 0.09453125 0.13515625
3 0.42265625 0.49765625 0.08828125 0.15625
0 0.74375 0.534375 0.08828125 0.10625
0 0.81953125 0.54140625 0.07890625 0.15546875
1 0.965625 0.7046875 0.06875 0.1125
0 0.85390625 0.35 0.06484375 0.09453125
3 0.896875 0.353125 0.03828125 0.09375
3 0.82265625 0.19296875 0.04453125 0.065625
3 0.79296875 0.13046875 0.0421875 0.0796875
3 0.76953125 0.08125 0.03359375 0.06875
3 0.7125 0.03828125 0.0328125 0.05625
1 0.13125 0.33125 0.02890625 0.053125
1 0.14140625 0.23125 0.01953125 0.0453125
1 0.18828125 0.14921875 0.01640625 0.03125
1 0.21640625 0.15546875 0.01875 0.04296875
1 0.20703125 0.11171875 0.01640625 0.03046875
1 0.2375 0.096875 0.01640625 0.03125
1 0.428125 0.03125 0.015625 0.03359375
1 0.39296875 0.08828125 0.02421875 0.04375
1 0.35703125 0.09375 0.02109375 0.03984375
1 0.44453125 0.1046875 0.02265625 0.0390625
1 0.471875 0.03046875 0.01796875 0.03515625
1 0.5171875 0.04140625 0.01796875 0.03515625
1 0.55 0.02734375 0.01796875 0.0359375
1 0.59140625 0.02578125 0.01875 0.0390625
1 0.571875 0.08046875 0.021875 0.04296875
1 0.640625 0.04296875 0.01875 0.0359375
1 0.65390625 0.07890625 0.02109375 0.04609375
1 0.7046875 0.13046875 0.02109375 0.0484375
1 0.65 0.1171875 0.02109375 0.0453125
1 0.4609375 0.24375 0.03046875 0.06015625
1 0.53828125 0.23203125 0.02890625 0.05703125
1 0.69609375 0.23828125 0.0265625 0.05546875
1 0.7625 0.24296875 0.0265625 0.06015625
1 0.79140625 0.37890625 0.02890625 0.05859375
1 0.73125 0.33125 0.0328125 0.06953125
1 0.659375 0.30703125 0.0328125 0.0640625
1 0.590625 0.29375 0.03203125 0.0640625
1 0.31328125 0.3453125 0.03203125 0.06484375
1 0.253125 0.36796875 0.03125 0.06328125
1 0.1875 0.36953125 0.02890625 0.05625
1 0.26328125 0.51640625 0.03359375 0.075
1 0.76953125 0.53671875 0.03359375 0.06875
1 0.8375 0.53046875 0.0359375 0.071875
1 0.8734375 0.33515625 0.02421875 0.05
1 0.90390625 0.33125 0.021875 0.04921875
1 0.83125 0.18125 0.02109375 0.03984375
1 0.80390625 0.11328125 0.01953125 0.04375
1 0.771875 0.06796875 0.01640625 0.03515625
3 0.7328125 0.07890625 0.03828125 0.06640625
3 0.74453125 0.046875 0.02890625 0.05546875
1 0.74765625 0.034375 0.01484375 0.03046875
1 0.71953125 0.025 0.01484375 0.03125