0 0.1625 0.29453125 0.0625 0.09375
3 0.1890625 0.196875 0.05625 0.0796875
3 0.2453125 0.11953125 0.0421875 0.06875
3 0.275 0.128125 0.0453125 0.059375
3 0.26640625 0.08203125 0.0375 0.0578125
3 0.3015625 0.07734375 0.0390625 0.0609375
3 0.496875 0.0390625 0.0453125 0.065625
0 0.4125 0.08984375 0.0515625 0.075
3 0.46328125 0.06640625 0.065625 0.1125
0 0.49765625 0.1015625 0.0515625 0.0609375
3 0.53515625 0.04375 0.046875 0.0609375
0 0.57421875 0.05234375 0.0390625 0.0546875
3 0.61328125 0.0546875 0.0515625 0.0671875
3 0.621875 0.10703125 0.059375 0.078125
3 0.65390625 0.06015625 0.0515625 0.08125
3 0.7078125 0.11953125 0.05625 0.090625
0 0.696875 0.0765625 0.0453125 0.0609375
3 0.746875 0.19140625 0.078125 0.1140625
3 0.6984375 0.1703125 0.0625 0.1
0 0.50234375 0.24140625 0.0703125 0.0921875
0 0.56640625 0.25 0.0875 0.1078125
3 0.71953125 0.28515625 0.071875 0.109375
3 0.7796875 0.3078125 0.0796875 0.1265625
0 0.79140625 0.42734375 0.0828125 0.103125
3 0.7328125 0.4 0.08125 0.1484375
3 0.67265625 0.36171875 0.0828125 0.134375
3 0.6046875 0.34453125 0.096875 0.1546875
3 0.340625 0.3453125 0.0984375 0.1234375
0 0.27421875 0.34296875 0.0765625 0.13125
0 0.21875 0.34375 0.075 0.1125
3 0.23828125 0.4578125 0.078125 0.165625
3 0.27109375 0.509375 0.1109375 0.1578125
3 0.428125 0.49453125 0.0984375 0.165625
0 0.7390625 0.57734375 0.1 0.1296875
0 0.8109375 0.58515625 0.1 0.165625
1 0.9328125 0.7671875 0.084375 0.1203125
0 0.87265625 0.39765625 0.0734375 0.09375
3 0.9140625 0.40546875 0.0515625 0.0984375
3 0.8625 0.24140625 0.053125 0.0703125
3 0.8453125 0.171875 0.0484375 0.075
3 0.82734375 0.12265625 0.040625 0.0640625
3 0.775 0.07265625 0.040625 0.0609375
1 0.15625 0.28046875 0.03125 0.0515625
1 0.18359375 0.18359375 0.0265625 0.046875
1 0.240625 0.10859375 0.021875 0.0328125
1 0.26796875 0.12109375 0.025 0.04375
1 0.2625 0.07421875 0.01875 0.0328125
1 0.29765625 0.06640625 0.0203125 0.0328125
3 0.3484375 0.0328125 0.05 0.065625
2 0.34453125 0.01015625 0.0203125 0.0203125
1 0.49375 0.0265625 0.021875 0.0359375
1 0.46640625 0.034375 0.0296875 0.0484375
1 0.41484375 0.07734375 0.025 0.0421875
1 0.50234375 0.09921875 0.028125 0.0390625
1 0.53671875 0.03125 0.021875 0.0375
1 0.58203125 0.04765625 0.021875 0.0359375
1 0.6171875 0.0421875 0.021875 0.0359375
1 0.6296875 0.0953125 0.0265625 0.0421875
1 0.65625 0.04296875 0.0234375 0.040625
1 0.7015625 0.06640625 0.0234375 0.0375
1 0.71015625 0.10390625 0.028125 0.0453125
1 0.7046875 0.14921875 0.0296875 0.046875
1 0.5 0.23828125 0.0359375 0.053125
1 0.5703125 0.23828125 0.034375 0.0625
1 0.73125 0.26796875 0.0296875 0.053125
1 0.796875 0.28203125 0.0375 0.0640625
1 0.80546875 0.4203125 0.0359375 0.0609375
1 0.7515625 0.3640625 0.0421875 0.0703125
1 0.68359375 0.33046875 0.0390625 0.0625
1 0.61875 0.30859375 0.0390625 0.0625
1 0.334375 0.32265625 0.0453125 0.0734375
1 0.275 0.3328125 0.0390625 0.059375
1 0.2109375 0.3359375 0.034375 0.0578125
1 0.23046875 0.41484375 0.0390625 0.06875
1 0.2703125 0.475 0.0421875 0.078125
1 0.42578125 0.45703125 0.0484375 0.0859375
1 0.7640625 0.57734375 0.04375 0.0765625
1 0.8296875 0.57734375 0.0453125 0.0734375
1 0.89296875 0.390625 0.03125 0.05625
1 0.921875 0.3890625 0.028125 0.0546875
1 0.8734375 0.23046875 0.0265625 0.04375
1 0.8546875 0.1578125 0.021875 0.0421875
1 0.82578125 0.1109375 0.0234375 0.0375
3 0.79140625 0.1125 0.0453125 0.0609375
1 0.7828125 0.06015625 0.0203125 0.0328125
3 0.80546875 0.084375 0.0359375 0.059375
1 0.81015625 0.07421875 0.0171875 0.0328125