0 0.17265625 0.290625 0.078125 0.1
3 0.196875 0.18984375 0.0546875 0.08125
3 0.2515625 0.1171875 0.0421875 0.071875
3 0.28125 0.12578125 0.05 0.065625
3 0.27421875 0.07734375 0.0390625 0.059375
3 0.30859375 0.07421875 0.040625 0.0609375
3 0.46171875 0.04375 0.046875 0.0609375
3 0.50234375 0.0390625 0.0515625 0.0671875
0 0.41953125 0.08828125 0.053125 0.075
3 0.4609375 0.0859375 0.05625 0.0875
0 0.5046875 0.1015625 0.0515625 0.0609375
3 0.54140625 0.04375 0.046875 0.0609375
0 0.58203125 0.05546875 0.040625 0.0578125
3 0.61953125 0.05703125 0.0515625 0.0765625
3 0.628125 0.109375 0.0609375 0.084375
3 0.6625 0.0609375 0.053125 0.0765625
3 0.71484375 0.1234375 0.0578125 0.0875
0 0.70390625 0.08125 0.0453125 0.0625
3 0.7546875 0.19140625 0.06875 0.10625
3 0.7015625 0.17109375 0.06875 0.1125
0 0.50625 0.24375 0.071875 0.09375
0 0.57109375 0.2515625 0.0890625 0.109375
3 0.7203125 0.290625 0.075 0.109375
3 0.78359375 0.3140625 0.08125 0.13125
0 0.79296875 0.43203125 0.0828125 0.1125
3 0.734375 0.40390625 0.0828125 0.1484375
3 0.67421875 0.36875 0.090625 0.1484375
3 0.609375 0.346875 0.1 0.15625
3 0.3421875 0.340625 0.103125 0.128125
0 0.2765625 0.3390625 0.078125 0.1328125
0 0.21953125 0.33828125 0.078125 0.121875
3 0.23984375 0.44609375 0.08125 0.165625
3 0.26875 0.5078125 0.1140625 0.1484375
3 0.42421875 0.4859375 0.1109375 0.16875
0 0.73515625 0.571875 0.103125 0.11875
0 0.809375 0.590625 0.1015625 0.165625
1 0.928125 0.775 0.0859375 0.121875
0 0.87265625 0.40703125 0.078125 0.103125
3 0.91484375 0.4171875 0.053125 0.0984375
3 0.86640625 0.246875 0.0546875 0.071875
3 0.846875 0.18046875 0.0546875 0.0859375
3 0.83203125 0.12890625 0.04375 0.0734375
3 0.78203125 0.07734375 0.040625 0.0609375
1 0.1625 0.27578125 0.0375 0.05625
1 0.1875 0.178125 0.0265625 0.0484375
1 0.246875 0.1046875 0.0203125 0.0328125
1 0.2734375 0.115625 0.025 0.0453125
1 0.27109375 0.0703125 0.0203125 0.0328125
1 0.30390625 0.0609375 0.0203125 0.0328125
1 0.50234375 0.02578125 0.0203125 0.0359375
1 0.45859375 0.0765625 0.03125 0.046875
1 0.42265625 0.0765625 0.0265625 0.0421875
1 0.50703125 0.10078125 0.028125 0.0421875
1 0.5453125 0.03203125 0.0234375 0.0375
1 0.5890625 0.05 0.0234375 0.0375
1 0.6234375 0.040625 0.0234375 0.0390625
1 0.66484375 0.04609375 0.025 0.0421875
1 0.63671875 0.096875 0.028125 0.0453125
1 0.71015625 0.0703125 0.0234375 0.0390625
1 0.71796875 0.1078125 0.028125 0.0484375
1 0.76015625 0.1671875 0.028125 0.0515625
1 0.7078125 0.1453125 0.028125 0.0484375
1 0.5015625 0.240625 0.0390625 0.0640625
1 0.5796875 0.24140625 0.0375 0.0609375
1 0.734375 0.271875 0.034375 0.059375
1 0.79921875 0.2875 0.0359375 0.0640625
1 0.80703125 0.42578125 0.0375 0.0625
1 0.7546875 0.36953125 0.04375 0.0734375
1 0.6875 0.334375 0.0421875 0.06875
1 0.621875 0.31015625 0.0421875 0.06875
1 0.33984375 0.31796875 0.0421875 0.06875
1 0.2765625 0.33125 0.040625 0.0671875
1 0.21171875 0.321875 0.0375 0.059375
1 0.26328125 0.47890625 0.0453125 0.0796875
1 0.76015625 0.578125 0.04375 0.0734375
1 0.82890625 0.5828125 0.046875 0.0765625
1 0.89453125 0.3953125 0.03125 0.053125
1 0.925 0.396875 0.0296875 0.0515625
1 0.87734375 0.23671875 0.0265625 0.0421875
1 0.8609375 0.165625 0.0265625 0.046875
1 0.8359375 0.115625 0.021875 0.0375
3 0.79609375 0.1203125 0.0484375 0.071875
3 0.8125 0.090625 0.0375 0.059375
1 0.8171875 0.07890625 0.01875 0.0328125
1 0.79140625 0.06484375 0.0203125 0.0328125