0 0.13671875 0.34453125 0.05 0.08359375
3 0.153125 0.23671875 0.0421875 0.07890625
3 0.19375 0.16640625 0.0328125 0.0609375
3 0.2265625 0.1671875 0.03984375 0.06171875
3 0.2109375 0.11875 0.03203125 0.05
3 0.2453125 0.10859375 0.03359375 0.05859375
0 0.39140625 0.05546875 0.04140625 0.05703125
0 0.440625 0.10390625 0.0421875 0.05390625
0 0.35625 0.109375 0.04375 0.065625
0 0.39921875 0.09921875 0.04375 0.071875
3 0.43203125 0.04609375 0.04140625 0.0609375
3 0.46953125 0.04375 0.03671875 0.05390625
0 0.509375 0.04296875 0.0328125 0.0546875
3 0.546875 0.03828125 0.03984375 0.06640625
3 0.59140625 0.040625 0.04453125 0.06328125
0 0.6359375 0.0515625 0.04140625 0.05625
3 0.65234375 0.09453125 0.04453125 0.08046875
0 0.57109375 0.09609375 0.05390625 0.06640625
3 0.703125 0.16953125 0.0578125 0.08359375
3 0.653125 0.14609375 0.04453125 0.09609375
0 0.46875 0.2484375 0.0578125 0.06953125
3 0.53046875 0.24453125 0.07421875 0.10390625
3 0.69375 0.26171875 0.05859375 0.10546875
3 0.75078125 0.27109375 0.06015625 0.1140625
3 0.778125 0.3765625 0.0640625 0.11875
3 0.71640625 0.35625 0.06015625 0.09375
3 0.6546875 0.35859375 0.06640625 0.1390625
3 0.5890625 0.359375 0.07890625 0.1484375
3 0.31640625 0.36796875 0.08671875 0.1359375
0 0.25390625 0.36640625 0.05546875 0.11484375
0 0.2 0.38125 0.06015625 0.10546875
3 0.225 0.4984375 0.05859375 0.16953125
3 0.27109375 0.54453125 0.08125 0.1484375
3 0.428125 0.51875 0.08671875 0.14609375
0 0.8453125 0.50390625 0.11015625 0.1546875
3 0.7125 0.034375 0.02890625 0.06015625
3 0.74609375 0.046875 0.02734375 0.05546875
3 0.73359375 0.078125 0.0421875 0.06328125
3 0.771875 0.07890625 0.03203125 0.05859375
0 0.825 0.1984375 0.0359375 0.05625
0 0.8546875 0.34296875 0.05859375 0.1
3 0.89921875 0.3546875 0.040625 0.0984375
3 0.96640625 0.7015625 0.065625 0.11953125
1 0.128125 0.33125 0.02265625 0.04375
1 0.1453125 0.21953125 0.01796875 0.04296875
1 0.18828125 0.153125 0.01484375 0.03046875
1 0.21875 0.15546875 0.0171875 0.040625
1 0.20390625 0.10859375 0.01484375 0.0296875
1 0.23984375 0.09609375 0.0140625 0.03046875
1 0.359375 0.10625 0.01953125 0.0359375
1 0.39609375 0.084375 0.021875 0.03828125
1 0.44453125 0.09609375 0.02109375 0.03515625
1 0.39375 0.04609375 0.01484375 0.03046875
1 0.43203125 0.03203125 0.01484375 0.03125
1 0.46953125 0.03203125 0.01484375 0.03125
1 0.51328125 0.03359375 0.015625 0.03125
1 0.546875 0.021875 0.0171875 0.034375
1 0.590625 0.0265625 0.01640625 0.03203125
1 0.56875 0.08359375 0.0203125 0.03828125
1 0.640625 0.0421875 0.0171875 0.0359375
1 0.653125 0.07734375 0.01953125 0.03984375
2 0.653125 0.121875 0.02109375 0.04453125
1 0.70625 0.1546875 0.021875 0.04609375
1 0.7625 0.24296875 0.02578125 0.05546875
1 0.703125 0.23984375 0.02421875 0.05
1 0.7859375 0.34609375 0.02578125 0.05703125
1 0.73125 0.340625 0.0296875 0.059375
1 0.66015625 0.32578125 0.03046875 0.06875
1 0.5953125 0.33046875 0.02890625 0.06328125
1 0.53515625 0.22109375 0.02734375 0.053125
1 0.46640625 0.24453125 0.02734375 0.05390625
1 0.19296875 0.37265625 0.0265625 0.04921875
1 0.25625 0.36328125 0.02578125 0.05390625
3 0.16015625 0.515625 0.06328125 0.13515625
1 0.14140625 0.48046875 0.02578125 0.06015625
1 0.215625 0.44609375 0.02734375 0.0609375
1 0.265625 0.5078125 0.0328125 0.06953125
3 0.09453125 0.7265625 0.06640625 0.16953125
1 0.07890625 0.69140625 0.03125 0.0734375
3 0.15625 0.70625 0.09453125 0.20390625
2 0.12578125 0.64453125 0.03359375 0.08046875
1 0.41875 0.4890625 0.03125 0.08125
3 0.70078125 0.4875 0.11796875 0.23046875
1 0.73359375 0.41640625 0.0421875 0.08359375
0 0.7625 0.53125 0.0703125 0.1046875
1 0.7796875 0.5265625 0.03359375 0.06484375
2 0.871875 0.32109375 0.02109375 0.053125
1 0.90546875 0.33046875 0.0203125 0.0484375
1 0.83203125 0.190625 0.01875 0.0390625
2 0.7984375 0.1421875 0.01953125 0.03984375
1 0.7421875 0.06328125 0.01640625 0.0296875
2 0.778125 0.06640625 0.01640625 0.02890625
1 0.74765625 0.03515625 0.01328125 0.028125
2 0.71484375 0.01875 0.01171875 0.02578125