0 0.18984375 0.2546875 0.0671875 0.0921875
3 0.23125 0.1625 0.0625 0.0859375
3 0.290625 0.09765625 0.0484375 0.071875
3 0.3203125 0.1078125 0.05 0.06875
3 0.31953125 0.05703125 0.04375 0.0578125
3 0.4 0.0265625 0.05625 0.053125
0 0.5109375 0.04375 0.0546875 0.065625
0 0.546875 0.1046875 0.05625 0.0640625
0 0.46015625 0.08515625 0.059375 0.075
0 0.5046875 0.08359375 0.0640625 0.090625
3 0.5515625 0.04375 0.05625 0.0703125
3 0.58828125 0.0515625 0.05 0.0578125
0 0.628125 0.0625 0.046875 0.0625
3 0.6640625 0.06953125 0.059375 0.0765625
3 0.70703125 0.08046875 0.0609375 0.075
0 0.746875 0.10390625 0.053125 0.0625
3 0.75234375 0.15234375 0.0671875 0.0953125
0 0.67421875 0.12734375 0.06875 0.08125
3 0.78203125 0.2328125 0.075 0.096875
3 0.7328125 0.2015625 0.071875 0.1
0 0.5359375 0.25078125 0.075 0.09375
3 0.596875 0.2609375 0.096875 0.115625
3 0.74921875 0.31328125 0.084375 0.115625
3 0.79921875 0.35 0.0890625 0.11875
3 0.80078125 0.45546875 0.0953125 0.125
3 0.74921875 0.4171875 0.0953125 0.1375
3 0.68671875 0.40703125 0.1 0.153125
3 0.62265625 0.38515625 0.1171875 0.165625
3 0.35078125 0.334375 0.1125 0.1375
0 0.29453125 0.31171875 0.084375 0.13125
0 0.240625 0.31484375 0.0859375 0.11875
3 0.21484375 0.43515625 0.1078125 0.1578125
3 0.26796875 0.471875 0.1171875 0.1796875
3 0.428125 0.4890625 0.121875 0.1546875
0 0.7265625 0.6015625 0.1109375 0.1296875
0 0.7984375 0.621875 0.1171875 0.16875
3 0.8265625 0.103125 0.04375 0.0640625
3 0.853125 0.1234375 0.0453125 0.0671875
0 0.834375 0.153125 0.0578125 0.078125
3 0.8703125 0.16640625 0.04375 0.059375
3 0.87890625 0.2203125 0.0578125 0.084375
3 0.8890625 0.2875 0.0578125 0.075
0 0.8828125 0.44765625 0.0796875 0.0984375
3 0.921875 0.45859375 0.0609375 0.1015625
3 0.8984375 0.821875 0.0890625 0.115625
1 0.17890625 0.24921875 0.034375 0.05
1 0.2265625 0.1453125 0.028125 0.046875
1 0.28984375 0.08046875 0.021875 0.034375
1 0.3171875 0.0953125 0.0265625 0.0421875
1 0.31484375 0.046875 0.021875 0.0328125
2 0.40625 0.0078125 0.021875 0.015625
3 0.35703125 0.1375 0.11875 0.2140625
1 0.3546875 0.06171875 0.0359375 0.0609375
3 0.43671875 0.053125 0.0671875 0.10625
1 0.5140625 0.0328125 0.0234375 0.0359375
1 0.5546875 0.03203125 0.0234375 0.0359375
1 0.5515625 0.103125 0.0296875 0.0375
1 0.59140625 0.0421875 0.0234375 0.0328125
1 0.665625 0.05625 0.025 0.0359375
1 0.7109375 0.065625 0.0234375 0.0359375
1 0.75390625 0.0953125 0.0234375 0.0375
1 0.75625 0.13046875 0.028125 0.04375
1 0.74140625 0.18203125 0.03125 0.046875
1 0.7875 0.21640625 0.0328125 0.05
1 0.5375 0.23984375 0.040625 0.059375
1 0.60703125 0.24921875 0.0390625 0.05625
1 0.76640625 0.29296875 0.0390625 0.053125
1 0.81875 0.328125 0.0390625 0.0609375
1 0.815625 0.4328125 0.040625 0.0609375
1 0.76640625 0.39375 0.0484375 0.0734375
1 0.6984375 0.37109375 0.046875 0.0734375
1 0.63515625 0.36171875 0.04375 0.06875
1 0.29765625 0.31328125 0.0390625 0.0578125
1 0.234375 0.30546875 0.0421875 0.0578125
3 0.16328125 0.42890625 0.096875 0.1390625
1 0.42421875 0.459375 0.0515625 0.08125
1 0.74921875 0.61015625 0.046875 0.071875
1 0.8171875 0.61875 0.053125 0.0765625
3 0.046875 0.596875 0.09375 0.225
3 0.09609375 0.65 0.146875 0.171875
2 0.0203125 0.5375 0.040625 0.0875
1 0.0640625 0.61953125 0.0578125 0.0828125
1 0.90390625 0.440625 0.034375 0.053125
1 0.9328125 0.44140625 0.03125 0.053125
1 0.903125 0.27734375 0.028125 0.04375
1 0.89296875 0.20390625 0.0234375 0.0375
1 0.86875 0.15625 0.0234375 0.034375
1 0.84453125 0.13515625 0.021875 0.034375
2 0.8328125 0.090625 0.0203125 0.0328125
1 0.85703125 0.109375 0.0203125 0.034375