0 0.1359375 0.34296875 0.04921875 0.084375
3 0.15390625 0.23671875 0.04609375 0.08046875
3 0.19375 0.165625 0.0328125 0.06484375
3 0.22734375 0.16796875 0.03984375 0.06171875
3 0.21015625 0.11875 0.03359375 0.0515625
3 0.2453125 0.10625 0.03359375 0.06015625
0 0.3921875 0.05546875 0.04140625 0.05546875
0 0.43984375 0.0984375 0.04609375 0.05546875
0 0.35390625 0.10703125 0.04375 0.06796875
0 0.39765625 0.10078125 0.04609375 0.07421875
3 0.43125 0.0453125 0.04140625 0.0609375
3 0.46875 0.04296875 0.03671875 0.053125
3 0.51015625 0.0359375 0.03359375 0.06796875
3 0.54453125 0.03671875 0.03828125 0.059375
3 0.590625 0.04375 0.03828125 0.059375
0 0.63203125 0.04921875 0.03125 0.0546875
3 0.66015625 0.0609375 0.04453125 0.1203125
3 0.55 0.08203125 0.09140625 0.084375
3 0.70078125 0.16796875 0.05546875 0.0890625
3 0.640625 0.146875 0.0703125 0.09453125
0 0.46953125 0.246875 0.05703125 0.06953125
3 0.53125 0.24375 0.0734375 0.1
3 0.69453125 0.2640625 0.059375 0.103125
3 0.7515625 0.26953125 0.05859375 0.11484375
3 0.7765625 0.3765625 0.06875 0.11953125
0 0.715625 0.37265625 0.0578125 0.11953125
3 0.65546875 0.3515625 0.06328125 0.1234375
3 0.58828125 0.35703125 0.07890625 0.1453125
3 0.31953125 0.36796875 0.08515625 0.10859375
0 0.2546875 0.37109375 0.06015625 0.12421875
0 0.2 0.384375 0.06015625 0.10546875
3 0.22421875 0.5 0.05859375 0.16875
3 0.27265625 0.54375 0.08125 0.15390625
3 0.428125 0.51796875 0.08515625 0.1453125
3 0.75078125 0.521875 0.08203125 0.13671875
3 0.81640625 0.53671875 0.07578125 0.15625
3 0.71328125 0.03125 0.028125 0.05625
3 0.74453125 0.0484375 0.02734375 0.05546875
3 0.73828125 0.08046875 0.03984375 0.0734375
3 0.771875 0.08046875 0.02890625 0.059375
3 0.79609375 0.128125 0.03359375 0.059375
0 0.82578125 0.19453125 0.034375 0.0546875
0 0.85546875 0.35 0.0578125 0.08125
3 0.8984375 0.35234375 0.04140625 0.09921875
3 0.96640625 0.70390625 0.065625 0.11328125
1 0.125 0.33359375 0.02109375 0.04609375
1 0.1453125 0.21875 0.01953125 0.04453125
1 0.18828125 0.15078125 0.015625 0.03125
1 0.21796875 0.15546875 0.0171875 0.040625
1 0.20390625 0.10859375 0.01484375 0.028125
1 0.240625 0.09296875 0.0140625 0.03203125
1 0.39375 0.046875 0.015625 0.03125
1 0.43203125 0.03125 0.01328125 0.03046875
1 0.35625 0.09375 0.0171875 0.03671875
1 0.39453125 0.084375 0.02109375 0.03828125
1 0.43046875 0.09375 0.01953125 0.03828125
1 0.46953125 0.03125 0.01484375 0.0296875
2 0.51171875 0.01953125 0.01484375 0.03125
1 0.54453125 0.02421875 0.01484375 0.03203125
1 0.5953125 0.03046875 0.01796875 0.03515625
1 0.6390625 0.0421875 0.015625 0.034375
3 0.68515625 0.07890625 0.03203125 0.13515625
3 0.70390625 0.1015625 0.05078125 0.11875
1 0.703125 0.14765625 0.01953125 0.04375
1 0.7609375 0.24375 0.025 0.05703125
1 0.740625 0.0609375 0.0171875 0.03203125
1 0.76953125 0.06875 0.01484375 0.03125
1 0.746875 0.034375 0.01171875 0.03046875
2 0.7140625 0.01875 0.01328125 0.0296875
1 0.80078125 0.11796875 0.015625 0.03671875
1 0.83359375 0.19140625 0.0171875 0.04140625
3 0.78828125 0.2234375 0.04609375 0.19375
2 0.79765625 0.153125 0.02109375 0.04921875
1 0.703125 0.23984375 0.02578125 0.0515625
1 0.78515625 0.3453125 0.025 0.059375
1 0.71875 0.3453125 0.0328125 0.059375
1 0.66015625 0.3234375 0.03125 0.06953125
1 0.59453125 0.33046875 0.03046875 0.0609375
3 0.6625 0.4828125 0.08046875 0.19140625
1 0.3125 0.3453125 0.0296875 0.06328125
1 0.253125 0.3640625 0.02578125 0.05078125
1 0.19375 0.37890625 0.025 0.0515625
3 0.16015625 0.5140625 0.06484375 0.1390625
1 0.14140625 0.478125 0.02734375 0.0609375
1 0.21796875 0.4515625 0.0296875 0.0640625
1 0.265625 0.50625 0.03359375 0.06875
1 0.41796875 0.48671875 0.0328125 0.08046875
1 0.775 0.49140625 0.03046875 0.06796875
1 0.83125 0.5234375 0.03359375 0.06875
3 0.09375 0.72734375 0.0671875 0.17109375
1 0.078125 0.6828125 0.03203125 0.07890625
3 0.159375 0.70234375 0.11015625 0.2046875
2 0.12265625 0.6421875 0.03671875 0.08046875
1 0.46640625 0.24296875 0.028125 0.053125
1 0.534375 0.221875 0.02734375 0.05546875
1 0.8734375 0.34140625 0.025 0.0515625
1 0.903125 0.33125 0.01953125 0.05078125