0 0.1546875 0.30546875 0.0578125 0.0890625
3 0.18359375 0.20234375 0.0546875 0.084375
3 0.23046875 0.13515625 0.0390625 0.0671875
3 0.26328125 0.14140625 0.0453125 0.065625
3 0.2515625 0.090625 0.0390625 0.0546875
3 0.2875 0.08203125 0.0390625 0.0640625
0 0.4390625 0.046875 0.046875 0.059375
0 0.48203125 0.09453125 0.0515625 0.059375
0 0.39609375 0.09375 0.05 0.071875
0 0.43984375 0.0921875 0.053125 0.078125
3 0.47890625 0.040625 0.046875 0.065625
3 0.51640625 0.0421875 0.0421875 0.05625
3 0.55859375 0.03984375 0.040625 0.071875
3 0.59296875 0.04375 0.04375 0.0625
3 0.6375 0.05546875 0.04375 0.0625
0 0.678125 0.065625 0.0375 0.0578125
3 0.70546875 0.08046875 0.05625 0.125
3 0.59375 0.08984375 0.1 0.09375
3 0.734375 0.190625 0.0640625 0.09375
3 0.6765625 0.16328125 0.0796875 0.1015625
0 0.49609375 0.2453125 0.0640625 0.075
3 0.5578125 0.2484375 0.0828125 0.1078125
3 0.71796875 0.2859375 0.0703125 0.109375
3 0.77421875 0.296875 0.0703125 0.1203125
3 0.78828125 0.40625 0.08125 0.1265625
0 0.728125 0.39609375 0.0703125 0.125
3 0.6703125 0.36875 0.0765625 0.1296875
3 0.603125 0.3671875 0.09375 0.153125
3 0.334375 0.35 0.0953125 0.1171875
0 0.26953125 0.34609375 0.0734375 0.1296875
0 0.2140625 0.35390625 0.0703125 0.1109375
3 0.22578125 0.47109375 0.0765625 0.1734375
3 0.26953125 0.51953125 0.096875 0.1609375
3 0.4265625 0.51015625 0.1 0.153125
3 0.746875 0.54765625 0.0953125 0.1453125
3 0.8109375 0.56953125 0.0921875 0.1640625
3 0.7609375 0.05625 0.034375 0.059375
3 0.790625 0.0765625 0.0328125 0.0578125
3 0.78046875 0.1078125 0.046875 0.0765625
3 0.8140625 0.1109375 0.034375 0.0625
3 0.83359375 0.1609375 0.0390625 0.0625
0 0.85625 0.23046875 0.040625 0.0578125
0 0.86953125 0.38828125 0.065625 0.0875
3 0.91171875 0.39453125 0.0515625 0.103125
3 0.9421875 0.7515625 0.0765625 0.11875
1 0.14453125 0.2953125 0.0265625 0.0484375
1 0.1765625 0.18359375 0.0234375 0.046875
1 0.2265625 0.1203125 0.01875 0.0328125
1 0.25546875 0.128125 0.021875 0.0421875
1 0.24609375 0.0796875 0.0171875 0.0296875
1 0.284375 0.06796875 0.0171875 0.0328125
1 0.44140625 0.03828125 0.01875 0.0328125
1 0.48125 0.0265625 0.015625 0.03125
1 0.39921875 0.08125 0.0203125 0.0390625
1 0.43828125 0.07578125 0.025 0.040625
1 0.4734375 0.0890625 0.0234375 0.040625
1 0.51875 0.03046875 0.0171875 0.03125
2 0.56171875 0.0234375 0.01875 0.0328125
1 0.59375 0.03125 0.01875 0.0328125
1 0.64375 0.04296875 0.021875 0.0375
1 0.6859375 0.059375 0.01875 0.0359375
3 0.728125 0.10078125 0.0453125 0.1375
3 0.74453125 0.125 0.0625 0.1234375
1 0.7390625 0.17109375 0.0234375 0.0453125
1 0.7859375 0.27265625 0.03125 0.059375
1 0.78515625 0.08828125 0.0203125 0.034375
1 0.81328125 0.09921875 0.01875 0.0328125
1 0.79453125 0.0625 0.0140625 0.03125
2 0.76328125 0.04375 0.015625 0.03125
1 0.8390625 0.1515625 0.01875 0.0375
1 0.8640625 0.228125 0.021875 0.04375
3 0.815625 0.25546875 0.065625 0.196875
2 0.83203125 0.1859375 0.0265625 0.0515625
1 0.72890625 0.2625 0.03125 0.0546875
1 0.8 0.37578125 0.03125 0.0609375
1 0.73359375 0.36875 0.0390625 0.0625
1 0.678125 0.34140625 0.0390625 0.071875
1 0.61171875 0.34140625 0.0359375 0.0640625
3 0.66328125 0.5 0.1 0.1984375
1 0.3296875 0.3265625 0.0359375 0.065625
1 0.26875 0.3390625 0.03125 0.053125
1 0.2078125 0.34765625 0.0296875 0.053125
3 0.1609375 0.478125 0.0796875 0.1453125
1 0.1453125 0.440625 0.0328125 0.0640625
1 0.22421875 0.42265625 0.0359375 0.0671875
1 0.26640625 0.48203125 0.040625 0.071875
1 0.41953125 0.478125 0.040625 0.0828125
1 0.77421875 0.5203125 0.0375 0.0703125
1 0.82734375 0.5578125 0.040625 0.071875
3 0.071875 0.68359375 0.084375 0.1765625
1 0.0609375 0.6375 0.040625 0.08125
3 0.13984375 0.665625 0.13125 0.215625
2 0.11015625 0.60234375 0.0453125 0.084375
1 0.49375 0.240625 0.0328125 0.05625
1 0.56328125 0.22734375 0.0328125 0.0578125
1 0.88828125 0.38125 0.0296875 0.053125
1 0.91875 0.37421875 0.025 0.053125