3 0.140625 0.33828125 0.05546875 0.08125
3 0.15078125 0.24296875 0.04609375 0.0765625
3 0.19375 0.16640625 0.03359375 0.06015625
3 0.22578125 0.16328125 0.03984375 0.05546875
3 0.21015625 0.11796875 0.03125 0.05625
3 0.24765625 0.1109375 0.034375 0.05546875
0 0.275 0.06953125 0.03984375 0.0484375
0 0.35390625 0.10859375 0.04453125 0.06484375
0 0.4375 0.1078125 0.0453125 0.04921875
0 0.39453125 0.10078125 0.046875 0.075
3 0.3921875 0.0484375 0.040625 0.05859375
3 0.43203125 0.04453125 0.040625 0.06484375
3 0.4703125 0.04296875 0.0375 0.0546875
3 0.48125 0.090625 0.0484375 0.06796875
0 0.5109375 0.04453125 0.03125 0.046875
3 0.546875 0.04375 0.0421875 0.05625
0 0.59140625 0.04453125 0.04453125 0.05703125
3 0.65390625 0.09765625 0.04609375 0.08203125
3 0.7046875 0.1703125 0.059375 0.08515625
3 0.65390625 0.15546875 0.04453125 0.0953125
0 0.5734375 0.15625 0.05859375 0.0953125
3 0.403125 0.24296875 0.0734375 0.09921875
3 0.46875 0.24375 0.0546875 0.08671875
3 0.52890625 0.2375 0.07734375 0.10625
3 0.69765625 0.26171875 0.06015625 0.10625
3 0.7546875 0.271875 0.06015625 0.11875
0 0.7734375 0.38671875 0.05859375 0.10625
0 0.721875 0.39609375 0.06875 0.1203125
3 0.6578125 0.35625 0.06484375 0.1453125
3 0.5875 0.35625 0.07890625 0.14921875
3 0.32265625 0.3671875 0.08515625 0.10625
0 0.25390625 0.37890625 0.059375 0.11484375
0 0.2015625 0.38515625 0.06015625 0.10546875
0 0.14921875 0.55625 0.0734375 0.10859375
3 0.21328125 0.51171875 0.06328125 0.13984375
3 0.27265625 0.534375 0.08203125 0.1484375
3 0.4296875 0.5046875 0.07578125 0.15546875
3 0.67265625 0.53203125 0.08984375 0.1796875
0 0.81875 0.53828125 0.07421875 0.15546875
3 0.96640625 0.70625 0.06484375 0.11953125
3 0.903125 0.49296875 0.0671875 0.11640625
0 0.859375 0.353125 0.0546875 0.08828125
3 0.9 0.35703125 0.0421875 0.103125
0 0.78828125 0.18203125 0.05 0.07109375
3 0.82265625 0.1890625 0.028125 0.07421875
3 0.7328125 0.08046875 0.0375 0.06875
3 0.71328125 0.0390625 0.03046875 0.0640625
3 0.09140625 0.7265625 0.06015625 0.1734375
3 0.153125 0.70078125 0.1046875 0.2109375
3 0.75078125 0.53125 0.075 0.11484375
3 0.76015625 0.1203125 0.04453125 0.078125
3 0.74453125 0.04609375 0.02890625 0.0546875
1 0.1234375 0.32421875 0.02109375 0.04453125
1 0.14375 0.2296875 0.01953125 0.040625
1 0.18828125 0.1546875 0.015625 0.03125
1 0.21796875 0.15546875 0.01640625 0.040625
1 0.2046875 0.11015625 0.015625 0.03125
1 0.23828125 0.09921875 0.015625 0.03125
1 0.2703125 0.065625 0.015625 0.03125
1 0.27578125 0.02890625 0.01484375 0.03359375
3 0.28203125 0.034375 0.02890625 0.04921875
1 0.39296875 0.0390625 0.0171875 0.03828125
1 0.35390625 0.096875 0.01875 0.03828125
1 0.38203125 0.0875 0.02265625 0.04375
1 0.43125 0.03203125 0.015625 0.03359375
1 0.44375 0.10546875 0.02265625 0.0390625
1 0.46953125 0.034375 0.01640625 0.03125
1 0.48125 0.07890625 0.02109375 0.040625
1 0.5125 0.040625 0.01796875 0.03203125
1 0.54453125 0.03515625 0.01796875 0.03125
1 0.59609375 0.0390625 0.0203125 0.0390625
3 0.6359375 0.04921875 0.0375 0.05625
1 0.63828125 0.03984375 0.01796875 0.03515625
1 0.65390625 0.078125 0.02109375 0.04140625
1 0.56875 0.0859375 0.02109375 0.04375
0 0.56875 0.0953125 0.0453125 0.06640625
1 0.571875 0.13359375 0.02578125 0.04921875
2 0.65234375 0.13125 0.02265625 0.0453125
1 0.70546875 0.15625 0.0234375 0.05078125
1 0.76171875 0.24296875 0.02734375 0.05703125
1 0.70546875 0.24296875 0.0265625 0.05078125
2 0.53515625 0.21640625 0.02734375 0.05859375
1 0.46953125 0.22734375 0.02578125 0.053125
1 0.3984375 0.22109375 0.02890625 0.06015625
1 0.35078125 0.190625 0.025 0.05703125
3 0.3484375 0.23125 0.06640625 0.14140625
1 0.19453125 0.378125 0.02578125 0.0515625
1 0.24609375 0.378125 0.0265625 0.0515625
1 0.315625 0.34921875 0.0296875 0.06796875
1 0.5953125 0.328125 0.03359375 0.0640625
2 0.66015625 0.32109375 0.03046875 0.0734375
1 0.78828125 0.37578125 0.02734375 0.05625
1 0.83828125 0.52890625 0.03515625 0.06640625
1 0.771875 0.53046875 0.034375 0.06484375
1 0.684375 0.49921875 0.03671875 0.07890625
1 0.42265625 0.475 0.0375 0.08359375
1 0.26328125 0.5015625 0.03515625 0.0734375
1 0.2 0.48046875 0.0328125 0.06484375
1 0.134375 0.54375 0.0296875 0.06171875
1 0.08125 0.69375 0.03359375 0.0734375
1 0.121875 0.6390625 0.0390625 0.08125
1 0.67109375 0.71796875 0.0421875 0.08359375
3 0.64609375 0.72421875 0.128125 0.14609375
1 0.92265625 0.46875 0.02578125 0.05703125
1 0.8734375 0.34296875 0.02421875 0.05546875
1 0.90390625 0.3375 0.02109375 0.053125
1 0.821875 0.1734375 0.01953125 0.04296875
1 0.80078125 0.1734375 0.02265625 0.04453125
3 0.80078125 0.13046875 0.04375 0.065625
1 0.76875 0.1046875 0.0203125 0.04296875
1 0.80703125 0.11640625 0.01796875 0.03828125
1 0.7421875 0.0640625 0.01875 0.03125
1 0.7734375 0.07265625 0.01796875 0.0359375
1 0.746875 0.03515625 0.01484375 0.03125
1 0.7171875 0.025 0.015625 0.03125