0 0.12109375 0.3890625 0.065625 0.0765625
3 0.12421875 0.2875 0.0515625 0.0796875
3 0.15546875 0.20625 0.040625 0.0640625
3 0.1875 0.203125 0.0453125 0.065625
3 0.165625 0.15625 0.0375 0.059375
3 0.1984375 0.14296875 0.0421875 0.059375
3 0.2265625 0.0875 0.0421875 0.0671875
0 0.30625 0.12734375 0.0515625 0.06875
0 0.390625 0.11640625 0.05 0.0515625
3 0.346875 0.11171875 0.0515625 0.075
3 0.340625 0.071875 0.0484375 0.0640625
3 0.37734375 0.0609375 0.046875 0.059375
3 0.41484375 0.05 0.04375 0.059375
3 0.43125 0.09609375 0.053125 0.0703125
3 0.4546875 0.0453125 0.0359375 0.0546875
3 0.48984375 0.04140625 0.046875 0.0609375
0 0.51640625 0.09140625 0.0546875 0.075
0 0.53515625 0.0359375 0.0515625 0.0609375
3 0.58125 0.03515625 0.04375 0.0609375
3 0.60390625 0.08046875 0.0546875 0.090625
3 0.66484375 0.15 0.0703125 0.0890625
3 0.6109375 0.13984375 0.0546875 0.0953125
3 0.53125 0.14921875 0.0734375 0.1078125
3 0.3734375 0.25625 0.0828125 0.1109375
3 0.43828125 0.24921875 0.0609375 0.08125
3 0.50078125 0.240625 0.0828125 0.1078125
3 0.66640625 0.2390625 0.075 0.1125
3 0.72421875 0.2421875 0.078125 0.1265625
0 0.75703125 0.35 0.06875 0.109375
0 0.7078125 0.3703125 0.084375 0.1265625
3 0.6390625 0.3390625 0.084375 0.159375
3 0.5703125 0.346875 0.0984375 0.1578125
3 0.3078125 0.38984375 0.096875 0.115625
0 0.23984375 0.4078125 0.075 0.1203125
0 0.1890625 0.42421875 0.0734375 0.1125
0 0.15859375 0.59765625 0.0875 0.11875
3 0.2234375 0.56875 0.075 0.159375
3 0.275 0.5578125 0.096875 0.165625
3 0.4296875 0.5125 0.090625 0.153125
3 0.675 0.51328125 0.109375 0.190625
0 0.82421875 0.496875 0.0921875 0.1609375
3 0.97421875 0.64765625 0.0515625 0.1265625
3 0.89921875 0.44375 0.08125 0.1234375
0 0.83671875 0.3125 0.065625 0.0921875
3 0.8796875 0.31171875 0.053125 0.103125
3 0.746875 0.14609375 0.059375 0.084375
3 0.78125 0.1515625 0.0375 0.071875
3 0.67890625 0.05546875 0.0453125 0.0734375
3 0.65546875 0.025 0.0390625 0.05
3 0.12421875 0.80703125 0.0921875 0.2375
3 0.19140625 0.77890625 0.1109375 0.1953125
3 0.75234375 0.50078125 0.0890625 0.1234375
3 0.7125 0.0921875 0.053125 0.0828125
3 0.6859375 0.025 0.0375 0.05
1 0.1046875 0.39140625 0.028125 0.0484375
1 0.11328125 0.27578125 0.025 0.0453125
1 0.14765625 0.19140625 0.0203125 0.0328125
1 0.178125 0.1921875 0.021875 0.0421875
1 0.159375 0.14609375 0.01875 0.0328125
1 0.1921875 0.13359375 0.01875 0.0328125
1 0.30546875 0.11640625 0.0234375 0.040625
1 0.3390625 0.0578125 0.0203125 0.0375
1 0.37578125 0.0453125 0.01875 0.0328125
1 0.39609375 0.11640625 0.0265625 0.04375
1 0.3453125 0.1015625 0.0296875 0.046875
1 0.4125 0.03828125 0.0203125 0.0359375
1 0.4296875 0.08359375 0.0265625 0.0421875
1 0.4546875 0.03671875 0.0203125 0.0328125
1 0.4875 0.0328125 0.021875 0.0328125
1 0.51796875 0.08359375 0.0265625 0.040625
1 0.53828125 0.03046875 0.0234375 0.040625
1 0.584375 0.0265625 0.0203125 0.0375
1 0.6015625 0.0625 0.0265625 0.0421875
1 0.6625 0.13359375 0.028125 0.0515625
1 0.53046875 0.125 0.03125 0.0515625
3 0.32109375 0.23828125 0.0765625 0.140625
1 0.365625 0.23515625 0.0359375 0.0625
1 0.4359375 0.2390625 0.0328125 0.05625
1 0.50703125 0.21484375 0.0375 0.059375
1 0.67265625 0.21796875 0.0328125 0.053125
1 0.728125 0.21171875 0.0359375 0.0625
1 0.77109375 0.33984375 0.034375 0.0578125
1 0.63515625 0.30078125 0.040625 0.075
1 0.5734375 0.31796875 0.0390625 0.06875
1 0.18203125 0.41796875 0.0359375 0.0578125
1 0.23203125 0.409375 0.0328125 0.0578125
1 0.2984375 0.37578125 0.0390625 0.06875
1 0.14140625 0.59375 0.0359375 0.059375
1 0.2578125 0.51953125 0.04375 0.0796875
2 0.10625 0.74921875 0.04375 0.0859375
1 0.4203125 0.484375 0.0453125 0.084375
1 0.6828125 0.4765625 0.0484375 0.0859375
1 0.771875 0.478125 0.040625 0.075
1 0.8390625 0.48828125 0.04375 0.0734375
3 0.68046875 0.6765625 0.146875 0.2046875
1 0.91640625 0.4171875 0.03125 0.059375
1 0.85234375 0.2984375 0.0296875 0.05625
1 0.88203125 0.2875 0.0265625 0.0515625
1 0.77890625 0.13828125 0.0234375 0.0453125
1 0.75859375 0.1296875 0.0265625 0.046875
1 0.71875 0.07578125 0.0265625 0.0453125
1 0.75703125 0.08203125 0.0203125 0.0390625
3 0.75234375 0.0953125 0.046875 0.0703125
1 0.6875 0.0390625 0.021875 0.0359375
1 0.71875 0.0421875 0.0203125 0.0390625
1 0.68671875 0.0125 0.0171875 0.025
1 0.65625 0.009375 0.01875 0.01875