3 0.1140625 0.39609375 0.0625 0.1015625
3 0.11015625 0.3140625 0.05625 0.0828125
3 0.1359375 0.23125 0.04375 0.065625
3 0.1671875 0.22265625 0.05 0.0671875
3 0.14375 0.18125 0.0421875 0.0609375
3 0.17578125 0.165625 0.0453125 0.0609375
3 0.19765625 0.11796875 0.0515625 0.059375
0 0.28125 0.1421875 0.0546875 0.0703125
0 0.36328125 0.1265625 0.053125 0.05625
3 0.32109375 0.121875 0.0546875 0.0765625
3 0.30703125 0.071875 0.05 0.071875
3 0.346875 0.0671875 0.05 0.065625
3 0.38359375 0.05703125 0.046875 0.0609375
3 0.4015625 0.09296875 0.0640625 0.0875
3 0.42265625 0.0484375 0.0421875 0.0578125
3 0.45859375 0.0421875 0.053125 0.0671875
0 0.4890625 0.0890625 0.0578125 0.0734375
3 0.503125 0.03515625 0.0515625 0.0671875
3 0.54765625 0.03046875 0.0484375 0.0609375
3 0.57421875 0.07421875 0.059375 0.0921875
3 0.63984375 0.13671875 0.0765625 0.0984375
3 0.58046875 0.12265625 0.0671875 0.1046875
0 0.50625 0.14921875 0.078125 0.10625
3 0.35625 0.2671875 0.0921875 0.115625
3 0.41953125 0.259375 0.06875 0.0875
0 0.4796875 0.2421875 0.0953125 0.1140625
3 0.64765625 0.228125 0.0796875 0.115625
3 0.70546875 0.22734375 0.0828125 0.13125
3 0.74765625 0.33515625 0.075 0.1140625
0 0.6953125 0.35390625 0.0828125 0.1171875
3 0.62734375 0.32890625 0.090625 0.1546875
3 0.56015625 0.3421875 0.10625 0.1609375
3 0.30078125 0.40390625 0.103125 0.1203125
0 0.2328125 0.42890625 0.08125 0.1265625
0 0.184375 0.44296875 0.0796875 0.115625
0 0.1640625 0.6125 0.090625 0.1078125
3 0.22109375 0.58515625 0.084375 0.1421875
3 0.271875 0.57890625 0.1109375 0.16875
3 0.4328125 0.5171875 0.1015625 0.1578125
3 0.675 0.5 0.121875 0.1953125
0 0.821875 0.4765625 0.0984375 0.1640625
3 0.9765625 0.61328125 0.046875 0.1296875
3 0.89453125 0.41640625 0.0875 0.1265625
0 0.8234375 0.2875 0.0703125 0.09375
3 0.86484375 0.2828125 0.059375 0.1046875
3 0.72109375 0.1296875 0.0625 0.0859375
3 0.75625 0.13046875 0.0421875 0.075
3 0.64765625 0.04453125 0.05 0.075
3 0.61796875 0.01953125 0.0421875 0.0390625
3 0.14296875 0.8 0.0921875 0.18125
3 0.2 0.828125 0.1453125 0.2375
3 0.753125 0.4859375 0.0984375 0.128125
3 0.68125 0.078125 0.059375 0.0859375
3 0.6515625 0.0171875 0.040625 0.034375
1 0.09921875 0.38046875 0.03125 0.0515625
1 0.09921875 0.30234375 0.025 0.04375
1 0.128125 0.22109375 0.0234375 0.034375
1 0.1578125 0.215625 0.0234375 0.04375
1 0.13671875 0.1734375 0.0234375 0.034375
1 0.16875 0.15546875 0.0234375 0.0328125
1 0.1921875 0.1078125 0.0203125 0.0359375
1 0.190625 0.078125 0.0203125 0.0328125
1 0.2796875 0.13203125 0.0265625 0.0421875
1 0.31953125 0.11015625 0.0296875 0.0453125
1 0.36796875 0.1234375 0.0296875 0.04375
1 0.34453125 0.05546875 0.021875 0.0359375
1 0.38046875 0.0484375 0.0234375 0.0375
1 0.36953125 0.1234375 0.028125 0.0421875
1 0.4234375 0.03828125 0.021875 0.0375
1 0.45703125 0.0328125 0.0234375 0.040625
1 0.50625 0.025 0.028125 0.046875
1 0.55 0.021875 0.025 0.0390625
1 0.48828125 0.08046875 0.028125 0.046875
1 0.5703125 0.05390625 0.0296875 0.046875
1 0.6359375 0.12265625 0.0328125 0.05625
1 0.578125 0.09921875 0.03125 0.046875
1 0.5015625 0.12890625 0.034375 0.05
1 0.4859375 0.2296875 0.0375 0.0578125
1 0.41875 0.24921875 0.0359375 0.059375
1 0.34765625 0.24765625 0.0390625 0.065625
3 0.30078125 0.253125 0.084375 0.140625
1 0.17734375 0.4390625 0.0375 0.059375
1 0.22734375 0.4265625 0.0390625 0.059375
1 0.28984375 0.3890625 0.04375 0.071875
1 0.56015625 0.3140625 0.0453125 0.0703125
2 0.6234375 0.29375 0.046875 0.0765625
1 0.759375 0.321875 0.0375 0.0625
1 0.6515625 0.20859375 0.0375 0.0546875
1 0.70703125 0.19609375 0.0390625 0.0625
1 0.8375 0.465625 0.0484375 0.075
1 0.77578125 0.4828125 0.04375 0.0734375
1 0.6796875 0.459375 0.0546875 0.090625
1 0.4171875 0.49375 0.0515625 0.0890625
1 0.253125 0.54453125 0.046875 0.0796875
1 0.2109375 0.5546875 0.040625 0.0734375
1 0.15 0.6171875 0.0421875 0.065625
1 0.1265625 0.7703125 0.0453125 0.0796875
1 0.15390625 0.7671875 0.05 0.0828125
1 0.67578125 0.665625 0.05625 0.084375
3 0.690625 0.68828125 0.14375 0.1609375
1 0.90859375 0.38671875 0.034375 0.0625
1 0.83671875 0.271875 0.034375 0.0578125
1 0.86640625 0.2625 0.0328125 0.0578125
1 0.753125 0.115625 0.025 0.04375
1 0.73046875 0.11015625 0.0296875 0.046875
3 0.7234375 0.07734375 0.0515625 0.065625
1 0.728125 0.065625 0.025 0.0390625
1 0.6890625 0.0609375 0.0296875 0.046875
1 0.6546875 0.02734375 0.021875 0.0359375
1 0.65234375 0.00625 0.0203125 0.0125
1 0.61796875 0.00390625 0.0234375 0.0078125
3 0.678125 0.0296875 0.04375 0.059375