3 0.1640625 0.2859375 0.0609375 0.0921875
3 0.18671875 0.20234375 0.0515625 0.0796875
3 0.23671875 0.13125 0.040625 0.0640625
3 0.26875 0.134375 0.05 0.065625
3 0.259375 0.08671875 0.0375 0.0609375
3 0.2953125 0.0828125 0.0390625 0.059375
3 0.32734375 0.0390625 0.0453125 0.0609375
0 0.40234375 0.09375 0.0515625 0.06875
0 0.48359375 0.09609375 0.0453125 0.059375
3 0.44609375 0.0796875 0.05625 0.09375
0 0.446875 0.04609375 0.046875 0.0609375
3 0.4875 0.04140625 0.046875 0.0625
3 0.5265625 0.04296875 0.04375 0.0578125
3 0.53828125 0.08671875 0.0578125 0.084375
3 0.56875 0.04375 0.0390625 0.059375
3 0.60234375 0.0515625 0.0515625 0.0703125
0 0.6171875 0.10703125 0.053125 0.075
0 0.64453125 0.0671875 0.0453125 0.0578125
3 0.69140625 0.06953125 0.04375 0.0609375
3 0.7015625 0.12109375 0.053125 0.090625
3 0.74453125 0.19765625 0.0703125 0.0921875
3 0.68828125 0.1765625 0.05625 0.1125
3 0.61484375 0.165625 0.0671875 0.0984375
3 0.43515625 0.23359375 0.0796875 0.1015625
3 0.5 0.24140625 0.0640625 0.0875
3 0.56015625 0.2484375 0.0890625 0.109375
0 0.72109375 0.2875 0.0671875 0.1
3 0.7796875 0.30078125 0.0765625 0.13125
3 0.790625 0.40625 0.0703125 0.103125
3 0.73515625 0.3890625 0.0796875 0.1390625
3 0.6734375 0.38125 0.08125 0.15
3 0.60625 0.36796875 0.096875 0.1578125
3 0.33984375 0.3484375 0.0984375 0.1296875
0 0.26875 0.3484375 0.075 0.121875
0 0.21640625 0.34609375 0.0734375 0.1125
0 0.14375 0.50625 0.0875 0.1140625
3 0.22578125 0.46015625 0.0828125 0.178125
3 0.2671875 0.50859375 0.0953125 0.1515625
3 0.421875 0.50234375 0.0984375 0.175
3 0.66640625 0.553125 0.109375 0.190625
0 0.81328125 0.5734375 0.0921875 0.1640625
3 0.9375 0.76171875 0.0796875 0.1265625
3 0.90234375 0.5390625 0.0796875 0.1234375
0 0.87421875 0.39609375 0.065625 0.0953125
3 0.9140625 0.40859375 0.053125 0.1046875
3 0.8171875 0.20078125 0.0609375 0.09375
3 0.8578125 0.22265625 0.0421875 0.0859375
3 0.78125 0.11171875 0.0453125 0.0734375
3 0.76953125 0.0640625 0.034375 0.059375
3 0.0671875 0.675 0.08125 0.1796875
3 0.11640625 0.7140625 0.125 0.2359375
3 0.7453125 0.5671875 0.0890625 0.128125
3 0.80234375 0.15234375 0.05 0.08125
3 0.796875 0.07890625 0.0375 0.059375
1 0.1546875 0.26640625 0.0265625 0.046875
1 0.18046875 0.18671875 0.0234375 0.040625
1 0.23359375 0.11875 0.021875 0.0328125
1 0.2609375 0.121875 0.021875 0.04375
1 0.25546875 0.078125 0.01875 0.0328125
1 0.28984375 0.071875 0.0203125 0.0328125
1 0.45 0.034375 0.021875 0.0375
1 0.40625 0.08046875 0.0234375 0.0390625
1 0.45 0.0765625 0.0265625 0.046875
1 0.484375 0.0890625 0.025 0.040625
1 0.4890625 0.028125 0.0203125 0.0359375
1 0.52578125 0.03203125 0.0203125 0.0328125
1 0.5703125 0.03671875 0.021875 0.0375
1 0.540625 0.0703125 0.028125 0.0453125
1 0.60078125 0.04140625 0.0203125 0.0375
1 0.64921875 0.059375 0.0203125 0.040625
1 0.61875 0.09765625 0.0265625 0.04375
1 0.69609375 0.06171875 0.021875 0.0375
1 0.70390625 0.1 0.025 0.0453125
1 0.746875 0.18359375 0.0296875 0.053125
1 0.68828125 0.14921875 0.0296875 0.053125
1 0.62109375 0.14453125 0.0328125 0.05625
2 0.39609375 0.171875 0.0328125 0.059375
3 0.38203125 0.2046875 0.0828125 0.134375
1 0.43125 0.21875 0.0359375 0.0640625
1 0.49375 0.225 0.0328125 0.05625
1 0.57109375 0.2359375 0.0359375 0.0578125
1 0.73359375 0.2703125 0.03125 0.0546875
1 0.790625 0.275 0.0359375 0.0640625
1 0.80625 0.39140625 0.0359375 0.0578125
1 0.75 0.3609375 0.0421875 0.0734375
2 0.68046875 0.3453125 0.0390625 0.0734375
1 0.61171875 0.34375 0.0390625 0.065625
1 0.334375 0.321875 0.0390625 0.06875
1 0.26171875 0.34453125 0.0375 0.059375
1 0.2109375 0.34375 0.0359375 0.05625
1 0.13125 0.49453125 0.0375 0.0671875
1 0.26484375 0.471875 0.0421875 0.078125
1 0.0609375 0.63828125 0.04375 0.0765625
1 0.09296875 0.64453125 0.04375 0.084375
2 0.68203125 0.515625 0.05 0.0890625
1 0.7671875 0.54609375 0.04375 0.071875
1 0.83046875 0.565625 0.0453125 0.0734375
1 0.92421875 0.5171875 0.0328125 0.059375
1 0.89140625 0.38828125 0.0296875 0.053125
1 0.92109375 0.3875 0.028125 0.0546875
1 0.8609375 0.20625 0.025 0.0421875
1 0.8265625 0.17890625 0.025 0.0421875
1 0.81328125 0.13828125 0.0265625 0.0453125
1 0.84765625 0.1546875 0.0234375 0.0421875
1 0.79296875 0.09921875 0.0203125 0.034375
1 0.80078125 0.06953125 0.0171875 0.03125
1 0.77109375 0.0515625 0.01875 0.0328125