3 0.10859375 0.41640625 0.0671875 0.1015625
3 0.1015625 0.334375 0.059375 0.084375
3 0.121875 0.25078125 0.046875 0.0671875
3 0.153125 0.23984375 0.0515625 0.06875
3 0.12734375 0.2 0.04375 0.0625
3 0.15859375 0.18359375 0.046875 0.0625
3 0.178125 0.134375 0.053125 0.0609375
0 0.26328125 0.15390625 0.0578125 0.071875
0 0.34453125 0.13359375 0.05625 0.0578125
3 0.3015625 0.13125 0.0578125 0.078125
3 0.28515625 0.0828125 0.053125 0.0734375
3 0.32421875 0.07578125 0.053125 0.0671875
3 0.3609375 0.0640625 0.05 0.0625
3 0.38046875 0.09921875 0.0671875 0.0890625
3 0.39921875 0.053125 0.04375 0.059375
3 0.43515625 0.0453125 0.05625 0.06875
0 0.46796875 0.08984375 0.059375 0.075
3 0.478125 0.0359375 0.0546875 0.06875
3 0.5234375 0.03046875 0.05 0.0609375
3 0.5515625 0.07109375 0.0625 0.09375
3 0.6203125 0.13046875 0.08125 0.1015625
3 0.56015625 0.11875 0.071875 0.10625
0 0.4875 0.15 0.08125 0.1078125
3 0.34375 0.275 0.096875 0.1171875
3 0.40703125 0.2640625 0.071875 0.0890625
0 0.465625 0.24375 0.1 0.1171875
3 0.6328125 0.2203125 0.084375 0.1171875
3 0.69140625 0.2171875 0.0875 0.1328125
3 0.7390625 0.321875 0.0796875 0.115625
0 0.6875 0.34375 0.0875 0.11875
3 0.61796875 0.32265625 0.0984375 0.15625
3 0.5515625 0.3390625 0.1125 0.1640625
3 0.29609375 0.41484375 0.1078125 0.1234375
0 0.2296875 0.44296875 0.0859375 0.128125
0 0.18125 0.459375 0.084375 0.1171875
0 0.1703125 0.6296875 0.0953125 0.1109375
3 0.22578125 0.6 0.090625 0.14375
3 0.27578125 0.590625 0.1171875 0.1703125
3 0.43359375 0.5203125 0.109375 0.159375
3 0.675 0.490625 0.1296875 0.196875
0 0.8203125 0.459375 0.10625 0.1671875
3 0.978125 0.5875 0.04375 0.13125
3 0.8890625 0.3953125 0.09375 0.1296875
0 0.81171875 0.27109375 0.075 0.0953125
3 0.853125 0.2640625 0.0640625 0.10625
3 0.7015625 0.11875 0.065625 0.0875
3 0.73671875 0.1171875 0.0453125 0.0765625
3 0.62421875 0.0375 0.053125 0.075
3 0.59296875 0.0171875 0.0453125 0.034375
3 0.159375 0.81875 0.1 0.1828125
3 0.21796875 0.84296875 0.1546875 0.240625
3 0.75234375 0.47265625 0.103125 0.13125
3 0.659375 0.06875 0.0625 0.0875
3 0.62578125 0.0140625 0.0421875 0.028125
1 0.09375 0.4015625 0.0328125 0.0515625
1 0.08984375 0.3234375 0.0265625 0.04375
1 0.1140625 0.24140625 0.025 0.0359375
1 0.14375 0.23359375 0.025 0.04375
1 0.11953125 0.19296875 0.025 0.034375
1 0.1515625 0.1734375 0.0234375 0.034375
1 0.171875 0.12421875 0.021875 0.0359375
1 0.16875 0.09453125 0.021875 0.0328125
1 0.2609375 0.14453125 0.028125 0.04375
1 0.29921875 0.1203125 0.03125 0.0453125
1 0.3484375 0.13125 0.03125 0.04375
1 0.32109375 0.0640625 0.0234375 0.0359375
1 0.35703125 0.0546875 0.025 0.0375
1 0.35 0.13046875 0.0296875 0.0421875
1 0.4 0.04296875 0.0234375 0.0375
1 0.4328125 0.03515625 0.0265625 0.040625
1 0.48125 0.02578125 0.03125 0.0484375
1 0.525 0.0203125 0.0265625 0.040625
1 0.46640625 0.08125 0.0296875 0.046875
1 0.546875 0.05078125 0.03125 0.046875
1 0.61640625 0.115625 0.0359375 0.0578125
1 0.55703125 0.0953125 0.0328125 0.0484375
1 0.4828125 0.12890625 0.0359375 0.0515625
1 0.471875 0.23125 0.0390625 0.059375
1 0.40546875 0.25390625 0.0390625 0.0609375
1 0.334375 0.25625 0.0421875 0.065625
3 0.28828125 0.2640625 0.090625 0.1421875
1 0.17421875 0.45625 0.0390625 0.059375
1 0.2234375 0.440625 0.0421875 0.0609375
1 0.284375 0.4 0.046875 0.071875
1 0.55 0.3109375 0.0484375 0.071875
2 0.6125 0.2875 0.05 0.0765625
1 0.74921875 0.30859375 0.040625 0.0640625
1 0.63671875 0.20078125 0.040625 0.05625
1 0.690625 0.1859375 0.0421875 0.0640625
1 0.8359375 0.44765625 0.0515625 0.0765625
1 0.775 0.46875 0.046875 0.0734375
1 0.67734375 0.45 0.0578125 0.0921875
1 0.41640625 0.4984375 0.05625 0.090625
1 0.25625 0.5578125 0.05 0.08125
1 0.2140625 0.56953125 0.04375 0.075
1 0.15703125 0.63515625 0.04375 0.0671875
1 0.14140625 0.7890625 0.0484375 0.0796875
1 0.16875 0.78515625 0.053125 0.084375
1 0.68359375 0.65625 0.059375 0.0859375
3 0.70078125 0.678125 0.15 0.165625
1 0.90234375 0.36484375 0.0375 0.0625
1 0.82421875 0.2546875 0.0359375 0.0578125
1 0.853125 0.24375 0.034375 0.0578125
1 0.7328125 0.103125 0.028125 0.04375
1 0.71015625 0.09921875 0.0328125 0.046875
3 0.70078125 0.06640625 0.0546875 0.0671875
1 0.70546875 0.05390625 0.0265625 0.0390625
1 0.66640625 0.05234375 0.03125 0.046875
1 0.6296875 0.0203125 0.0234375 0.0359375
3 0.653125 0.02578125 0.046875 0.0515625