3 0.11640625 0.39296875 0.065625 0.09375
3 0.1140625 0.30703125 0.0546875 0.08125
3 0.140625 0.225 0.04375 0.065625
3 0.171875 0.21796875 0.053125 0.0671875
3 0.14921875 0.175 0.040625 0.0609375
3 0.18203125 0.1609375 0.0421875 0.0609375
3 0.2 0.109375 0.046875 0.0625
0 0.28828125 0.13984375 0.0546875 0.0703125
0 0.36640625 0.11796875 0.0484375 0.0609375
3 0.32578125 0.11328125 0.0609375 0.0953125
0 0.31640625 0.08203125 0.05 0.0625
3 0.35390625 0.06484375 0.05 0.0640625
3 0.39140625 0.0546875 0.046875 0.059375
3 0.415625 0.09375 0.0625 0.0875
3 0.43203125 0.04375 0.0421875 0.0609375
3 0.46640625 0.040625 0.0546875 0.071875
0 0.49765625 0.08984375 0.05625 0.0765625
0 0.51171875 0.04453125 0.0484375 0.059375
3 0.55703125 0.03203125 0.0453125 0.0625
3 0.58203125 0.07890625 0.0578125 0.0921875
3 0.64609375 0.13984375 0.075 0.09375
3 0.5859375 0.1359375 0.0625 0.1140625
3 0.5125 0.14609375 0.071875 0.1015625
3 0.36015625 0.26484375 0.084375 0.1046875
3 0.42421875 0.25234375 0.0671875 0.0890625
3 0.48359375 0.2421875 0.09375 0.1125
0 0.64921875 0.2328125 0.0703125 0.1015625
3 0.709375 0.22734375 0.0828125 0.134375
3 0.75078125 0.32578125 0.075 0.1046875
3 0.6921875 0.325 0.0875 0.140625
3 0.63125 0.3359375 0.0890625 0.153125
3 0.5625 0.34296875 0.103125 0.1609375
3 0.30234375 0.4015625 0.1046875 0.1328125
0 0.23515625 0.421875 0.08125 0.125
0 0.184375 0.4359375 0.0796875 0.1140625
0 0.1609375 0.6109375 0.0921875 0.1171875
3 0.22578125 0.5421875 0.090625 0.1796875
3 0.28046875 0.57578125 0.103125 0.1546875
3 0.42578125 0.525 0.10625 0.178125
3 0.675 0.5015625 0.11875 0.19375
0 0.8203125 0.478125 0.1 0.1671875
3 0.9765625 0.62109375 0.046875 0.1296875
3 0.89609375 0.41953125 0.0859375 0.1265625
0 0.82734375 0.29140625 0.0703125 0.096875
3 0.86953125 0.29140625 0.0578125 0.10625
3 0.715625 0.12109375 0.065625 0.0953125
3 0.7609375 0.13046875 0.0453125 0.0859375
3 0.65546875 0.046875 0.0484375 0.0734375
3 0.6296875 0.0171875 0.0375 0.034375
3 0.13671875 0.79375 0.0890625 0.18125
3 0.19609375 0.8171875 0.1359375 0.2390625
3 0.75390625 0.4921875 0.0953125 0.13125
3 0.6875 0.07890625 0.0546875 0.0828125
3 0.66015625 0.0203125 0.0390625 0.040625
1 0.1015625 0.37734375 0.0296875 0.046875
1 0.10234375 0.29375 0.025 0.0421875
1 0.13359375 0.21328125 0.0234375 0.034375
1 0.1609375 0.20859375 0.0234375 0.04375
1 0.14296875 0.16796875 0.0203125 0.0328125
1 0.1734375 0.15234375 0.021875 0.034375
1 0.31640625 0.06875 0.0234375 0.0390625
1 0.2875 0.1265625 0.025 0.0390625
1 0.328125 0.11015625 0.0296875 0.046875
1 0.36484375 0.1109375 0.028125 0.0421875
1 0.35078125 0.0515625 0.021875 0.0359375
1 0.38828125 0.04453125 0.021875 0.034375
1 0.43203125 0.0359375 0.0234375 0.0390625
1 0.41328125 0.07734375 0.0296875 0.046875
1 0.4625 0.03203125 0.021875 0.0375
1 0.5140625 0.03515625 0.0234375 0.040625
1 0.49609375 0.08046875 0.028125 0.04375
1 0.559375 0.0234375 0.0234375 0.0375
1 0.578125 0.0578125 0.0265625 0.0453125
1 0.64375 0.12578125 0.03125 0.053125
1 0.57734375 0.109375 0.03125 0.053125
1 0.51171875 0.125 0.034375 0.05625
2 0.3046875 0.21640625 0.0359375 0.059375
3 0.30078125 0.2515625 0.0875 0.1359375
1 0.35234375 0.25078125 0.0375 0.065625
1 0.41328125 0.2390625 0.034375 0.0578125
1 0.490625 0.2265625 0.0375 0.059375
1 0.65625 0.2125 0.034375 0.0546875
1 0.71171875 0.2 0.0375 0.065625
1 0.7609375 0.30625 0.0375 0.059375
1 0.6984375 0.29375 0.0453125 0.075
2 0.62734375 0.29921875 0.0421875 0.0734375
1 0.56171875 0.31796875 0.0421875 0.065625
1 0.28984375 0.378125 0.0421875 0.06875
1 0.2265625 0.42109375 0.0390625 0.059375
1 0.17734375 0.43515625 0.0375 0.0578125
1 0.14609375 0.603125 0.040625 0.0671875
1 0.2671875 0.5421875 0.046875 0.0796875
1 0.12109375 0.76015625 0.046875 0.078125
1 0.15234375 0.75703125 0.046875 0.084375
2 0.67890625 0.46171875 0.0546875 0.090625
1 0.76953125 0.465625 0.046875 0.0734375
1 0.83515625 0.46640625 0.0484375 0.0734375
1 0.9109375 0.39296875 0.0359375 0.0609375
1 0.84140625 0.27890625 0.0328125 0.053125
1 0.86953125 0.26875 0.03125 0.05625
1 0.759375 0.11328125 0.0265625 0.0421875
1 0.71875 0.09765625 0.0265625 0.04375
1 0.69453125 0.0625 0.028125 0.0453125
1 0.73125 0.06796875 0.025 0.04375
1 0.66328125 0.03125 0.021875 0.034375
1 0.6609375 0.0078125 0.01875 0.015625
1 0.62734375 0.00390625 0.0203125 0.0078125