0 0.1703125 0.2828125 0.06875 0.0796875
3 0.203125 0.18671875 0.0546875 0.08125
3 0.25625 0.11796875 0.04375 0.065625
3 0.2875 0.125 0.0484375 0.0671875
3 0.28125 0.0734375 0.040625 0.0609375
3 0.31640625 0.0703125 0.04375 0.0609375
3 0.35859375 0.0296875 0.0453125 0.059375
0 0.4234375 0.08671875 0.0546875 0.0703125
0 0.5078125 0.1015625 0.0515625 0.053125
3 0.4671875 0.084375 0.0546875 0.0765625
3 0.47265625 0.04375 0.0515625 0.065625
3 0.51171875 0.04453125 0.05 0.0609375
3 0.55 0.04453125 0.046875 0.0609375
3 0.55234375 0.09375 0.05625 0.071875
3 0.5890625 0.0515625 0.0390625 0.0546875
3 0.625 0.05859375 0.0484375 0.0625
0 0.63515625 0.11484375 0.0578125 0.0765625
0 0.66953125 0.06640625 0.053125 0.0625
3 0.7140625 0.07890625 0.0453125 0.0625
3 0.721875 0.12890625 0.059375 0.0921875
3 0.76015625 0.21328125 0.075 0.090625
3 0.7109375 0.18828125 0.059375 0.096875
3 0.63203125 0.1734375 0.078125 0.1109375
3 0.45 0.23046875 0.0875 0.1140625
3 0.51484375 0.2421875 0.0640625 0.084375
3 0.5765625 0.25234375 0.0875 0.1109375
3 0.73515625 0.2984375 0.08125 0.115625
3 0.78984375 0.31875 0.0828125 0.128125
0 0.78984375 0.43203125 0.0734375 0.1109375
0 0.73671875 0.43671875 0.090625 0.1296875
3 0.68046875 0.38671875 0.090625 0.1625
3 0.61171875 0.3734375 0.10625 0.1609375
3 0.3484375 0.33828125 0.1015625 0.11875
0 0.278125 0.3359375 0.0796875 0.1234375
0 0.225 0.33671875 0.078125 0.115625
0 0.14453125 0.49375 0.0921875 0.121875
3 0.215625 0.484375 0.0828125 0.1609375
3 0.26796875 0.4890625 0.1046875 0.16875
3 0.4296875 0.49140625 0.0984375 0.15625
3 0.66328125 0.5640625 0.11875 0.19375
0 0.8109375 0.5921875 0.0984375 0.1640625
3 0.9234375 0.784375 0.084375 0.1296875
3 0.8984375 0.56328125 0.0859375 0.1265625
0 0.8765625 0.41875 0.0703125 0.0953125
3 0.91796875 0.43125 0.0578125 0.1046875
3 0.83984375 0.23359375 0.0640625 0.0859375
3 0.87109375 0.24921875 0.040625 0.0734375
3 0.8015625 0.12734375 0.0484375 0.0734375
3 0.78984375 0.0828125 0.0421875 0.06875
3 0.05078125 0.68359375 0.1015625 0.2390625
3 0.12265625 0.6765625 0.1203125 0.1984375
3 0.74140625 0.57421875 0.09375 0.1265625
3 0.82265625 0.171875 0.0578125 0.084375
3 0.81875 0.09609375 0.0390625 0.0609375
1 0.15390625 0.28046875 0.03125 0.05
1 0.19609375 0.17265625 0.0265625 0.0453125
1 0.25390625 0.10234375 0.021875 0.034375
1 0.28203125 0.11171875 0.0234375 0.04375
1 0.27734375 0.06171875 0.0203125 0.0328125
1 0.3125 0.059375 0.0203125 0.0328125
1 0.4265625 0.07578125 0.025 0.0421875
1 0.47578125 0.0296875 0.021875 0.0375
1 0.5140625 0.02890625 0.0203125 0.0328125
1 0.51328125 0.10234375 0.028125 0.04375
1 0.46875 0.07421875 0.03125 0.046875
1 0.5515625 0.0328125 0.021875 0.0359375
1 0.5546875 0.08125 0.028125 0.0421875
1 0.5921875 0.04375 0.021875 0.034375
1 0.62421875 0.05 0.0234375 0.034375
1 0.6390625 0.10703125 0.0296875 0.0421875
1 0.67421875 0.06171875 0.025 0.040625
1 0.71875 0.071875 0.021875 0.0375
1 0.725 0.1109375 0.028125 0.04375
1 0.7625 0.19765625 0.03125 0.053125
1 0.63828125 0.15 0.0328125 0.053125
3 0.4046875 0.19765625 0.0828125 0.1421875
1 0.44921875 0.2078125 0.0390625 0.0640625
1 0.51484375 0.23125 0.034375 0.05625
1 0.58984375 0.2296875 0.0390625 0.0609375
1 0.746875 0.28125 0.0359375 0.0546875
1 0.80234375 0.290625 0.0390625 0.0640625
1 0.80546875 0.4265625 0.0359375 0.059375
1 0.6875 0.34921875 0.0453125 0.0765625
1 0.6234375 0.34765625 0.0421875 0.0703125
1 0.2203125 0.328125 0.0375 0.059375
1 0.2703125 0.33515625 0.034375 0.0578125
1 0.34296875 0.32265625 0.0421875 0.0703125
1 0.1296875 0.484375 0.0390625 0.0609375
1 0.2625 0.44765625 0.046875 0.08125
2 0.05078125 0.6234375 0.0484375 0.0875
1 0.428125 0.46171875 0.0484375 0.0859375
1 0.68203125 0.53125 0.053125 0.0875
1 0.76640625 0.55859375 0.04375 0.075
1 0.828125 0.58828125 0.046875 0.075
3 0.62109375 0.72109375 0.1546875 0.209375
1 0.92265625 0.54296875 0.034375 0.0609375
1 0.89609375 0.41015625 0.0328125 0.05625
1 0.92734375 0.40859375 0.0296875 0.053125
1 0.87265625 0.2359375 0.0265625 0.0453125
1 0.85546875 0.221875 0.028125 0.046875
1 0.8328125 0.1578125 0.028125 0.0453125
1 0.86796875 0.17578125 0.021875 0.0390625
3 0.86015625 0.18671875 0.05 0.071875
1 0.8140625 0.1140625 0.0234375 0.0375
1 0.84296875 0.12578125 0.021875 0.0390625
1 0.8234375 0.08515625 0.01875 0.0328125
1 0.7953125 0.06953125 0.0203125 0.0328125