3 0.18046875 0.26484375 0.071875 0.0921875
3 0.21953125 0.171875 0.0578125 0.0828125
3 0.2765625 0.10625 0.046875 0.065625
3 0.30859375 0.10859375 0.0515625 0.0671875
3 0.30390625 0.0625 0.04375 0.0625
3 0.38515625 0.028125 0.0484375 0.05625
0 0.44609375 0.08515625 0.0578125 0.071875
0 0.52734375 0.103125 0.0546875 0.0578125
3 0.490625 0.08359375 0.0578125 0.0796875
3 0.49765625 0.0390625 0.0546875 0.06875
3 0.57421875 0.04765625 0.0484375 0.0625
3 0.5734375 0.09765625 0.0609375 0.075
3 0.61171875 0.0546875 0.0484375 0.0640625
3 0.6484375 0.06484375 0.053125 0.0640625
0 0.6578125 0.1203125 0.059375 0.0734375
0 0.69140625 0.0765625 0.05625 0.065625
3 0.74140625 0.13984375 0.0609375 0.0875
3 0.775 0.22578125 0.0796875 0.1
3 0.72578125 0.2046875 0.065625 0.1015625
3 0.64375 0.18125 0.0828125 0.10625
3 0.46328125 0.228125 0.0953125 0.1171875
3 0.52734375 0.2328125 0.0765625 0.109375
3 0.5859375 0.23828125 0.1 0.1515625
3 0.74375 0.2921875 0.0875 0.13125
3 0.796875 0.33046875 0.0890625 0.13125
0 0.79375 0.45 0.08125 0.115625
0 0.740625 0.446875 0.0921875 0.125
3 0.684375 0.39765625 0.1 0.165625
3 0.61796875 0.3796875 0.1109375 0.1625
3 0.35703125 0.33046875 0.10625 0.1234375
0 0.28671875 0.321875 0.0859375 0.1265625
0 0.23359375 0.32265625 0.0828125 0.115625
0 0.1453125 0.47265625 0.096875 0.1171875
3 0.23203125 0.43125 0.1 0.18125
3 0.27109375 0.478125 0.1140625 0.1640625
3 0.421875 0.49765625 0.121875 0.1703125
3 0.6625 0.57421875 0.1265625 0.196875
0 0.80390625 0.60859375 0.10625 0.16875
3 0.9078125 0.80625 0.090625 0.13125
3 0.89453125 0.58359375 0.0921875 0.128125
0 0.88125 0.440625 0.0734375 0.0984375
3 0.921875 0.45078125 0.0625 0.10625
3 0.853125 0.253125 0.065625 0.0875
3 0.884375 0.2703125 0.040625 0.0765625
3 0.8203125 0.14375 0.0515625 0.075
3 0.81328125 0.0953125 0.040625 0.0609375
3 0.05078125 0.62890625 0.096875 0.1828125
3 0.11171875 0.63515625 0.1421875 0.1953125
0 0.734375 0.5984375 0.103125 0.1328125
3 0.83828125 0.1890625 0.059375 0.084375
3 0.840625 0.11484375 0.040625 0.059375
1 0.171875 0.25078125 0.0328125 0.053125
1 0.2140625 0.15625 0.028125 0.0421875
1 0.27421875 0.09296875 0.025 0.0375
1 0.30390625 0.0984375 0.0265625 0.04375
1 0.3 0.053125 0.021875 0.0328125
1 0.3359375 0.0515625 0.021875 0.034375
3 0.340625 0.06484375 0.0484375 0.0625
1 0.3859375 0.0109375 0.025 0.021875
1 0.5 0.028125 0.025 0.0390625
1 0.44765625 0.0734375 0.028125 0.04375
1 0.490625 0.07265625 0.034375 0.0484375
1 0.53359375 0.10390625 0.03125 0.0421875
1 0.53828125 0.03046875 0.0234375 0.0375
3 0.5359375 0.04140625 0.05 0.0671875
1 0.57734375 0.08515625 0.0296875 0.04375
1 0.575 0.0390625 0.025 0.0375
1 0.6171875 0.04609375 0.021875 0.0375
1 0.65234375 0.05625 0.025 0.0390625
1 0.66015625 0.1125 0.028125 0.04375
1 0.69609375 0.07109375 0.028125 0.0421875
1 0.74140625 0.0828125 0.028125 0.0421875
3 0.734375 0.09375 0.0484375 0.0625
1 0.74375 0.1234375 0.0296875 0.04375
1 0.77734375 0.21015625 0.0328125 0.05
1 0.64609375 0.16484375 0.0328125 0.05625
1 0.4640625 0.20546875 0.040625 0.065625
3 0.4203125 0.1953125 0.0859375 0.140625
1 0.22890625 0.3125 0.040625 0.059375
1 0.27890625 0.32421875 0.0375 0.05625
1 0.353125 0.315625 0.046875 0.0703125
1 0.6328125 0.3515625 0.046875 0.075
2 0.69609375 0.359375 0.046875 0.0765625
1 0.81015625 0.44375 0.0390625 0.059375
1 0.8234375 0.60390625 0.05 0.0765625
1 0.75859375 0.59453125 0.0453125 0.071875
1 0.67734375 0.540625 0.0578125 0.0875
1 0.9 0.43125 0.034375 0.0546875
1 0.93125 0.4328125 0.0328125 0.05625
1 0.88515625 0.2546875 0.0265625 0.0453125
1 0.86875 0.240625 0.03125 0.046875
3 0.87578125 0.2046875 0.053125 0.06875
1 0.884375 0.1953125 0.025 0.0390625
1 0.83359375 0.13125 0.025 0.0375
1 0.865625 0.1484375 0.0234375 0.0359375
1 0.84453125 0.10390625 0.0203125 0.0328125
1 0.81953125 0.084375 0.021875 0.0328125