3 0.11171875 0.41640625 0.071875 0.0984375
3 0.1109375 0.31328125 0.05625 0.0828125
3 0.1359375 0.23046875 0.0453125 0.0703125
3 0.16875 0.22421875 0.0515625 0.06875
3 0.14375 0.18125 0.0421875 0.059375
3 0.17578125 0.16171875 0.046875 0.0671875
3 0.20078125 0.11015625 0.0453125 0.0609375
3 0.3109375 0.08046875 0.0515625 0.06875
0 0.3640625 0.125 0.053125 0.05625
0 0.28125 0.1421875 0.0546875 0.0703125
3 0.3234375 0.12578125 0.0546875 0.0765625
3 0.346875 0.0671875 0.05 0.0625
3 0.38125 0.05234375 0.0484375 0.0671875
3 0.4234375 0.04765625 0.04375 0.0609375
3 0.459375 0.03828125 0.0546875 0.071875
0 0.50234375 0.03359375 0.0546875 0.065625
3 0.546875 0.03046875 0.046875 0.0609375
3 0.57265625 0.071875 0.059375 0.0921875
0 0.4890625 0.0875 0.05625 0.06875
3 0.6390625 0.13515625 0.0734375 0.09375
3 0.58984375 0.1453125 0.0609375 0.0953125
0 0.41640625 0.2421875 0.071875 0.103125
3 0.4765625 0.228125 0.090625 0.1328125
3 0.6484375 0.22578125 0.0796875 0.115625
3 0.70546875 0.22421875 0.0796875 0.128125
0 0.74609375 0.33203125 0.078125 0.115625
0 0.69609375 0.353125 0.0859375 0.1203125
3 0.62578125 0.328125 0.09375 0.165625
3 0.559375 0.34140625 0.10625 0.159375
3 0.30078125 0.4046875 0.103125 0.1234375
0 0.23515625 0.42578125 0.0765625 0.1203125
0 0.184375 0.45 0.0765625 0.10625
3 0.43359375 0.5171875 0.103125 0.15625
3 0.75546875 0.48671875 0.1 0.13125
3 0.82265625 0.48203125 0.1078125 0.190625
3 0.61875 0.0140625 0.0375 0.028125
3 0.6515625 0.0140625 0.034375 0.028125
3 0.64765625 0.04296875 0.0515625 0.071875
3 0.725 0.0796875 0.0515625 0.071875
3 0.75625 0.13046875 0.0390625 0.071875
0 0.82109375 0.2890625 0.0734375 0.090625
3 0.865625 0.28203125 0.059375 0.115625
3 0.98046875 0.6125 0.0390625 0.10625
3 0.4046875 0.10234375 0.059375 0.0703125
3 0.503125 0.15234375 0.0796875 0.0921875
3 0.30078125 0.26171875 0.0890625 0.13125
3 0.35625 0.2671875 0.0875 0.1078125
3 0.678125 0.49921875 0.1203125 0.1953125
3 0.146875 0.8296875 0.103125 0.2328125
3 0.2125 0.8015625 0.1265625 0.1671875
3 0.89453125 0.41484375 0.0890625 0.125
3 0.7203125 0.13125 0.0625 0.084375
3 0.68359375 0.0765625 0.0546875 0.0828125
1 0.1265625 0.775 0.046875 0.0859375
1 0.18046875 0.784375 0.053125 0.0859375
3 0.09453125 0.6484375 0.1125 0.2015625
3 0.17109375 0.54921875 0.1203125 0.2171875
1 0.1 0.4015625 0.03125 0.053125
1 0.09921875 0.30078125 0.028125 0.046875
1 0.12734375 0.21640625 0.021875 0.034375
1 0.159375 0.21640625 0.025 0.040625
1 0.134375 0.17265625 0.0203125 0.0328125
1 0.16640625 0.1515625 0.01875 0.0328125
1 0.30859375 0.0703125 0.021875 0.0328125
1 0.34375 0.053125 0.0203125 0.034375
1 0.36953125 0.1234375 0.028125 0.0390625
1 0.32109375 0.12109375 0.028125 0.0453125
1 0.27890625 0.1296875 0.025 0.0375
2 0.37734375 0.03671875 0.0203125 0.0328125
1 0.4015625 0.08984375 0.0265625 0.0421875
1 0.4203125 0.0375 0.0203125 0.0328125
1 0.4890625 0.08046875 0.0265625 0.04375
1 0.5046875 0.02578125 0.0265625 0.0453125
2 0.54609375 0.01484375 0.0203125 0.0296875
2 0.56875 0.04765625 0.025 0.0421875
1 0.63671875 0.12109375 0.0296875 0.046875
1 0.5046875 0.13515625 0.03125 0.0484375
1 0.4609375 0.1953125 0.0359375 0.0609375
1 0.1765625 0.440625 0.0375 0.0546875
1 0.228125 0.42890625 0.0359375 0.053125
1 0.28984375 0.3890625 0.0421875 0.065625
1 0.5625 0.3109375 0.0421875 0.06875
2 0.62421875 0.290625 0.0421875 0.0765625
1 0.759375 0.3234375 0.0359375 0.0578125
1 0.70703125 0.19609375 0.0359375 0.059375
1 0.65390625 0.20703125 0.0359375 0.053125
1 0.6859375 0.4703125 0.0515625 0.0828125
1 0.77578125 0.47734375 0.0453125 0.071875
1 0.8375 0.45234375 0.046875 0.0703125
1 0.4171875 0.4890625 0.046875 0.0859375
1 0.909375 0.38828125 0.034375 0.059375
1 0.8359375 0.27578125 0.03125 0.053125
1 0.85859375 0.2484375 0.028125 0.046875
1 0.75390625 0.1140625 0.0265625 0.0421875
1 0.7296875 0.11015625 0.028125 0.046875
1 0.6890625 0.06171875 0.0265625 0.0421875
1 0.728125 0.06484375 0.021875 0.0375
1 0.6546875 0.025 0.021875 0.034375
1 0.65234375 0.0046875 0.0171875 0.009375
0 0.27734375 0.05625 0.0453125 0.0484375