3 0.10859375 0.4359375 0.0734375 0.09375
3 0.1015625 0.334375 0.059375 0.084375
3 0.121875 0.25078125 0.046875 0.0671875
3 0.15234375 0.23828125 0.0515625 0.0671875
3 0.1265625 0.19921875 0.04375 0.0625
3 0.18125 0.125 0.05 0.0734375
0 0.26328125 0.1546875 0.059375 0.0734375
0 0.34453125 0.13359375 0.05625 0.059375
3 0.30234375 0.1328125 0.059375 0.0796875
3 0.28828125 0.090625 0.05625 0.06875
3 0.3609375 0.0640625 0.05 0.0625
3 0.3828125 0.1078125 0.0625 0.0765625
3 0.396875 0.05234375 0.0484375 0.0640625
3 0.43515625 0.0453125 0.0546875 0.0640625
0 0.46875 0.08984375 0.059375 0.0734375
0 0.478125 0.0359375 0.05625 0.065625
3 0.5515625 0.06953125 0.0625 0.0890625
3 0.6203125 0.13125 0.08125 0.1
3 0.5671875 0.134375 0.0671875 0.1015625
3 0.48359375 0.15078125 0.084375 0.10625
3 0.34375 0.27421875 0.096875 0.1171875
3 0.403125 0.25 0.078125 0.1109375
3 0.4578125 0.228125 0.103125 0.1515625
3 0.62265625 0.2046875 0.0890625 0.1328125
3 0.6875 0.2140625 0.090625 0.13125
0 0.7390625 0.321875 0.0828125 0.1171875
0 0.690625 0.34296875 0.09375 0.125
3 0.6171875 0.325 0.103125 0.165625
3 0.55 0.3390625 0.1125 0.1640625
3 0.29609375 0.4140625 0.1078125 0.1234375
0 0.22890625 0.4375 0.0875 0.128125
0 0.18203125 0.4625 0.084375 0.1171875
0 0.171875 0.63671875 0.0984375 0.11875
3 0.2296875 0.56015625 0.1015625 0.18125
3 0.2859375 0.584375 0.1171875 0.165625
3 0.4296875 0.53359375 0.125 0.171875
3 0.678125 0.4921875 0.1296875 0.196875
0 0.81953125 0.45859375 0.1078125 0.16875
3 0.978125 0.5875 0.04375 0.13125
3 0.8890625 0.3953125 0.09375 0.1296875
0 0.8125 0.27421875 0.075 0.0984375
3 0.85390625 0.26484375 0.0640625 0.10625
3 0.70234375 0.1203125 0.0671875 0.0875
3 0.73828125 0.12109375 0.0421875 0.0765625
3 0.6234375 0.03671875 0.053125 0.0734375
3 0.5953125 0.01328125 0.040625 0.0265625
3 0.15859375 0.81875 0.1 0.1828125
3 0.215625 0.79609375 0.14375 0.1953125
0 0.75390625 0.48125 0.1046875 0.1328125
3 0.66015625 0.06953125 0.0609375 0.084375
3 0.628125 0.015625 0.040625 0.03125
1 0.09453125 0.42734375 0.034375 0.053125
1 0.0890625 0.32421875 0.0296875 0.0421875
1 0.1140625 0.23984375 0.025 0.0375
1 0.14296875 0.23125 0.028125 0.04375
1 0.11875 0.1921875 0.021875 0.0328125
1 0.15 0.175 0.0234375 0.034375
3 0.16015625 0.184375 0.0484375 0.0625
1 0.17421875 0.1109375 0.025 0.034375
1 0.2859375 0.0796875 0.025 0.0390625
1 0.26015625 0.14375 0.028125 0.04375
1 0.29765625 0.1234375 0.034375 0.0484375
1 0.35 0.13125 0.03125 0.0421875
1 0.3203125 0.0640625 0.025 0.0375
3 0.32421875 0.075 0.0515625 0.0671875
1 0.38046875 0.0953125 0.03125 0.04375
1 0.3578125 0.0546875 0.025 0.0375
1 0.39765625 0.0421875 0.0234375 0.0375
1 0.434375 0.0359375 0.0265625 0.0390625
1 0.46640625 0.08203125 0.0296875 0.04375
1 0.4796875 0.02890625 0.028125 0.0421875
1 0.525 0.01953125 0.028125 0.0390625
3 0.52421875 0.03203125 0.05 0.0640625
1 0.546875 0.05390625 0.0296875 0.04375
1 0.61640625 0.115625 0.0328125 0.0515625
1 0.478125 0.13515625 0.034375 0.05625
1 0.33359375 0.25390625 0.0421875 0.065625
3 0.290625 0.26484375 0.0890625 0.140625
1 0.1734375 0.45546875 0.0421875 0.0609375
1 0.2234375 0.44375 0.0390625 0.05625
1 0.2859375 0.40234375 0.046875 0.0703125
1 0.55078125 0.3078125 0.0484375 0.075
2 0.6109375 0.2859375 0.0484375 0.078125
1 0.75078125 0.30859375 0.0390625 0.0609375
1 0.83515625 0.44609375 0.0515625 0.0765625
1 0.7734375 0.46640625 0.046875 0.071875
1 0.6765625 0.45625 0.0578125 0.0890625
1 0.825 0.25703125 0.034375 0.0546875
1 0.853125 0.24453125 0.0328125 0.05625
1 0.73203125 0.10625 0.028125 0.0453125
1 0.7109375 0.1015625 0.03125 0.0484375
3 0.70078125 0.065625 0.0546875 0.0703125
1 0.7046875 0.05390625 0.025 0.0390625
1 0.6296875 0.0203125 0.025 0.0375
1 0.66640625 0.0203125 0.0234375 0.0359375