3 0.13671875 0.34296875 0.05 0.08125
3 0.15078125 0.24296875 0.04375 0.0765625
3 0.19375 0.165625 0.0328125 0.065625
3 0.22734375 0.16640625 0.040625 0.0625
3 0.2109375 0.11875 0.03125 0.053125
3 0.24609375 0.10546875 0.034375 0.059375
3 0.2828125 0.06484375 0.034375 0.0625
3 0.39453125 0.053125 0.040625 0.059375
0 0.43828125 0.10625 0.04375 0.05
0 0.35390625 0.10625 0.04375 0.0625
3 0.39453125 0.096875 0.04375 0.06875
3 0.43203125 0.04609375 0.040625 0.05625
3 0.46953125 0.04375 0.0375 0.053125
3 0.509375 0.04296875 0.034375 0.059375
3 0.5484375 0.04296875 0.04375 0.065625
0 0.59140625 0.04296875 0.04375 0.059375
3 0.6375 0.04765625 0.0375 0.05625
3 0.653125 0.096875 0.04375 0.08125
0 0.56796875 0.09296875 0.0453125 0.0625
3 0.7046875 0.16875 0.05625 0.084375
3 0.65625 0.16875 0.04375 0.0890625
0 0.46953125 0.24375 0.053125 0.075
3 0.525 0.24296875 0.0671875 0.134375
3 0.696875 0.259375 0.0609375 0.10625
3 0.753125 0.26875 0.05625 0.1203125
0 0.7734375 0.38203125 0.059375 0.10625
0 0.7203125 0.39296875 0.065625 0.109375
3 0.65625 0.35546875 0.065625 0.15625
3 0.58984375 0.35546875 0.08125 0.146875
3 0.32265625 0.36796875 0.084375 0.10625
0 0.25625 0.37734375 0.053125 0.1140625
0 0.2 0.39140625 0.0609375 0.1046875
3 0.24921875 0.48046875 0.0984375 0.203125
3 0.4296875 0.50625 0.071875 0.1453125
3 0.75234375 0.53125 0.075 0.109375
3 0.81953125 0.53515625 0.071875 0.15625
3 0.7140625 0.03125 0.028125 0.053125
3 0.74375 0.04296875 0.0265625 0.04375
0 0.73203125 0.0796875 0.040625 0.065625
3 0.76640625 0.071875 0.034375 0.06875
3 0.80078125 0.13046875 0.040625 0.065625
3 0.82109375 0.1859375 0.0265625 0.06875
0 0.85546875 0.35390625 0.059375 0.08125
3 0.9015625 0.35546875 0.040625 0.1015625
3 0.96953125 0.70625 0.059375 0.096875
3 0.48125 0.09140625 0.05 0.0640625
3 0.56953125 0.15625 0.065625 0.084375
3 0.353125 0.22265625 0.0578125 0.13125
3 0.403125 0.24375 0.071875 0.10625
3 0.67578125 0.53125 0.084375 0.18125
3 0.090625 0.75625 0.0609375 0.225
3 0.16015625 0.74296875 0.1 0.1515625
3 0.90390625 0.49140625 0.06875 0.1140625
3 0.78671875 0.18046875 0.0484375 0.075
3 0.76015625 0.11875 0.040625 0.0765625
1 0.1234375 0.33125 0.021875 0.0484375
1 0.14375 0.22890625 0.01875 0.04375
1 0.18828125 0.15390625 0.015625 0.0296875
1 0.21875 0.1546875 0.0171875 0.040625
1 0.20390625 0.10859375 0.0125 0.03125
1 0.240625 0.09375 0.015625 0.03125
1 0.39453125 0.04140625 0.015625 0.03125
1 0.43203125 0.03203125 0.015625 0.03125
1 0.35390625 0.09375 0.01875 0.0375
1 0.39375 0.084375 0.0203125 0.04375
1 0.44375 0.10390625 0.0203125 0.040625
1 0.46875 0.03046875 0.015625 0.03125
1 0.48203125 0.07890625 0.021875 0.0375
1 0.55078125 0.028125 0.015625 0.034375
1 0.59609375 0.03515625 0.0171875 0.04375
1 0.64140625 0.03203125 0.015625 0.0359375
1 0.65390625 0.0765625 0.01875 0.040625
1 0.70546875 0.15390625 0.0203125 0.046875
1 0.6625 0.14296875 0.0203125 0.04375
1 0.57265625 0.1390625 0.025 0.05
1 0.56953125 0.08515625 0.021875 0.04375
1 0.51875 0.20625 0.0265625 0.059375
1 0.46953125 0.234375 0.028125 0.05625
1 0.4 0.21796875 0.0265625 0.059375
2 0.35625 0.1875 0.025 0.05625
1 0.19375 0.38125 0.0296875 0.05
1 0.246875 0.37734375 0.0265625 0.05
1 0.315625 0.3515625 0.0296875 0.0625
1 0.59765625 0.3265625 0.03125 0.0625
2 0.66015625 0.31875 0.028125 0.0703125
1 0.78828125 0.3734375 0.028125 0.05625
1 0.83828125 0.521875 0.034375 0.06875
1 0.77265625 0.53046875 0.03125 0.065625
1 0.69453125 0.49140625 0.0375 0.078125
1 0.42265625 0.47265625 0.034375 0.08125
3 0.1703125 0.50234375 0.1 0.1625
1 0.13984375 0.46875 0.0359375 0.0625
0 0.14453125 0.5546875 0.06875 0.1125
2 0.13203125 0.52890625 0.03125 0.053125
1 0.07890625 0.70234375 0.034375 0.0765625
1 0.13203125 0.71875 0.040625 0.0796875
1 0.9234375 0.46875 0.025 0.05625
1 0.87421875 0.34140625 0.021875 0.0515625
1 0.90390625 0.33046875 0.021875 0.0515625
1 0.70625 0.2421875 0.0265625 0.05
1 0.7609375 0.2421875 0.028125 0.05625
1 0.81953125 0.16875 0.01875 0.0390625
1 0.80078125 0.16171875 0.021875 0.04375
1 0.76953125 0.10546875 0.01875 0.040625
1 0.80703125 0.11640625 0.015625 0.0375
1 0.7421875 0.06640625 0.01875 0.03125
2 0.765625 0.05546875 0.015625 0.03125
1 0.71875 0.01953125 0.0140625 0.03125
1 0.746875 0.03359375 0.0125 0.03125
0 0.3671875 0.02109375 0.034375 0.040625