1 0.12265625 0.325 0.01953125 0.04453125
3 0.134375 0.34296875 0.0546875 0.075
1 0.1453125 0.21875 0.015625 0.03984375
3 0.153125 0.2421875 0.0421875 0.0765625
1 0.18828125 0.1515625 0.0125 0.0265625
1 0.21875 0.15234375 0.01484375 0.03828125
3 0.19375 0.16171875 0.0328125 0.05625
3 0.22578125 0.1609375 0.03828125 0.05625
1 0.20390625 0.1078125 0.0125 0.02109375
1 0.2375 0.10390625 0.01328125 0.0265625
3 0.21015625 0.11796875 0.03046875 0.046875
3 0.24609375 0.11484375 0.0328125 0.05390625
3 0.27109375 0.090625 0.0171875 0.01171875
1 0.26953125 0.0671875 0.01484375 0.0265625
0 0.27890625 0.071875 0.04140625 0.04453125
1 0.28125 0.028125 0.01328125 0.02578125
1 0.3046875 0.01875 0.01171875 0.02421875
3 0.27890625 0.03359375 0.03125 0.04453125
3 0.30703125 0.03125 0.034375 0.053125
1 0.36953125 0.01015625 0.0125 0.01875
0 0.36640625 0.01875 0.03515625 0.03515625
1 0.396875 0.04140625 0.0140625 0.02890625
3 0.39375 0.05390625 0.03828125 0.05546875
1 0.43203125 0.03125 0.0125 0.0265625
3 0.43203125 0.04453125 0.03828125 0.05625
3 0.46953125 0.04296875 0.03515625 0.046875
1 0.46796875 0.03125 0.0140625 0.0265625
1 0.51484375 0.03125 0.0140625 0.0265625
3 0.51015625 0.04296875 0.03828125 0.046875
3 0.54453125 0.040625 0.03671875 0.0515625
1 0.59140625 0.028125 0.01484375 0.03203125
3 0.590625 0.04140625 0.04453125 0.0609375
1 0.640625 0.053125 0.01640625 0.028125
0 0.634375 0.05546875 0.0421875 0.04609375
1 0.66015625 0.07890625 0.01796875 0.03671875
3 0.65390625 0.09296875 0.040625 0.0734375
1 0.57109375 0.0859375 0.0171875 0.03046875
3 0.56875 0.09296875 0.03984375 0.06171875
1 0.48203125 0.07265625 0.01796875 0.03046875
3 0.484375 0.090625 0.05234375 0.0640625
0 0.43828125 0.10859375 0.04140625 0.04453125
1 0.39609375 0.0921875 0.0203125 0.034375
3 0.396875 0.096875 0.04140625 0.05546875
1 0.35078125 0.09296875 0.015625 0.034375
3 0.35390625 0.10625 0.04609375 0.06796875
1 0.56640625 0.13125 0.01953125 0.04140625
3 0.571875 0.15546875 0.0640625 0.0890625
1 0.6515625 0.12734375 0.01875 0.03984375
3 0.65390625 0.15546875 0.04609375 0.09453125
1 0.70703125 0.15625 0.02421875 0.04140625
0 0.703125 0.17109375 0.05390625 0.08046875
1 0.759375 0.234375 0.02578125 0.05546875
3 0.75078125 0.26796875 0.053125 0.11640625
1 0.703125 0.24296875 0.0234375 0.0453125
3 0.696875 0.26796875 0.0578125 0.10625
1 0.534375 0.23125 0.02421875 0.046875
3 0.52890625 0.24375 0.075 0.0984375
1 0.465625 0.24296875 0.0234375 0.034375
3 0.46640625 0.24375 0.05078125 0.06328125
1 0.40546875 0.21796875 0.0234375 0.053125
3 0.40703125 0.24296875 0.06484375 0.0984375
1 0.3453125 0.23046875 0.01953125 0.0515625
3 0.34453125 0.25546875 0.06328125 0.1015625
1 0.18984375 0.38125 0.0265625 0.0453125
1 0.25 0.36875 0.02578125 0.04609375
0 0.19765625 0.38515625 0.05703125 0.09453125
0 0.2546875 0.371875 0.05859375 0.11953125
1 0.31328125 0.34296875 0.02578125 0.05625
1 0.32265625 0.36875 0.08125 0.10703125
1 0.5953125 0.3234375 0.02734375 0.05625
3 0.58984375 0.35546875 0.0765625 0.1390625
1 0.659375 0.31796875 0.02734375 0.05859375
3 0.65625 0.35546875 0.05859375 0.140625
0 0.71640625 0.39296875 0.0625 0.103125
1 0.7875 0.36875 0.02265625 0.04609375
0 0.7734375 0.38125 0.05546875 0.09140625
1 0.13125 0.553125 0.0234375 0.04140625
0 0.14375 0.55625 0.06953125 0.0859375
1 0.3359375 0.48046875 0.02578125 0.06328125
3 0.34453125 0.5125 0.10703125 0.13046875
1 0.43515625 0.496875 0.03203125 0.08125
3 0.43828125 0.5265625 0.07890625 0.13515625
1 0.68671875 0.50625 0.0328125 0.07109375
3 0.67578125 0.53359375 0.08125 0.16875
1 0.76328125 0.48046875 0.02890625 0.05546875
3 0.75078125 0.53046875 0.06875 0.15703125
1 0.83828125 0.51875 0.03046875 0.05703125
3 0.81953125 0.54375 0.07109375 0.1609375
1 0.69453125 0.73046875 0.0375 0.07421875
3 0.671875 0.75 0.1234375 0.16875
1 0.08125 0.72890625 0.0296875 0.05625
1 0.12890625 0.71875 0.03515625 0.06953125
3 0.09140625 0.7390625 0.05703125 0.16171875
3 0.15625 0.74140625 0.109375 0.14375
2 0.71640625 0.01796875 0.01484375 0.02890625
3 0.71328125 0.03125 0.028125 0.0515625
1 0.746875 0.03203125 0.0109375 0.0265625
3 0.74375 0.0453125 0.03125 0.05
1 0.74296875 0.065625 0.0140625 0.0265625
3 0.73203125 0.08125 0.03984375 0.05625
1 0.76875 0.1046875 0.0171875 0.03671875
3 0.75390625 0.14453125 0.046875 0.12421875
1 0.80546875 0.11796875 0.0140625 0.03203125
3 0.7984375 0.12734375 0.03671875 0.053125
2 0.79453125 0.15078125 0.01875 0.0390625
3 0.784375 0.16953125 0.0375 0.08046875
1 0.82421875 0.16796875 0.0171875 0.034375
3 0.8203125 0.184375 0.03046875 0.06953125
1 0.86328125 0.3171875 0.01953125 0.0453125
3 0.85078125 0.33203125 0.05390625 0.08125
1 0.90625 0.340625 0.0171875 0.04140625
0 0.8984375 0.359375 0.04296875 0.09375
1 0.928125 0.4765625 0.02109375 0.05
3 0.90625 0.49296875 0.06640625 0.1046875
0 0.96796875 0.70625 0.0640625 0.0890625