1 0.09921875 0.4046875 0.028125 0.046875
3 0.115625 0.40859375 0.0640625 0.0765625
1 0.10234375 0.27578125 0.025 0.046875
3 0.11328125 0.29609375 0.059375 0.0953125
1 0.13203125 0.21015625 0.0203125 0.0328125
1 0.16015625 0.2078125 0.021875 0.040625
3 0.140625 0.22421875 0.04375 0.0671875
3 0.1703125 0.2140625 0.05 0.0640625
1 0.14375 0.1671875 0.0171875 0.0328125
1 0.171875 0.15078125 0.01875 0.0328125
3 0.15 0.17421875 0.040625 0.05625
3 0.18046875 0.159375 0.0421875 0.0609375
1 0.19765625 0.09453125 0.0203125 0.0328125
3 0.2078125 0.10859375 0.05 0.0703125
1 0.1984375 0.06953125 0.01875 0.0328125
1 0.22578125 0.05859375 0.0171875 0.028125
3 0.23125 0.07109375 0.0421875 0.059375
3 0.2671875 0.08203125 0.046875 0.096875
1 0.28671875 0.121875 0.0234375 0.0390625
1 0.3234375 0.06875 0.028125 0.0421875
1 0.34921875 0.0515625 0.0203125 0.0328125
3 0.2875 0.1375 0.05625 0.078125
3 0.3265625 0.09453125 0.0625 0.0953125
3 0.3625 0.109375 0.0421875 0.06875
3 0.3546875 0.0640625 0.0484375 0.0625
3 0.3890625 0.04765625 0.0515625 0.075
1 0.40703125 0.084375 0.0234375 0.0375
3 0.4109375 0.1 0.053125 0.0734375
3 0.43046875 0.0484375 0.046875 0.0703125
3 0.4671875 0.03671875 0.0515625 0.0703125
3 0.51015625 0.034375 0.0546875 0.06875
1 0.49609375 0.0828125 0.025 0.0390625
0 0.49375 0.090625 0.0640625 0.071875
0 0.55703125 0.03671875 0.0546875 0.0625
1 0.58359375 0.05859375 0.0265625 0.0421875
3 0.58125 0.07578125 0.05625 0.0828125
1 0.59453125 0.1140625 0.0265625 0.046875
1 0.64609375 0.12734375 0.0296875 0.05
3 0.59296875 0.1390625 0.059375 0.1
0 0.64140625 0.14375 0.071875 0.0890625
1 0.50703125 0.1375 0.028125 0.0484375
3 0.5109375 0.1546875 0.0796875 0.090625
2 0.44140625 0.10390625 0.0265625 0.046875
3 0.44453125 0.13515625 0.071875 0.1171875
2 0.38359375 0.103125 0.028125 0.046875
3 0.396875 0.14140625 0.065625 0.1265625
3 0.346875 0.16640625 0.065625 0.1015625
1 0.296875 0.2609375 0.0328125 0.059375
1 0.3578125 0.23984375 0.0359375 0.059375
3 0.303125 0.28203125 0.0828125 0.115625
3 0.365625 0.2625 0.0859375 0.1140625
2 0.471875 0.20625 0.0328125 0.059375
3 0.42265625 0.24765625 0.0703125 0.1078125
3 0.48515625 0.23515625 0.090625 0.1296875
1 0.653125 0.21171875 0.028125 0.053125
1 0.71171875 0.20234375 0.0328125 0.0578125
3 0.65546875 0.23671875 0.075 0.1078125
3 0.70859375 0.23046875 0.075 0.121875
1 0.76171875 0.325 0.0328125 0.05
0 0.74921875 0.3375 0.0734375 0.103125
0 0.69453125 0.35859375 0.0828125 0.115625
1 0.62109375 0.30078125 0.0390625 0.071875
3 0.628125 0.33828125 0.0859375 0.1515625
3 0.5625 0.31015625 0.040625 0.0703125
3 0.56171875 0.3421875 0.1015625 0.15625
1 0.28984375 0.38359375 0.0375 0.0609375
1 0.30078125 0.44140625 0.0421875 0.040625
3 0.30234375 0.403125 0.1 0.1171875
3 0.18515625 0.4765625 0.021875 0.0265625
3 0.24609375 0.465625 0.0328125 0.0296875
1 0.1734375 0.42734375 0.034375 0.0484375
1 0.23125 0.41328125 0.0328125 0.0546875
0 0.23515625 0.4203125 0.0796875 0.1265625
0 0.18359375 0.4359375 0.0765625 0.1046875
1 0.14765625 0.6265625 0.0359375 0.0546875
1 0.1953125 0.5734375 0.040625 0.0671875
0 0.159375 0.62265625 0.0796875 0.1015625
3 0.221875 0.60703125 0.0953125 0.1609375
1 0.1265625 0.79453125 0.040625 0.0640625
1 0.17109375 0.7765625 0.046875 0.0734375
3 0.1390625 0.809375 0.084375 0.171875
3 0.20703125 0.8 0.1296875 0.165625
1 0.72890625 0.68125 0.053125 0.084375
3 0.709375 0.70625 0.140625 0.1890625
1 0.334375 0.4953125 0.040625 0.071875
3 0.353125 0.54140625 0.0984375 0.178125
3 0.4390625 0.5296875 0.1125 0.15625
1 0.68359375 0.47421875 0.05 0.0765625
1 0.76953125 0.46484375 0.04375 0.071875
3 0.68046875 0.503125 0.1109375 0.1875
3 0.75390625 0.48671875 0.0921875 0.125
1 0.8375 0.4609375 0.04375 0.0703125
3 0.82265625 0.4875 0.096875 0.175
1 0.9171875 0.40234375 0.03125 0.05625
3 0.8984375 0.425 0.0875 0.1171875
1 0.82734375 0.25859375 0.0296875 0.0515625
1 0.86796875 0.26328125 0.0265625 0.0484375
3 0.82265625 0.28515625 0.0671875 0.109375
3 0.865625 0.2875 0.059375 0.103125
1 0.721875 0.09921875 0.025 0.0421875
1 0.77109375 0.13203125 0.0234375 0.0421875
3 0.7171875 0.12421875 0.0578125 0.0953125
3 0.7625 0.1421875 0.05 0.065625
1 0.73515625 0.06875 0.0203125 0.0359375
1 0.703125 0.06875 0.025 0.040625
3 0.69453125 0.08203125 0.0546875 0.071875
3 0.73203125 0.08203125 0.04375 0.06875
3 0.659375 0.04609375 0.0453125 0.06875
1 0.6609375 0.00703125 0.015625 0.0140625
3 0.66171875 0.021875 0.0421875 0.04375
1 0.6265625 0.003125 0.01875 0.00625
3 0.62890625 0.01640625 0.0359375 0.0328125