1 0.1234375 0.334375 0.02109375 0.04453125
3 0.1390625 0.34375 0.05078125 0.06484375
1 0.14921875 0.215625 0.0171875 0.03984375
3 0.15625 0.23046875 0.0390625 0.0796875
1 0.1875 0.1515625 0.01328125 0.028125
3 0.19296875 0.1625 0.0328125 0.05625
1 0.2171875 0.14140625 0.01328125 0.03515625
3 0.22578125 0.15625 0.03828125 0.06796875
1 0.20703125 0.10625 0.01015625 0.025
1 0.23515625 0.096875 0.0125 0.03046875
3 0.21171875 0.11796875 0.0296875 0.04921875
3 0.24453125 0.109375 0.03359375 0.05546875
2 0.26953125 0.04453125 0.01484375 0.0265625
2 0.27890625 0.0171875 0.01171875 0.0234375
1 0.3046875 0.01796875 0.0125 0.0265625
3 0.30703125 0.03046875 0.03515625 0.05390625
2 0.34375 0.0140625 0.01484375 0.0265625
2 0.27578125 0.07890625 0.01796875 0.0390625
3 0.284375 0.16796875 0.0484375 0.2265625
3 0.33125 0.13046875 0.05234375 0.14296875
3 0.3453125 0.03828125 0.04296875 0.075
1 0.3953125 0.04453125 0.01640625 0.0265625
1 0.378125 0.0921875 0.0203125 0.0359375
1 0.35625 0.0890625 0.01484375 0.034375
0 0.38828125 0.103125 0.04296875 0.06796875
0 0.390625 0.05546875 0.03984375 0.04609375
3 0.43203125 0.04296875 0.04140625 0.05625
1 0.46953125 0.03125 0.01328125 0.02890625
3 0.46875 0.04296875 0.03671875 0.04921875
1 0.48125 0.0734375 0.0171875 0.03046875
3 0.47890625 0.090625 0.04453125 0.065625
3 0.5109375 0.04296875 0.03515625 0.06171875
1 0.54140625 0.02578125 0.01484375 0.03046875
3 0.546875 0.03984375 0.040625 0.0609375
1 0.56875 0.0890625 0.01796875 0.0359375
0 0.56484375 0.09453125 0.05390625 0.0640625
3 0.58984375 0.04296875 0.0453125 0.0703125
0 0.6375 0.05390625 0.0421875 0.0546875
1 0.66015625 0.07890625 0.01796875 0.03984375
3 0.653125 0.09375 0.0421875 0.0765625
1 0.709375 0.15546875 0.02265625 0.04609375
0 0.70078125 0.171875 0.05859375 0.08125
3 0.653125 0.15703125 0.04453125 0.09453125
1 0.57265625 0.14296875 0.02265625 0.04375
3 0.56953125 0.15859375 0.06640625 0.08125
1 0.43125 0.07265625 0.0234375 0.04375
3 0.43203125 0.11875 0.05859375 0.1390625
1 0.49453125 0.121875 0.02109375 0.04453125
3 0.496875 0.14296875 0.06953125 0.08984375
1 0.340625 0.23046875 0.0234375 0.05390625
1 0.40390625 0.21796875 0.025 0.05625
3 0.34375 0.2546875 0.06640625 0.0984375
3 0.40703125 0.2421875 0.06796875 0.103125
3 0.46875 0.240625 0.0515625 0.0953125
3 0.53046875 0.2390625 0.07734375 0.11953125
1 0.7 0.24375 0.0203125 0.05
1 0.7671875 0.24140625 0.02734375 0.05078125
3 0.6984375 0.2671875 0.06015625 0.10078125
3 0.753125 0.26875 0.05859375 0.11640625
1 0.78984375 0.36875 0.0265625 0.05
0 0.7734375 0.38046875 0.06171875 0.09609375
0 0.715625 0.39296875 0.06328125 0.10625
1 0.65625 0.31796875 0.02734375 0.0640625
3 0.65546875 0.35625 0.0609375 0.1484375
1 0.5953125 0.32421875 0.02890625 0.06875
3 0.58828125 0.35625 0.07734375 0.146875
1 0.31171875 0.34921875 0.0265625 0.05546875
1 0.190625 0.36953125 0.02578125 0.0484375
1 0.2546875 0.36953125 0.02421875 0.0484375
0 0.19765625 0.38125 0.06171875 0.1046875
0 0.2546875 0.36953125 0.05859375 0.11484375
3 0.321875 0.36953125 0.0828125 0.10390625
1 0.13046875 0.55625 0.0296875 0.05078125
1 0.190625 0.5203125 0.02734375 0.06328125
0 0.14140625 0.56015625 0.06328125 0.09296875
3 0.2078125 0.55546875 0.06953125 0.15
1 0.3453125 0.446875 0.03046875 0.06875
3 0.34765625 0.4984375 0.071875 0.1796875
2 0.421875 0.428125 0.0296875 0.071875
3 0.43203125 0.48125 0.08203125 0.1859375
1 0.6875 0.50546875 0.03515625 0.0734375
1 0.771875 0.54921875 0.03203125 0.06875
3 0.67578125 0.5359375 0.08515625 0.17890625
3 0.81953125 0.54375 0.07421875 0.16640625
0 0.75390625 0.54140625 0.075 0.10625
1 0.8390625 0.51796875 0.034375 0.0640625
1 0.69609375 0.72265625 0.0359375 0.08046875
3 0.675 0.75078125 0.1203125 0.17578125
1 0.0796875 0.72421875 0.03203125 0.06875
1 0.11484375 0.73125 0.0390625 0.07109375
3 0.0921875 0.73828125 0.06328125 0.15546875
3 0.153125 0.753125 0.11953125 0.15625
1 0.928125 0.47578125 0.02265625 0.05625
3 0.90625 0.49375 0.06640625 0.11015625
1 0.86484375 0.31875 0.02265625 0.05
1 0.90390625 0.33046875 0.01953125 0.0484375
1 0.8546875 0.34296875 0.04921875 0.1046875
1 0.896875 0.35546875 0.0421875 0.1
3 0.78125 0.16875 0.03828125 0.09296875
3 0.8203125 0.1875 0.03828125 0.06953125
1 0.775 0.10859375 0.01953125 0.0359375
1 0.80390625 0.11640625 0.01484375 0.03671875
3 0.76484375 0.121875 0.04296875 0.06875
3 0.80078125 0.128125 0.03359375 0.0609375
3 0.73515625 0.08046875 0.03671875 0.059375
1 0.7453125 0.03515625 0.0125 0.03125
1 0.71875 0.02109375 0.0125 0.0265625
3 0.71328125 0.0328125 0.02734375 0.053125
3 0.74296875 0.04609375 0.0328125 0.05625