1 0.09609375 0.4234375 0.03125 0.0484375
3 0.11328125 0.42890625 0.0640625 0.075
1 0.09453125 0.3015625 0.025 0.0421875
3 0.1046875 0.31484375 0.05625 0.0859375
1 0.1171875 0.23046875 0.01875 0.0296875
3 0.125 0.23984375 0.0453125 0.0625
1 0.14375 0.2140625 0.0203125 0.0375
3 0.15546875 0.2265625 0.053125 0.075
1 0.12578125 0.18203125 0.015625 0.0265625
1 0.1515625 0.16640625 0.01875 0.0328125
3 0.1328125 0.19296875 0.040625 0.0546875
3 0.16328125 0.1765625 0.0453125 0.0609375
2 0.17265625 0.1078125 0.0203125 0.0296875
2 0.17578125 0.0796875 0.0171875 0.025
1 0.2015625 0.07421875 0.01875 0.028125
3 0.20625 0.0859375 0.046875 0.0609375
2 0.23828125 0.06171875 0.0203125 0.0296875
2 0.18671875 0.13984375 0.0265625 0.0421875
3 0.21484375 0.225 0.0984375 0.23125
3 0.25234375 0.178125 0.0828125 0.1515625
3 0.2453125 0.08515625 0.059375 0.0828125
1 0.2953125 0.0796875 0.021875 0.0296875
1 0.28984375 0.1296875 0.028125 0.0390625
1 0.2671875 0.13203125 0.021875 0.0375
0 0.3015625 0.13828125 0.0578125 0.0765625
0 0.29375 0.09140625 0.0484375 0.053125
3 0.33125 0.0703125 0.053125 0.0640625
1 0.36484375 0.05 0.01875 0.03125
3 0.36640625 0.06171875 0.046875 0.05625
1 0.3859375 0.08828125 0.0234375 0.0328125
3 0.3875 0.10625 0.0578125 0.0734375
3 0.4078125 0.05234375 0.0484375 0.06875
1 0.43359375 0.02890625 0.021875 0.0328125
3 0.4421875 0.04140625 0.053125 0.06875
1 0.47421875 0.084375 0.025 0.0390625
0 0.471875 0.090625 0.0671875 0.075
3 0.484375 0.03671875 0.059375 0.0734375
0 0.53359375 0.034375 0.053125 0.0625
1 0.5609375 0.05390625 0.0265625 0.0421875
3 0.5578125 0.06953125 0.0578125 0.084375
1 0.6265625 0.1171875 0.0328125 0.05
0 0.621875 0.13515625 0.075 0.0921875
3 0.571875 0.13125 0.0640625 0.1015625
1 0.490625 0.1359375 0.03125 0.0484375
3 0.490625 0.1515625 0.0828125 0.09375
1 0.33671875 0.09921875 0.0328125 0.0484375
3 0.34765625 0.14375 0.0890625 0.1484375
1 0.409375 0.1328125 0.03125 0.0484375
3 0.41640625 0.153125 0.0875 0.103125
1 0.284375 0.2734375 0.034375 0.0578125
1 0.34296875 0.246875 0.0375 0.0609375
3 0.2921875 0.29609375 0.0875 0.1109375
3 0.3515625 0.26953125 0.0890625 0.115625
3 0.4109375 0.2546875 0.071875 0.1046875
3 0.47109375 0.2390625 0.1015625 0.134375
1 0.6375 0.20546875 0.03125 0.053125
1 0.70234375 0.18828125 0.0375 0.05625
3 0.640625 0.22890625 0.08125 0.1125
3 0.69453125 0.21796875 0.0828125 0.1265625
1 0.753125 0.30703125 0.0375 0.0546875
0 0.73984375 0.321875 0.08125 0.1078125
0 0.6859375 0.346875 0.0859375 0.1171875
1 0.6109375 0.2875 0.040625 0.06875
3 0.61953125 0.325 0.0921875 0.1578125
1 0.553125 0.30703125 0.04375 0.0734375
3 0.55390625 0.33984375 0.1078125 0.1609375
1 0.2828125 0.3953125 0.0390625 0.059375
1 0.16953125 0.4421875 0.0359375 0.053125
1 0.23125 0.428125 0.034375 0.053125
0 0.17890625 0.45234375 0.084375 0.115625
0 0.23125 0.428125 0.0828125 0.125
3 0.296875 0.41328125 0.1046875 0.1203125
1 0.15234375 0.63828125 0.040625 0.05625
1 0.203125 0.5890625 0.040625 0.0671875
0 0.1640625 0.6390625 0.0828125 0.1046875
3 0.228125 0.61953125 0.1015625 0.1625
1 0.3375 0.4828125 0.0453125 0.0734375
3 0.3515625 0.5328125 0.1109375 0.190625
2 0.4078125 0.44765625 0.0453125 0.0765625
3 0.4296875 0.496875 0.121875 0.2
1 0.68359375 0.46328125 0.05 0.0796875
1 0.77578125 0.48671875 0.046875 0.0734375
3 0.6796875 0.4953125 0.1234375 0.19375
3 0.82109375 0.47109375 0.109375 0.178125
0 0.75703125 0.48359375 0.096875 0.1203125
1 0.834375 0.44140625 0.0484375 0.0703125
1 0.74140625 0.67265625 0.053125 0.0859375
3 0.7265625 0.7046875 0.15625 0.1984375
1 0.140625 0.81328125 0.046875 0.0734375
1 0.1765625 0.81171875 0.0546875 0.078125
3 0.15625 0.82421875 0.096875 0.165625
3 0.21875 0.825 0.1515625 0.1796875
1 0.91171875 0.38046875 0.034375 0.059375
3 0.89453125 0.40234375 0.0890625 0.121875
1 0.81484375 0.24140625 0.0328125 0.053125
1 0.85546875 0.24375 0.0296875 0.0515625
1 0.81015625 0.2671875 0.071875 0.1125
1 0.85390625 0.26953125 0.0640625 0.10625
3 0.69921875 0.1140625 0.0578125 0.0984375
3 0.7421875 0.1234375 0.053125 0.0765625
1 0.6796875 0.05703125 0.0265625 0.0390625
1 0.71015625 0.0578125 0.0234375 0.0390625
3 0.67265625 0.071875 0.0578125 0.0765625
3 0.709375 0.0703125 0.046875 0.0671875
3 0.634375 0.03828125 0.0484375 0.065625
1 0.634375 0.00390625 0.01875 0.0078125
3 0.60234375 0.0125 0.0390625 0.025
3 0.63359375 0.0171875 0.0453125 0.034375