1 0.09609375 0.4 0.028125 0.046875
3 0.1109375 0.415625 0.06875 0.084375
1 0.0984375 0.29140625 0.0234375 0.0421875
3 0.11015625 0.31328125 0.05625 0.0828125
1 0.12734375 0.2171875 0.0171875 0.028125
1 0.1578125 0.2125 0.021875 0.040625
3 0.13515625 0.2265625 0.0421875 0.0609375
3 0.16640625 0.21953125 0.0484375 0.0625
1 0.134375 0.171875 0.015625 0.0234375
1 0.16640625 0.1609375 0.01875 0.028125
3 0.14296875 0.18046875 0.0390625 0.0515625
3 0.17734375 0.1703125 0.0421875 0.059375
3 0.196875 0.1421875 0.01875 0.0140625
1 0.19140625 0.11875 0.0203125 0.0296875
0 0.2015625 0.121875 0.0484375 0.0515625
1 0.1953125 0.07890625 0.0171875 0.028125
1 0.21640625 0.06484375 0.015625 0.0265625
3 0.19375 0.084375 0.0390625 0.05
3 0.22109375 0.0765625 0.04375 0.059375
1 0.278125 0.04375 0.015625 0.0203125
0 0.27734375 0.053125 0.040625 0.040625
1 0.3109375 0.06953125 0.01875 0.03125
3 0.3109375 0.08203125 0.0484375 0.0625
1 0.34375 0.053125 0.0171875 0.028125
3 0.34609375 0.065625 0.0484375 0.0625
3 0.3828125 0.05703125 0.04375 0.053125
1 0.37890625 0.04609375 0.01875 0.028125
1 0.425 0.03671875 0.01875 0.028125
3 0.42265625 0.04921875 0.046875 0.053125
3 0.45625 0.040625 0.0453125 0.0578125
1 0.5 0.01953125 0.0203125 0.034375
3 0.50078125 0.03359375 0.0546875 0.0671875
1 0.553125 0.034375 0.021875 0.03125
0 0.546875 0.03828125 0.05 0.053125
1 0.5765625 0.05625 0.025 0.0390625
3 0.5734375 0.07109375 0.053125 0.0796875
1 0.490625 0.0796875 0.0234375 0.0328125
3 0.48984375 0.0875 0.0515625 0.06875
1 0.40078125 0.08359375 0.0234375 0.0328125
3 0.40625 0.10078125 0.0640625 0.0734375
0 0.36484375 0.12734375 0.0484375 0.0515625
1 0.3203125 0.11953125 0.0265625 0.0375
3 0.321875 0.12421875 0.0515625 0.0625
1 0.27578125 0.12890625 0.021875 0.0375
3 0.28125 0.14140625 0.0578125 0.075
1 0.49453125 0.125 0.0265625 0.04375
3 0.5046875 0.1484375 0.0796875 0.1
1 0.57734375 0.10546875 0.0265625 0.0421875
3 0.58515625 0.1328125 0.0640625 0.1015625
1 0.6375 0.1234375 0.03125 0.0453125
0 0.63671875 0.13828125 0.06875 0.0890625
1 0.70390625 0.18984375 0.0359375 0.059375
3 0.7015625 0.22421875 0.075 0.125
1 0.65 0.20859375 0.03125 0.0484375
3 0.64921875 0.234375 0.0765625 0.115625
1 0.4828125 0.2296875 0.0328125 0.05
3 0.4796875 0.24296875 0.0921875 0.1109375
1 0.4171875 0.25390625 0.0296875 0.0375
3 0.41796875 0.2546875 0.0625 0.071875
1 0.353125 0.24140625 0.0328125 0.05625
3 0.359375 0.265625 0.0828125 0.109375
1 0.296875 0.26484375 0.0296875 0.0546875
3 0.30078125 0.28984375 0.08125 0.1125
1 0.17265625 0.44296875 0.034375 0.05
1 0.2296875 0.41875 0.034375 0.05
0 0.18125 0.4453125 0.0734375 0.103125
0 0.234375 0.42109375 0.0796875 0.128125
1 0.28671875 0.38125 0.0359375 0.059375
1 0.30078125 0.4046875 0.1 0.1203125
1 0.56015625 0.30859375 0.0375 0.0609375
3 0.5609375 0.340625 0.1015625 0.1515625
1 0.621875 0.290625 0.0375 0.0625
3 0.62578125 0.328125 0.084375 0.15
0 0.6921875 0.35390625 0.08125 0.1125
1 0.75703125 0.31640625 0.03125 0.05
0 0.74609375 0.33125 0.071875 0.1
1 0.1484375 0.62265625 0.03125 0.0453125
0 0.1609375 0.6234375 0.084375 0.096875
1 0.33515625 0.5125 0.0375 0.0671875
3 0.35 0.5421875 0.1296875 0.1484375
1 0.4359375 0.509375 0.046875 0.0859375
3 0.44453125 0.5375 0.103125 0.1484375
1 0.684375 0.4703125 0.0453125 0.0765625
3 0.67890625 0.49921875 0.1125 0.18125
1 0.7546875 0.43046875 0.0390625 0.059375
3 0.75234375 0.48203125 0.096875 0.1671875
1 0.8359375 0.45390625 0.040625 0.0625
3 0.821875 0.48203125 0.1 0.171875
1 0.73515625 0.6890625 0.0515625 0.0796875
3 0.71640625 0.7125 0.153125 0.1890625
1 0.1328125 0.8046875 0.040625 0.0609375
1 0.17734375 0.78515625 0.0484375 0.075
3 0.14453125 0.8125 0.0875 0.1703125
3 0.20859375 0.80234375 0.134375 0.1625
3 0.61875 0.01328125 0.0375 0.0265625
1 0.653125 0.00390625 0.015625 0.0078125
3 0.6515625 0.0171875 0.040625 0.034375
1 0.65546875 0.02734375 0.01875 0.028125
3 0.64765625 0.04453125 0.05 0.0625
1 0.68828125 0.0609375 0.0234375 0.0390625
3 0.68125 0.10234375 0.0703125 0.13125
1 0.72734375 0.06640625 0.0203125 0.034375
3 0.721875 0.07734375 0.046875 0.059375
2 0.72265625 0.10078125 0.0265625 0.0421875
3 0.71640625 0.12109375 0.0515625 0.0859375
1 0.7546875 0.1125 0.0234375 0.0375
3 0.75390625 0.12890625 0.04375 0.0734375
1 0.821875 0.2515625 0.028125 0.0484375
3 0.8125 0.26796875 0.06875 0.090625
1 0.86875 0.26640625 0.025 0.04375
0 0.8640625 0.2859375 0.059375 0.1
1 0.915625 0.3953125 0.0296875 0.053125
3 0.89765625 0.415625 0.0859375 0.115625
0 0.97890625 0.6125 0.0421875 0.1