1 0.128125 0.3296875 0.0203125 0.04375
3 0.1421875 0.334375 0.05 0.0609375
2 0.1546875 0.20234375 0.0203125 0.046875
3 0.159375 0.22421875 0.0453125 0.0859375
1 0.19453125 0.14296875 0.0125 0.03125
1 0.2234375 0.14921875 0.015625 0.0390625
3 0.2 0.15625 0.034375 0.05625
3 0.23203125 0.15625 0.0390625 0.05625
1 0.2140625 0.10234375 0.0125 0.025
0 0.21953125 0.1140625 0.03125 0.046875
1 0.2453125 0.0890625 0.0140625 0.028125
0 0.25390625 0.1015625 0.034375 0.053125
3 0.28671875 0.05859375 0.0328125 0.05625
1 0.31484375 0.015625 0.0109375 0.025
3 0.31796875 0.02734375 0.034375 0.0515625
3 0.3609375 0.1015625 0.04375 0.0734375
1 0.40546875 0.04140625 0.01875 0.0390625
3 0.4078125 0.0625 0.0484375 0.075
3 0.44453125 0.0796875 0.0328125 0.0703125
1 0.43671875 0.02890625 0.0125 0.028125
3 0.44140625 0.0421875 0.0375 0.0515625
1 0.47421875 0.03046875 0.0125 0.028125
0 0.4734375 0.04296875 0.0328125 0.0453125
3 0.3671875 0.0390625 0.03125 0.078125
3 0.51875 0.04375 0.0375 0.05625
1 0.55546875 0.01953125 0.0140625 0.03125
3 0.5546875 0.0328125 0.040625 0.0625
3 0.5984375 0.0421875 0.04375 0.0640625
3 0.64375 0.04609375 0.0390625 0.0640625
1 0.6671875 0.08203125 0.0171875 0.0359375
3 0.6609375 0.096875 0.040625 0.0703125
1 0.5765625 0.08671875 0.01875 0.03125
0 0.57109375 0.0984375 0.0515625 0.0578125
1 0.4890625 0.0734375 0.0171875 0.03125
0 0.4890625 0.0890625 0.0390625 0.0640625
2 0.4171875 0.1078125 0.0203125 0.04375
3 0.4125 0.1390625 0.05625 0.1046875
3 0.4640625 0.13046875 0.0515625 0.1015625
3 0.51015625 0.13125 0.0484375 0.103125
1 0.3515625 0.215625 0.025 0.0515625
3 0.353125 0.240625 0.05625 0.10625
1 0.40859375 0.2171875 0.0234375 0.05
3 0.4125 0.2390625 0.0671875 0.096875
3 0.46953125 0.2296875 0.05 0.096875
3 0.5390625 0.23203125 0.065625 0.1171875
1 0.57578125 0.14453125 0.0203125 0.0421875
3 0.57890625 0.15859375 0.0609375 0.0765625
3 0.6625 0.16484375 0.0421875 0.09375
3 0.71015625 0.1703125 0.059375 0.0953125
1 0.765625 0.24765625 0.0265625 0.05
3 0.75703125 0.2765625 0.053125 0.10625
3 0.70234375 0.26171875 0.0609375 0.10625
1 0.19296875 0.365625 0.025 0.04375
0 0.2 0.375 0.0609375 0.1015625
1 0.25234375 0.36328125 0.0265625 0.0453125
0 0.25625 0.3640625 0.059375 0.109375
1 0.3125 0.34375 0.028125 0.05625
0 0.325 0.365625 0.08125 0.1
1 0.5984375 0.328125 0.0296875 0.059375
3 0.590625 0.35703125 0.078125 0.1421875
1 0.66015625 0.32109375 0.0265625 0.05625
3 0.65859375 0.35859375 0.0609375 0.1375
0 0.71796875 0.396875 0.0625 0.1078125
1 0.79296875 0.3734375 0.025 0.046875
0 0.778125 0.3859375 0.0578125 0.096875
1 0.83984375 0.52421875 0.0328125 0.0609375
3 0.81875 0.54921875 0.071875 0.1640625
1 0.77109375 0.56015625 0.03125 0.0609375
0 0.7515625 0.54609375 0.075 0.0953125
1 0.68515625 0.50859375 0.034375 0.06875
3 0.67578125 0.5390625 0.08125 0.1703125
1 0.42265625 0.48203125 0.03125 0.08125
3 0.43515625 0.5171875 0.0921875 0.146875
1 0.33828125 0.45390625 0.0265625 0.0703125
3 0.3484375 0.509375 0.06875 0.178125
1 0.18828125 0.51328125 0.0265625 0.059375
3 0.20703125 0.54921875 0.071875 0.140625
1 0.128125 0.5375 0.0265625 0.0546875
0 0.1421875 0.54921875 0.065625 0.0921875
1 0.07734375 0.72265625 0.0328125 0.0609375
3 0.084375 0.72890625 0.053125 0.15625
3 0.14921875 0.7078125 0.134375 0.2546875
1 0.6921875 0.71875 0.0375 0.0703125
3 0.67734375 0.75859375 0.128125 0.1890625
0 0.9625 0.721875 0.0671875 0.1
1 0.928125 0.48359375 0.021875 0.05
0 0.90390625 0.5 0.06875 0.10625
1 0.86640625 0.325 0.021875 0.046875
3 0.853125 0.34921875 0.0578125 0.0984375
1 0.90703125 0.340625 0.01875 0.0453125
0 0.9015625 0.36328125 0.0421875 0.0953125
1 0.809375 0.16953125 0.01875 0.040625
3 0.79609375 0.1859375 0.046875 0.075
1 0.834375 0.184375 0.0171875 0.0375
3 0.828125 0.19765625 0.028125 0.0625
1 0.81015625 0.1234375 0.015625 0.0328125
3 0.80625 0.134375 0.0375 0.05625
1 0.778125 0.10546875 0.0171875 0.0375
3 0.76328125 0.1578125 0.0484375 0.1375
3 0.7375 0.084375 0.0421875 0.065625
1 0.7609375 0.0578125 0.0125 0.0203125
3 0.7203125 0.0375 0.028125 0.0546875