1 0.1078125 0.3578125 0.021875 0.046875
3 0.121875 0.3734375 0.0546875 0.084375
1 0.1234375 0.25703125 0.021875 0.040625
3 0.13125 0.27109375 0.04375 0.0734375
1 0.153125 0.18125 0.015625 0.03125
1 0.18203125 0.18671875 0.01875 0.0390625
3 0.16015625 0.19453125 0.0390625 0.059375
3 0.19140625 0.1890625 0.046875 0.059375
1 0.16640625 0.13828125 0.0140625 0.0265625
1 0.196875 0.1265625 0.015625 0.03125
3 0.17421875 0.15 0.0359375 0.0515625
3 0.2046875 0.134375 0.0359375 0.0546875
1 0.2234375 0.09296875 0.0171875 0.03125
0 0.234375 0.09453125 0.046875 0.0484375
1 0.23125 0.05546875 0.015625 0.0265625
1 0.25546875 0.04140625 0.0140625 0.0265625
3 0.23203125 0.0578125 0.0328125 0.046875
3 0.259375 0.053125 0.040625 0.059375
3 0.315625 0.0609375 0.034375 0.0875
1 0.34453125 0.05546875 0.015625 0.0328125
1 0.3546875 0.10546875 0.0234375 0.0375
1 0.40234375 0.11171875 0.021875 0.034375
2 0.3078125 0.1015625 0.0203125 0.0390625
2 0.38203125 0.03046875 0.015625 0.03125
3 0.31328125 0.1234375 0.0546875 0.08125
3 0.35625 0.11171875 0.05 0.0734375
0 0.39765625 0.11484375 0.046875 0.0515625
3 0.346875 0.06171875 0.04375 0.059375
3 0.3859375 0.05234375 0.0453125 0.071875
1 0.41953125 0.0359375 0.015625 0.0296875
1 0.43828125 0.0734375 0.01875 0.03125
1 0.46640625 0.03203125 0.0140625 0.0296875
3 0.421875 0.04921875 0.0421875 0.0515625
3 0.4390625 0.09453125 0.059375 0.0734375
3 0.46328125 0.04453125 0.0421875 0.059375
3 0.50078125 0.040625 0.0484375 0.059375
2 0.52578125 0.065625 0.0203125 0.0328125
3 0.52578125 0.08828125 0.0484375 0.078125
1 0.5421875 0.0234375 0.015625 0.03125
3 0.54296875 0.03671875 0.05 0.0640625
0 0.58984375 0.04375 0.0484375 0.0546875
1 0.61484375 0.06484375 0.021875 0.040625
3 0.61015625 0.07890625 0.0484375 0.0765625
2 0.61796875 0.115625 0.021875 0.0390625
3 0.6171875 0.1421875 0.053125 0.0984375
1 0.67265625 0.13828125 0.0265625 0.046875
0 0.665625 0.15234375 0.0640625 0.0859375
1 0.53515625 0.1375 0.0234375 0.0453125
3 0.53671875 0.153125 0.06875 0.0875
1 0.30859375 0.26015625 0.03125 0.05
1 0.3765625 0.23046875 0.0296875 0.0578125
3 0.31953125 0.275 0.0703125 0.1
3 0.38046875 0.253125 0.078125 0.103125
2 0.496875 0.1921875 0.0265625 0.0515625
3 0.44140625 0.24609375 0.059375 0.0890625
3 0.50078125 0.2296875 0.0859375 0.1296875
1 0.671875 0.22421875 0.025 0.05
0 0.67265625 0.246875 0.0671875 0.1015625
1 0.72890625 0.20625 0.0296875 0.0578125
3 0.725 0.24375 0.0640625 0.1203125
1 0.77421875 0.3390625 0.028125 0.05
0 0.70390625 0.37109375 0.071875 0.1109375
0 0.759375 0.353125 0.06875 0.1
1 0.6375 0.303125 0.0328125 0.0625
1 0.57734375 0.31328125 0.0328125 0.059375
1 0.296875 0.3671875 0.0359375 0.0578125
0 0.309375 0.38828125 0.090625 0.109375
1 0.2390625 0.39453125 0.0296875 0.0484375
1 0.17578125 0.396875 0.03125 0.053125
0 0.240625 0.39453125 0.071875 0.115625
0 0.1875 0.4125 0.06875 0.109375
1 0.13984375 0.5953125 0.0328125 0.0515625
0 0.15 0.5984375 0.071875 0.1
1 0.19765625 0.57578125 0.03125 0.0625
3 0.21015625 0.5734375 0.0875 0.0875
1 0.33984375 0.48984375 0.0359375 0.071875
1 0.41640625 0.47421875 0.0359375 0.0765625
3 0.34921875 0.5453125 0.096875 0.1890625
3 0.43203125 0.50546875 0.090625 0.1515625
1 0.684375 0.4859375 0.040625 0.071875
1 0.7765625 0.52265625 0.0375 0.0671875
3 0.678125 0.51640625 0.0984375 0.1875
0 0.75546875 0.51171875 0.0828125 0.10625
1 0.83984375 0.4828125 0.0390625 0.0640625
3 0.82265625 0.509375 0.0859375 0.1703125
1 0.7171875 0.7046875 0.0453125 0.0796875
3 0.69921875 0.72890625 0.134375 0.18125
1 0.9234375 0.43359375 0.028125 0.05625
3 0.90390625 0.4515625 0.0734375 0.1125
1 0.84375 0.27578125 0.025 0.046875
1 0.88515625 0.28984375 0.0234375 0.0484375
3 0.83671875 0.30703125 0.0578125 0.109375
3 0.88046875 0.31484375 0.053125 0.103125
1 0.76328125 0.134375 0.0234375 0.0390625
1 0.784375 0.1359375 0.01875 0.0390625
3 0.75234375 0.15234375 0.053125 0.0765625
3 0.78515625 0.15234375 0.0359375 0.071875
1 0.72578125 0.0796875 0.021875 0.040625
1 0.76484375 0.0890625 0.0171875 0.0359375
3 0.71875 0.09375 0.046875 0.078125
3 0.7578125 0.1015625 0.04375 0.0625
1 0.69765625 0.0421875 0.0171875 0.0296875
3 0.690625 0.05625 0.0390625 0.0625
2 0.6640625 0.00625 0.015625 0.0125
3 0.6625 0.01875 0.03125 0.0375
1 0.69609375 0.0109375 0.0140625 0.021875
3 0.6921875 0.02421875 0.040625 0.0484375
1 0.10390625 0.76328125 0.0359375 0.0671875
1 0.13671875 0.77578125 0.0421875 0.0609375
3 0.11953125 0.78046875 0.08125 0.1671875
3 0.178125 0.7890625 0.1296875 0.15625