0 0.1390625 0.34453125 0.05390625 0.071875
3 0.1484375 0.240625 0.028125 0.0765625
3 0.19375 0.1640625 0.03125 0.06171875
3 0.22734375 0.165625 0.03984375 0.06171875
3 0.2109375 0.11875 0.02890625 0.04921875
3 0.246875 0.109375 0.03359375 0.05625
3 0.28125 0.06484375 0.03359375 0.05390625
0 0.390625 0.05625 0.0390625 0.053125
3 0.35390625 0.10546875 0.04296875 0.07421875
0 0.39453125 0.096875 0.04140625 0.075
3 0.43203125 0.04375 0.04140625 0.06015625
3 0.46953125 0.04296875 0.03515625 0.04921875
3 0.509375 0.040625 0.03828125 0.0640625
3 0.54765625 0.04375 0.03984375 0.06015625
3 0.590625 0.03828125 0.04296875 0.06875
3 0.63828125 0.0484375 0.04296875 0.05703125
3 0.65390625 0.0984375 0.04375 0.07890625
3 0.56640625 0.090625 0.046875 0.0765625
0 0.70546875 0.1734375 0.06015625 0.08046875
3 0.65625 0.15546875 0.04296875 0.08125
0 0.4703125 0.2453125 0.05390625 0.07578125
3 0.52890625 0.240625 0.07734375 0.11171875
3 0.69765625 0.2484375 0.05703125 0.115625
3 0.75546875 0.27421875 0.0609375 0.11953125
3 0.778125 0.37890625 0.06796875 0.10625
0 0.71640625 0.396875 0.065625 0.10625
0 0.65546875 0.36875 0.0640625 0.1296875
3 0.5890625 0.35703125 0.08125 0.134375
0 0.325 0.36953125 0.08203125 0.1109375
3 0.25703125 0.37265625 0.06640625 0.125
0 0.2 0.390625 0.059375 0.096875
3 0.27265625 0.54140625 0.090625 0.16640625
3 0.42890625 0.5109375 0.09296875 0.18046875
3 0.75859375 0.553125 0.07734375 0.15546875
0 0.825 0.5484375 0.07109375 0.16875
3 0.7125 0.03828125 0.03046875 0.05625
3 0.734375 0.0671875 0.03203125 0.06796875
3 0.80078125 0.13125 0.034375 0.05625
3 0.825 0.18984375 0.03359375 0.071875
3 0.85390625 0.34375 0.053125 0.10703125
0 0.9 0.36640625 0.04609375 0.0859375
3 0.96796875 0.69375 0.0640625 0.090625
3 0.48125 0.09140625 0.04921875 0.0640625
3 0.58203125 0.153125 0.06875 0.11171875
3 0.34453125 0.24140625 0.059375 0.10546875
3 0.40703125 0.24140625 0.06953125 0.103125
3 0.90546875 0.49375 0.06796875 0.10703125
3 0.78828125 0.18203125 0.040625 0.0796875
3 0.76328125 0.12421875 0.03984375 0.08125
3 0.18671875 0.259375 0.0578125 0.18046875
3 0.30703125 0.03046875 0.034375 0.0515625
0 0.3671875 0.02109375 0.03515625 0.040625
3 0.51015625 0.15078125 0.05078125 0.09375
3 0.4546875 0.1515625 0.05546875 0.11015625
3 0.41328125 0.14296875 0.04921875 0.11015625
0 0.1421875 0.55625 0.06640625 0.09296875
3 0.20625 0.54375 0.06953125 0.14296875
3 0.346875 0.51953125 0.06484375 0.16953125
3 0.59296875 0.49453125 0.1109375 0.1640625
3 0.68203125 0.53671875 0.08125 0.184375
3 0.68046875 0.74453125 0.12578125 0.17890625
1 0.125 0.3421875 0.02109375 0.053125
1 0.1484375 0.2234375 0.01953125 0.04375
2 0.17265625 0.1953125 0.02265625 0.05390625
1 0.1890625 0.15078125 0.01484375 0.03046875
1 0.21640625 0.15390625 0.01484375 0.040625
1 0.20390625 0.11328125 0.01484375 0.03125
1 0.23828125 0.10078125 0.01484375 0.03046875
1 0.30390625 0.0203125 0.01484375 0.028125
1 0.35390625 0.090625 0.01640625 0.03828125
1 0.39375 0.08203125 0.0203125 0.04296875
1 0.39609375 0.046875 0.01640625 0.03125
1 0.4609375 0.0359375 0.01484375 0.03125
1 0.48359375 0.07890625 0.0203125 0.040625
1 0.5484375 0.0328125 0.01640625 0.034375
2 0.56953125 0.07109375 0.02109375 0.040625
1 0.58828125 0.0234375 0.01796875 0.034375
1 0.64296875 0.04140625 0.01796875 0.03984375
1 0.66015625 0.08046875 0.01953125 0.040625
1 0.66015625 0.13671875 0.02109375 0.04453125
1 0.70625 0.16328125 0.0234375 0.04453125
2 0.51484375 0.13046875 0.02265625 0.0515625
2 0.4546875 0.11875 0.02421875 0.04609375
2 0.41640625 0.1140625 0.02421875 0.05
1 0.47265625 0.2484375 0.02578125 0.05625
1 0.40546875 0.21796875 0.02890625 0.06015625
1 0.34453125 0.21953125 0.02265625 0.06171875
1 0.1921875 0.37890625 0.02578125 0.0515625
1 0.325 0.35546875 0.0359375 0.065625
1 0.2515625 0.35 0.028125 0.05703125
1 0.5953125 0.340625 0.03125 0.06171875
1 0.78671875 0.35625 0.02578125 0.05859375
1 0.7625 0.24296875 0.0265625 0.0546875
1 0.7 0.21953125 0.02265625 0.05390625
1 0.84140625 0.53125 0.03515625 0.06796875
1 0.77890625 0.51640625 0.03359375 0.06953125
1 0.68515625 0.484375 0.03984375 0.08125
1 0.6046875 0.4578125 0.03671875 0.0734375
2 0.421875 0.46484375 0.04140625 0.08359375
1 0.3453125 0.47578125 0.03046875 0.07421875
1 0.1921875 0.5125 0.03046875 0.06796875
1 0.13203125 0.55625 0.02734375 0.06015625
3 0.08046875 0.85546875 0.1296875 0.28671875
1 0.70390625 0.71875 0.04296875 0.07890625
1 0.9265625 0.47109375 0.02421875 0.05625
1 0.86484375 0.31796875 0.02109375 0.053125
1 0.9125 0.35078125 0.01953125 0.04921875
1 0.7984375 0.1765625 0.01875 0.04453125
1 0.83125 0.171875 0.01796875 0.0390625
1 0.80625 0.11875 0.01484375 0.0359375
1 0.771875 0.10625 0.01953125 0.04140625
2 0.73671875 0.05 0.0140625 0.03125
1 0.7203125 0.0265625 0.01328125 0.03125