3 0.28203125 0.10078125 0.0453125 0.0671875
3 0.31796875 0.09765625 0.05625 0.0828125
3 0.31328125 0.0609375 0.040625 0.05625
3 0.3484375 0.05859375 0.046875 0.065625
3 0.39296875 0.028125 0.0453125 0.05625
0 0.50078125 0.04375 0.05 0.0609375
3 0.45390625 0.08203125 0.059375 0.0828125
0 0.49375 0.08671875 0.05625 0.078125
3 0.5421875 0.040625 0.0546875 0.0765625
3 0.58125 0.05 0.05 0.059375
3 0.6203125 0.05703125 0.053125 0.06875
3 0.65859375 0.06171875 0.05625 0.078125
3 0.69921875 0.0765625 0.0578125 0.0765625
3 0.74296875 0.0984375 0.0515625 0.059375
3 0.74609375 0.1484375 0.0609375 0.08125
0 0.66171875 0.1265625 0.0625 0.0734375
0 0.778125 0.234375 0.078125 0.0921875
3 0.73203125 0.2109375 0.0671875 0.1046875
0 0.5296875 0.24921875 0.075 0.0921875
3 0.5921875 0.26015625 0.096875 0.1203125
3 0.75390625 0.30234375 0.08125 0.115625
3 0.8046875 0.33671875 0.0875 0.13125
3 0.7984375 0.45234375 0.0921875 0.1203125
0 0.73515625 0.4515625 0.0890625 0.11875
0 0.6828125 0.41015625 0.09375 0.140625
3 0.62109375 0.3828125 0.1109375 0.15
0 0.36171875 0.33046875 0.1046875 0.1234375
3 0.29921875 0.31484375 0.084375 0.1359375
0 0.24375 0.31875 0.0796875 0.115625
0 0.26328125 0.49921875 0.1203125 0.15
3 0.42734375 0.51015625 0.1296875 0.16875
0 0.7375 0.6078125 0.1015625 0.1453125
0 0.80390625 0.62578125 0.109375 0.18125
3 0.81875 0.1 0.04375 0.0703125
3 0.834375 0.14921875 0.046875 0.065625
3 0.8796875 0.2140625 0.046875 0.0625
3 0.890625 0.28125 0.04375 0.0703125
3 0.88125 0.434375 0.078125 0.1171875
0 0.92109375 0.46875 0.065625 0.0921875
3 0.90625 0.8 0.0859375 0.10625
3 0.58046875 0.0984375 0.0625 0.075
3 0.6484375 0.1828125 0.071875 0.121875
3 0.41015625 0.2125 0.084375 0.1171875
3 0.471875 0.22734375 0.0921875 0.1171875
3 0.8953125 0.58984375 0.09375 0.128125
3 0.86015625 0.259375 0.065625 0.08125
3 0.846875 0.19921875 0.0578125 0.0890625
3 0.1578125 0.325 0.1265625 0.21875
3 0.4265625 0.0140625 0.04375 0.028125
0 0.48515625 0.0140625 0.0453125 0.028125
3 0.596875 0.1546875 0.0875 0.1171875
3 0.53984375 0.15546875 0.08125 0.115625
3 0.50234375 0.1328125 0.075 0.1171875
0 0.1421875 0.465625 0.090625 0.1234375
3 0.2109375 0.44765625 0.0984375 0.1453125
3 0.34921875 0.48046875 0.1046875 0.1796875
3 0.59140625 0.5171875 0.1296875 0.1875
3 0.66640625 0.57890625 0.1265625 0.196875
3 0.61640625 0.7671875 0.1640625 0.2515625
3 0.21484375 0.2421875 0.1140625 0.2
1 0.2140625 0.4109375 0.04375 0.06875
1 0.259375 0.4734375 0.0484375 0.0703125
1 0.3515625 0.43046875 0.05 0.0796875
1 0.4265625 0.478125 0.05625 0.1
1 0.64375 0.69921875 0.05 0.0859375
2 0.60625 0.47890625 0.0546875 0.0859375
1 0.68671875 0.54296875 0.0546875 0.0875
1 0.7578125 0.59609375 0.0484375 0.075
1 0.821875 0.6125 0.0515625 0.075
1 0.234375 0.30390625 0.04375 0.0625
1 0.3015625 0.3 0.0375 0.059375
1 0.3625 0.3171875 0.0453125 0.06875
1 0.6328125 0.365625 0.0453125 0.065625
1 0.8140625 0.4296875 0.0375 0.0609375
1 0.81796875 0.31015625 0.0390625 0.059375
1 0.7625 0.27890625 0.034375 0.05625
1 0.6015625 0.2453125 0.0375 0.0578125
1 0.53125 0.24453125 0.040625 0.0609375
1 0.475 0.2046875 0.0390625 0.0625
1 0.415625 0.1921875 0.0375 0.0625
2 0.5484375 0.12890625 0.0359375 0.053125
2 0.60078125 0.1265625 0.03125 0.0484375
1 0.6578125 0.153125 0.0359375 0.0546875
1 0.74375 0.18828125 0.03125 0.0484375
1 0.78125 0.22421875 0.03125 0.0484375
1 0.75703125 0.1328125 0.028125 0.04375
1 0.58515625 0.0875 0.028125 0.0421875
1 0.49609375 0.0734375 0.03125 0.046875
2 0.4578125 0.06328125 0.028125 0.0421875
1 0.66953125 0.125 0.0296875 0.040625
1 0.74765625 0.090625 0.025 0.0375
1 0.70078125 0.059375 0.025 0.0375
2 0.66171875 0.04453125 0.0234375 0.0359375
1 0.58359375 0.04140625 0.0234375 0.0328125
1 0.5078125 0.0375 0.021875 0.034375
1 0.49296875 0.00390625 0.0203125 0.0078125
1 0.38515625 0.01484375 0.0234375 0.0296875
1 0.34453125 0.0453125 0.021875 0.0328125
1 0.31015625 0.05234375 0.0203125 0.0328125
1 0.31328125 0.07578125 0.0234375 0.0390625
1 0.28203125 0.0859375 0.021875 0.034375
1 0.92265625 0.5671875 0.0375 0.059375
1 0.93515625 0.46015625 0.03125 0.053125
1 0.896875 0.4125 0.034375 0.0546875
1 0.89765625 0.2703125 0.0265625 0.04375
1 0.88828125 0.20546875 0.0265625 0.0421875
1 0.859375 0.18359375 0.0296875 0.0453125
1 0.84375 0.13828125 0.0234375 0.034375
2 0.8265625 0.0859375 0.0203125 0.0328125
3 0.84609375 0.11015625 0.040625 0.05625
2 0.8484375 0.09921875 0.0203125 0.03125