2 0.075 0.64921875 0.028125 0.06875
3 0.10703125 0.70390625 0.090625 0.1859375
3 0.178125 0.66640625 0.1328125 0.2625
3 0.2078125 0.54453125 0.065625 0.16875
3 0.12421875 0.44375 0.065625 0.15625
1 0.1234375 0.33046875 0.01875 0.040625
3 0.1375 0.33671875 0.0484375 0.05625
1 0.15078125 0.21328125 0.015625 0.0375
3 0.15390625 0.23203125 0.04375 0.0875
1 0.2171875 0.15390625 0.015625 0.0375
1 0.18828125 0.15234375 0.0125 0.0265625
3 0.19375 0.165625 0.03125 0.0546875
3 0.22578125 0.16328125 0.040625 0.05625
1 0.20703125 0.109375 0.009375 0.021875
0 0.2125 0.11796875 0.03125 0.0453125
1 0.23671875 0.0984375 0.0140625 0.0296875
0 0.240625 0.10625 0.021875 0.05
2 0.26328125 0.05390625 0.015625 0.028125
3 0.27265625 0.1375 0.046875 0.20625
0 0.284375 0.03359375 0.021875 0.046875
1 0.30546875 0.0171875 0.0109375 0.0234375
3 0.309375 0.03125 0.0328125 0.05
1 0.36953125 0.01015625 0.0125 0.01875
0 0.36640625 0.01875 0.034375 0.034375
3 0.39296875 0.05078125 0.0375 0.0625
1 0.35625 0.0859375 0.015625 0.03125
3 0.35390625 0.1046875 0.04375 0.0703125
1 0.38828125 0.0859375 0.01875 0.03125
0 0.39140625 0.0984375 0.0375 0.065625
2 0.43203125 0.028125 0.0125 0.028125
3 0.43203125 0.040625 0.040625 0.053125
3 0.46953125 0.04140625 0.03125 0.05
3 0.43515625 0.0859375 0.028125 0.06875
1 0.48125 0.07421875 0.01875 0.034375
0 0.48203125 0.08984375 0.040625 0.065625
3 0.5109375 0.04375 0.034375 0.05625
1 0.54453125 0.01875 0.0125 0.0296875
3 0.546875 0.0328125 0.0390625 0.0625
3 0.57890625 0.04296875 0.065625 0.053125
3 0.63671875 0.04296875 0.0375 0.059375
1 0.66015625 0.0796875 0.015625 0.034375
3 0.653125 0.09375 0.040625 0.06875
1 0.56953125 0.0859375 0.01875 0.03125
0 0.56328125 0.09453125 0.053125 0.059375
2 0.4125 0.10078125 0.0203125 0.0375
3 0.40859375 0.134375 0.0546875 0.10625
3 0.4609375 0.13203125 0.046875 0.10625
2 0.509375 0.1171875 0.01875 0.04375
3 0.51015625 0.14140625 0.05 0.09375
3 0.56640625 0.15546875 0.05 0.1
2 0.66015625 0.13046875 0.01875 0.0375
3 0.65703125 0.15703125 0.0375 0.096875
3 0.70390625 0.16484375 0.05625 0.0875
1 0.759375 0.240625 0.025 0.05
3 0.75234375 0.26875 0.0515625 0.1125
3 0.696875 0.24921875 0.059375 0.13125
3 0.46953125 0.23046875 0.059375 0.1
3 0.52890625 0.23515625 0.065625 0.11875
1 0.40390625 0.21796875 0.021875 0.05
1 0.3515625 0.21796875 0.021875 0.053125
3 0.3484375 0.2484375 0.05625 0.11875
3 0.4078125 0.24140625 0.0625 0.1
1 0.19140625 0.37265625 0.025 0.04375
0 0.19765625 0.38125 0.059375 0.0984375
1 0.2484375 0.36875 0.028125 0.04375
0 0.25390625 0.36875 0.059375 0.109375
1 0.31484375 0.34140625 0.0265625 0.05625
3 0.32265625 0.36796875 0.078125 0.1109375
1 0.59453125 0.32421875 0.028125 0.05625
3 0.58828125 0.35625 0.075 0.140625
1 0.65703125 0.31953125 0.025 0.05625
3 0.65625 0.35703125 0.059375 0.1390625
0 0.7171875 0.39453125 0.0625 0.103125
1 0.78984375 0.36875 0.0234375 0.0484375
0 0.775 0.38125 0.0515625 0.09375
1 0.34140625 0.45625 0.028125 0.071875
3 0.346875 0.509375 0.078125 0.175
1 0.425 0.4796875 0.03125 0.0796875
3 0.434375 0.51796875 0.084375 0.15625
1 0.68671875 0.50546875 0.0328125 0.071875
1 0.77265625 0.553125 0.034375 0.065625
1 0.8390625 0.51875 0.034375 0.0625
3 0.675 0.53828125 0.08125 0.175
3 0.81875 0.54375 0.0703125 0.165625
0 0.753125 0.54140625 0.071875 0.096875
1 0.70703125 0.71796875 0.0375 0.078125
3 0.678125 0.74296875 0.121875 0.1734375
1 0.928125 0.4765625 0.021875 0.0515625
3 0.90703125 0.49609375 0.065625 0.10625
1 0.90625 0.33671875 0.01875 0.04375
1 0.86328125 0.31796875 0.021875 0.046875
3 0.85546875 0.34453125 0.05 0.1015625
3 0.8984375 0.35625 0.04375 0.09375
1 0.79921875 0.15859375 0.0203125 0.0375
1 0.81953125 0.153125 0.015625 0.0359375
3 0.790625 0.17734375 0.040625 0.075
3 0.81953125 0.17734375 0.025 0.0859375
3 0.76328125 0.12265625 0.040625 0.075
3 0.796875 0.1234375 0.0328125 0.05625
1 0.73671875 0.05625 0.0125 0.0296875
3 0.7328125 0.07578125 0.0375 0.06875
1 0.75390625 0.0515625 0.0125 0.025
2 0.71875 0.0203125 0.0125 0.028125
3 0.71328125 0.03203125 0.028125 0.053125