0 0.1078125 0.43671875 0.0625 0.0890625
3 0.1 0.32578125 0.0640625 0.096875
3 0.11796875 0.24921875 0.040625 0.065625
3 0.15859375 0.1828125 0.046875 0.065625
0 0.17890625 0.13984375 0.053125 0.05625
0 0.28671875 0.096875 0.05 0.0609375
3 0.2625 0.153125 0.059375 0.0828125
0 0.3015625 0.1359375 0.059375 0.078125
3 0.3234375 0.0828125 0.05 0.0578125
3 0.359375 0.06484375 0.0484375 0.059375
3 0.39765625 0.05234375 0.053125 0.071875
3 0.4359375 0.0453125 0.053125 0.06875
3 0.4796875 0.0359375 0.059375 0.0703125
3 0.525 0.0296875 0.053125 0.059375
3 0.55 0.06875 0.0625 0.0875
0 0.46640625 0.0921875 0.0625 0.0734375
0 0.6203125 0.13671875 0.0765625 0.09375
3 0.56875 0.134375 0.0671875 0.1046875
3 0.40625 0.25078125 0.078125 0.115625
3 0.46796875 0.24140625 0.09375 0.10625
3 0.63359375 0.215625 0.0734375 0.1
3 0.690625 0.2171875 0.0875 0.1296875
3 0.740625 0.31640625 0.0921875 0.121875
0 0.68515625 0.34765625 0.0890625 0.11875
0 0.61875 0.33515625 0.09375 0.140625
3 0.5515625 0.3390625 0.1109375 0.15
3 0.29609375 0.4140625 0.109375 0.134375
3 0.23203125 0.43515625 0.0875 0.1265625
0 0.18359375 0.46640625 0.0828125 0.1171875
0 0.290625 0.61015625 0.115625 0.146875
3 0.41953125 0.534375 0.1125 0.1703125
0 0.76015625 0.48359375 0.1015625 0.140625
0 0.8265625 0.47109375 0.109375 0.18125
3 0.59453125 0.015625 0.0421875 0.03125
3 0.63046875 0.03359375 0.0484375 0.0671875
3 0.7015625 0.06875 0.046875 0.0609375
3 0.73671875 0.121875 0.0453125 0.0765625
3 0.8078125 0.26171875 0.0734375 0.1171875
0 0.84609375 0.2578125 0.0609375 0.103125
3 0.98046875 0.58515625 0.0390625 0.1171875
3 0.3828125 0.10859375 0.0640625 0.078125
3 0.49296875 0.134375 0.08125 0.1078125
3 0.28828125 0.29453125 0.084375 0.1296875
3 0.34765625 0.2734375 0.0921875 0.1171875
3 0.8921875 0.39375 0.0953125 0.128125
3 0.70390625 0.1203125 0.0640625 0.0859375
3 0.6671875 0.07109375 0.0578125 0.0890625
3 0.2 0.09375 0.0453125 0.0578125
0 0.25546875 0.06796875 0.04375 0.0484375
3 0.428125 0.165625 0.075 0.0890625
3 0.3734375 0.17734375 0.078125 0.109375
3 0.321875 0.1796875 0.0734375 0.109375
0 0.1703125 0.63984375 0.0984375 0.1359375
3 0.21875 0.5890625 0.1015625 0.1421875
3 0.36171875 0.56640625 0.1109375 0.1828125
3 0.61015625 0.4921875 0.1265625 0.1796875
3 0.684375 0.4890625 0.1203125 0.1875
3 0.721875 0.66328125 0.175 0.240625
1 0.09609375 0.4265625 0.03125 0.0484375
1 0.08671875 0.309375 0.0296875 0.0484375
1 0.1125 0.2359375 0.021875 0.034375
3 0.153125 0.28515625 0.0890625 0.1875
1 0.13515625 0.22265625 0.034375 0.0546875
3 0.21328125 0.23125 0.0875 0.153125
1 0.1890625 0.1890625 0.0359375 0.0546875
1 0.14921875 0.1734375 0.0234375 0.0328125
1 0.16796875 0.13671875 0.0234375 0.034375
1 0.25703125 0.1390625 0.0265625 0.0421875
1 0.18828125 0.0875 0.021875 0.03125
1 0.28984375 0.0859375 0.025 0.0390625
1 0.3171875 0.07578125 0.021875 0.0328125
2 0.30859375 0.15546875 0.0359375 0.0546875
0 0.33984375 0.12890625 0.0546875 0.0640625
1 0.34765625 0.1234375 0.0296875 0.04375
1 0.35625 0.05703125 0.021875 0.034375
1 0.3828125 0.0953125 0.028125 0.0390625
1 0.3703125 0.15390625 0.03125 0.05
1 0.42578125 0.15078125 0.0296875 0.046875
1 0.4703125 0.07734375 0.0265625 0.0390625
1 0.47890625 0.02421875 0.0265625 0.040625
1 0.528125 0.0203125 0.028125 0.040625
2 0.54921875 0.05078125 0.028125 0.040625
1 0.5671875 0.10703125 0.03125 0.0484375
1 0.61796875 0.12578125 0.028125 0.046875
1 0.2828125 0.265625 0.0390625 0.065625
1 0.33984375 0.253125 0.0390625 0.0625
1 0.46953125 0.2265625 0.0390625 0.0578125
1 0.63984375 0.203125 0.0375 0.05625
1 0.690625 0.1859375 0.0390625 0.059375
1 0.74375 0.28984375 0.0375 0.0609375
1 0.55390625 0.31796875 0.04375 0.0640625
1 0.28359375 0.39296875 0.0453125 0.0703125
1 0.2328125 0.43359375 0.0390625 0.05625
1 0.171875 0.45859375 0.0390625 0.05625
1 0.15390625 0.61953125 0.0421875 0.0671875
1 0.275 0.59453125 0.0453125 0.065625
1 0.37265625 0.51484375 0.04375 0.0765625
1 0.39453125 0.50234375 0.053125 0.0859375
1 0.628125 0.45390625 0.053125 0.08125
1 0.6828125 0.4546875 0.0515625 0.0859375
1 0.77265625 0.465625 0.046875 0.0734375
1 0.83671875 0.44453125 0.0515625 0.0765625
1 0.90546875 0.36171875 0.0375 0.0609375
1 0.85234375 0.2390625 0.03125 0.05
1 0.81015625 0.2359375 0.034375 0.0546875
1 0.73359375 0.10546875 0.0265625 0.04375
1 0.71171875 0.10234375 0.028125 0.04375
1 0.66875 0.053125 0.0296875 0.0453125
1 0.70546875 0.0578125 0.025 0.0390625
1 0.634375 0.01796875 0.025 0.0359375
1 0.62734375 0.003125 0.0203125 0.00625