0 0.16015625 0.29453125 0.0546875 0.0859375
3 0.19453125 0.1890625 0.05625 0.09375
3 0.23984375 0.12421875 0.034375 0.0640625
3 0.30234375 0.07734375 0.0421875 0.0640625
0 0.3375 0.0453125 0.0484375 0.053125
0 0.453125 0.04609375 0.0453125 0.0578125
3 0.409375 0.08984375 0.0515625 0.0796875
0 0.45234375 0.0875 0.0515625 0.075
3 0.49296875 0.046875 0.046875 0.0546875
3 0.5328125 0.04375 0.04375 0.05625
3 0.5734375 0.04609375 0.046875 0.06875
3 0.6109375 0.05390625 0.0484375 0.065625
3 0.65546875 0.06171875 0.0546875 0.0671875
3 0.7 0.071875 0.0484375 0.0609375
3 0.7078125 0.11875 0.0546875 0.084375
0 0.621875 0.109375 0.05625 0.0703125
0 0.74765625 0.2078125 0.0703125 0.0890625
3 0.70078125 0.18671875 0.0578125 0.1015625
3 0.50703125 0.23359375 0.06875 0.1125
3 0.5671875 0.2484375 0.0859375 0.1
3 0.73046875 0.2859375 0.065625 0.0953125
3 0.78203125 0.309375 0.0765625 0.1265625
3 0.7921875 0.4203125 0.0828125 0.1171875
0 0.72890625 0.428125 0.0796875 0.1140625
0 0.671875 0.39140625 0.08125 0.1375
3 0.6078125 0.3703125 0.0984375 0.14375
3 0.34296875 0.34375 0.0984375 0.128125
3 0.27578125 0.3390625 0.0765625 0.121875
0 0.21953125 0.35 0.0734375 0.1125
0 0.26484375 0.5234375 0.1046875 0.140625
3 0.4125 0.5015625 0.0984375 0.165625
0 0.746875 0.58203125 0.090625 0.1359375
0 0.8140625 0.5953125 0.09375 0.1765625
3 0.775 0.07265625 0.0375 0.059375
3 0.796875 0.115625 0.0421875 0.065625
3 0.8484375 0.17578125 0.0421875 0.059375
3 0.8609375 0.23828125 0.0390625 0.075
3 0.875 0.39375 0.0625 0.1140625
0 0.91171875 0.4046875 0.0515625 0.1015625
3 0.9359375 0.76875 0.0765625 0.1125
3 0.53828125 0.09375 0.0578125 0.0734375
3 0.6296875 0.15859375 0.071875 0.103125
3 0.38125 0.2296875 0.0734375 0.125
3 0.44375 0.2328125 0.0828125 0.1125
3 0.903125 0.54765625 0.084375 0.121875
3 0.83125 0.225 0.0578125 0.0828125
3 0.815625 0.16484375 0.05 0.0859375
3 0.3734375 0.01875 0.040625 0.0375
0 0.434375 0.01484375 0.040625 0.0296875
3 0.55859375 0.1625 0.06875 0.084375
3 0.50390625 0.153125 0.06875 0.1046875
3 0.4546875 0.1359375 0.0640625 0.10625
0 0.14140625 0.50625 0.0859375 0.13125
3 0.20546875 0.4765625 0.0890625 0.1375
3 0.346875 0.51015625 0.0953125 0.178125
3 0.6046875 0.53359375 0.1109375 0.1734375
3 0.675 0.55859375 0.1046875 0.1828125
3 0.64453125 0.734375 0.1546875 0.23125
1 0.153125 0.28046875 0.0265625 0.0484375
1 0.18828125 0.16796875 0.025 0.046875
1 0.23984375 0.11015625 0.01875 0.0328125
3 0.259375 0.17109375 0.0703125 0.1859375
1 0.265625 0.10625 0.0296875 0.053125
3 0.33515625 0.14296875 0.0734375 0.15
1 0.328125 0.0953125 0.03125 0.053125
1 0.296875 0.065625 0.0203125 0.0328125
1 0.328125 0.0390625 0.0203125 0.034375
1 0.41015625 0.07421875 0.0234375 0.040625
1 0.365625 0.0078125 0.01875 0.015625
1 0.46015625 0.0375 0.021875 0.0375
1 0.4890625 0.0375 0.01875 0.03125
2 0.4515625 0.109375 0.03125 0.053125
0 0.490625 0.09609375 0.05 0.0609375
1 0.49921875 0.09375 0.025 0.0421875
1 0.5328125 0.03515625 0.01875 0.0328125
1 0.54296875 0.08046875 0.025 0.0375
1 0.509375 0.13046875 0.028125 0.05
1 0.56171875 0.1484375 0.0265625 0.046875
1 0.63046875 0.096875 0.0234375 0.0375
1 0.65859375 0.0515625 0.0234375 0.0390625
1 0.70625 0.06484375 0.025 0.040625
2 0.7140625 0.1015625 0.025 0.0390625
1 0.709375 0.1609375 0.0265625 0.046875
1 0.74921875 0.19765625 0.025 0.0453125
1 0.38671875 0.2015625 0.0328125 0.0640625
1 0.44375 0.2109375 0.0328125 0.0609375
1 0.57421875 0.23515625 0.034375 0.05625
1 0.74140625 0.27734375 0.0328125 0.053125
1 0.79453125 0.28046875 0.0328125 0.0578125
1 0.8046875 0.396875 0.03125 0.059375
1 0.61796875 0.3515625 0.0375 0.0625
1 0.3390625 0.31953125 0.0390625 0.06875
1 0.27734375 0.33828125 0.034375 0.0546875
1 0.2109375 0.3390625 0.034375 0.0546875
1 0.134375 0.48125 0.0359375 0.065625
1 0.25546875 0.50390625 0.040625 0.0640625
1 0.3765625 0.46640625 0.0375 0.075
1 0.40078125 0.4625 0.0453125 0.084375
1 0.6359375 0.5046875 0.046875 0.0796875
1 0.68671875 0.5265625 0.04375 0.0828125
1 0.765625 0.5703125 0.040625 0.071875
1 0.8328125 0.57421875 0.0453125 0.0734375
1 0.92734375 0.5234375 0.03125 0.059375
1 0.92421875 0.38984375 0.0265625 0.0484375
1 0.88671875 0.37109375 0.028125 0.0546875
1 0.8640625 0.22109375 0.0234375 0.04375
1 0.8453125 0.2109375 0.025 0.0421875
1 0.82421875 0.1484375 0.025 0.04375
1 0.85625 0.16640625 0.021875 0.0390625
1 0.8046875 0.103125 0.021875 0.0359375
1 0.809375 0.07578125 0.0171875 0.03125
2 0.7828125 0.06171875 0.0171875 0.0328125