1 0.12265625 0.334375 0.02109375 0.04453125
3 0.1375 0.34296875 0.0484375 0.0640625
1 0.14296875 0.22578125 0.0171875 0.03671875
3 0.146875 0.24296875 0.03046875 0.075
3 0.18828125 0.25390625 0.05703125 0.171875
1 0.1875 0.1515625 0.01484375 0.028125
3 0.19375 0.1640625 0.03203125 0.053125
1 0.2171875 0.15546875 0.01328125 0.03828125
3 0.2265625 0.16796875 0.03828125 0.06484375
1 0.20625 0.10625 0.01171875 0.02578125
3 0.21171875 0.11875 0.0296875 0.0484375
1 0.23671875 0.10234375 0.0140625 0.0265625
3 0.24609375 0.11171875 0.0328125 0.0453125
1 0.2734375 0.0484375 0.01484375 0.03125
3 0.27890625 0.06171875 0.03515625 0.05546875
1 0.303125 0.0203125 0.01171875 0.02421875
1 0.2765625 0.02109375 0.01328125 0.02421875
3 0.30703125 0.03046875 0.03125 0.0484375
1 0.39140625 0.04375 0.01484375 0.03125
3 0.39140625 0.05390625 0.04140625 0.05078125
1 0.42890625 0.03046875 0.01328125 0.0296875
3 0.43203125 0.04375 0.03984375 0.05546875
1 0.4703125 0.03984375 0.01484375 0.028125
3 0.46953125 0.04375 0.03359375 0.04140625
2 0.5125 0.01796875 0.01328125 0.0296875
3 0.51015625 0.0390625 0.034375 0.071875
1 0.54609375 0.025 0.0140625 0.03125
3 0.54765625 0.03828125 0.03984375 0.05625
1 0.58828125 0.02109375 0.01328125 0.03046875
3 0.590625 0.0390625 0.0390625 0.06484375
3 0.62890625 0.04375 0.03515625 0.05625
1 0.65390625 0.0140625 0.01484375 0.02578125
3 0.6484375 0.02578125 0.03203125 0.04921875
1 0.659375 0.07890625 0.01796875 0.0390625
3 0.65390625 0.09296875 0.040625 0.0734375
1 0.56875 0.0859375 0.01796875 0.03125
3 0.5640625 0.0984375 0.05078125 0.05546875
1 0.48046875 0.0734375 0.0171875 0.03359375
3 0.48125 0.0890625 0.04453125 0.0640625
2 0.43515625 0.06796875 0.01796875 0.034375
3 0.4375 0.0859375 0.0359375 0.06953125
1 0.3921875 0.08828125 0.01953125 0.03828125
3 0.3953125 0.0984375 0.03984375 0.06953125
1 0.35625 0.08671875 0.01640625 0.03125
3 0.35390625 0.10546875 0.04140625 0.0703125
3 0.4125 0.14375 0.04609375 0.09609375
2 0.4625 0.11640625 0.01796875 0.04296875
3 0.45859375 0.14296875 0.05078125 0.09453125
3 0.51015625 0.13828125 0.05390625 0.1
2 0.57265625 0.134375 0.02109375 0.04453125
3 0.56953125 0.1640625 0.05859375 0.1
3 0.65625 0.16015625 0.03984375 0.09453125
2 0.703125 0.14375 0.01796875 0.04296875
3 0.7046875 0.165625 0.05703125 0.08515625
1 0.76015625 0.2390625 0.02421875 0.053125
3 0.75234375 0.26875 0.0515625 0.11328125
1 0.70078125 0.21875 0.02109375 0.0484375
3 0.6984375 0.24375 0.05625 0.1015625
3 0.52890625 0.2359375 0.06953125 0.10546875
2 0.46875 0.20625 0.0234375 0.053125
3 0.46875 0.23046875 0.053125 0.096875
1 0.40390625 0.21796875 0.02421875 0.053125
3 0.40703125 0.2421875 0.06328125 0.096875
1 0.34375 0.21796875 0.02265625 0.0546875
3 0.3484375 0.2484375 0.05859375 0.11953125
1 0.1921875 0.37421875 0.025 0.04375
0 0.19921875 0.38359375 0.0578125 0.10078125
1 0.25 0.3765625 0.02421875 0.04609375
0 0.25625 0.37421875 0.05546875 0.11796875
1 0.3140625 0.3359375 0.028125 0.05625
3 0.32265625 0.36640625 0.08046875 0.11796875
1 0.5953125 0.32578125 0.02734375 0.0609375
3 0.58984375 0.35546875 0.07578125 0.140625
1 0.65703125 0.31875 0.02578125 0.059375
3 0.65625 0.3609375 0.0578125 0.14140625
0 0.7171875 0.39453125 0.06171875 0.1015625
1 0.790625 0.36875 0.0234375 0.05
0 0.775 0.37890625 0.05234375 0.0859375
1 0.8390625 0.51875 0.03046875 0.06328125
3 0.81953125 0.54296875 0.06796875 0.16171875
1 0.771875 0.55546875 0.02890625 0.0640625
0 0.75390625 0.54296875 0.07265625 0.103125
1 0.68515625 0.50625 0.03125 0.06796875
3 0.67578125 0.534375 0.078125 0.17421875
1 0.41796875 0.50078125 0.03046875 0.08125
3 0.428125 0.51953125 0.07890625 0.1234375
1 0.3453125 0.45546875 0.02890625 0.06875
3 0.34765625 0.51171875 0.07578125 0.18125
1 0.2203125 0.44609375 0.03125 0.06328125
3 0.25 0.49609375 0.08984375 0.16328125
3 0.20390625 0.53125 0.07734375 0.09921875
3 0.15 0.55703125 0.0625 0.10546875
1 0.07421875 0.66953125 0.04140625 0.075
3 0.13515625 0.72890625 0.159375 0.20546875
1 0.70703125 0.7203125 0.04453125 0.07421875
3 0.678125 0.74296875 0.12109375 0.16796875
1 0.928125 0.47578125 0.02109375 0.0515625
3 0.90625 0.49375 0.0640625 0.1
1 0.865625 0.3171875 0.01953125 0.0453125
3 0.85625 0.34296875 0.04296875 0.09921875
3 0.9 0.35546875 0.0421875 0.09609375
1 0.79765625 0.1671875 0.01875 0.0359375
3 0.78984375 0.18125 0.0359375 0.06953125
1 0.81953125 0.1546875 0.01640625 0.03515625
3 0.81953125 0.17890625 0.02578125 0.08359375
1 0.76953125 0.10234375 0.01640625 0.03828125
3 0.765625 0.11953125 0.03671875 0.07890625
3 0.796875 0.12890625 0.0328125 0.0546875
1 0.7375 0.0640625 0.01171875 0.02578125
3 0.73515625 0.07890625 0.034375 0.059375
1 0.74765625 0.03046875 0.01015625 0.028125
3 0.74375 0.04375 0.0328125 0.05625
2 0.71640625 0.01796875 0.01328125 0.0265625
3 0.71328125 0.03046875 0.02578125 0.05390625