0 0.11484375 0.42265625 0.0671875 0.08125
3 0.10234375 0.31953125 0.04375 0.08125
3 0.13046875 0.23515625 0.04375 0.0671875
3 0.1640625 0.2296875 0.0515625 0.06875
3 0.13828125 0.1875 0.0390625 0.0546875
3 0.17109375 0.1703125 0.0453125 0.0625
3 0.1953125 0.11953125 0.04375 0.059375
0 0.30078125 0.0890625 0.05 0.059375
3 0.275 0.14453125 0.0578125 0.08125
0 0.31328125 0.12734375 0.05625 0.08125
3 0.33828125 0.06796875 0.053125 0.0671875
3 0.375 0.059375 0.0453125 0.0546875
3 0.41328125 0.0484375 0.05 0.0703125
3 0.4515625 0.04375 0.0515625 0.0671875
3 0.4921875 0.03359375 0.05625 0.0671875
3 0.540625 0.03046875 0.053125 0.0609375
3 0.5671875 0.075 0.059375 0.0859375
3 0.4796875 0.0859375 0.0625 0.084375
0 0.6328125 0.1375 0.075 0.090625
3 0.58125 0.13046875 0.059375 0.0890625
0 0.41796875 0.25703125 0.06875 0.0859375
3 0.47421875 0.240625 0.0984375 0.125
3 0.64140625 0.2125 0.0796875 0.125
3 0.703125 0.22578125 0.084375 0.1296875
3 0.746875 0.3234375 0.0890625 0.11875
0 0.690625 0.35390625 0.0859375 0.1171875
0 0.625 0.3390625 0.0890625 0.140625
3 0.55703125 0.34140625 0.1078125 0.1484375
0 0.3015625 0.40859375 0.103125 0.125
3 0.2359375 0.42578125 0.090625 0.1359375
0 0.18359375 0.45546875 0.078125 0.1078125
3 0.2859375 0.5875 0.1234375 0.18125
3 0.4328125 0.52578125 0.128125 0.1953125
3 0.7640625 0.4984375 0.1078125 0.16875
0 0.828125 0.4796875 0.1046875 0.1796875
3 0.61171875 0.0171875 0.0421875 0.034375
3 0.63828125 0.03203125 0.0453125 0.0640625
3 0.7171875 0.0765625 0.0453125 0.0625
3 0.753125 0.12890625 0.0484375 0.0765625
3 0.8140625 0.2734375 0.0734375 0.115625
0 0.86328125 0.2859375 0.0625 0.09375
3 0.978125 0.59140625 0.04375 0.1015625
3 0.396875 0.10390625 0.0609375 0.0734375
3 0.5078125 0.14375 0.090625 0.1234375
3 0.29453125 0.2796875 0.0796875 0.115625
3 0.35546875 0.26640625 0.0890625 0.115625
3 0.8953125 0.409375 0.0890625 0.11875
3 0.715625 0.12890625 0.05625 0.0859375
3 0.6796875 0.07734375 0.05625 0.0875
3 0.14375 0.3296875 0.09375 0.1890625
3 0.21328125 0.08046875 0.04375 0.0578125
0 0.2703125 0.059375 0.0421875 0.046875
3 0.4375 0.15625 0.06875 0.1015625
3 0.38359375 0.16875 0.0765625 0.11875
3 0.340625 0.16875 0.0703125 0.11875
0 0.16171875 0.6296875 0.084375 0.1046875
3 0.221875 0.60390625 0.0984375 0.1546875
3 0.35390625 0.55078125 0.0984375 0.1796875
3 0.58984375 0.475 0.1421875 0.1828125
3 0.6859375 0.4984375 0.1171875 0.196875
3 0.72734375 0.7015625 0.1609375 0.2015625
1 0.1 0.4234375 0.03125 0.05625
1 0.0984375 0.30234375 0.028125 0.046875
2 0.11640625 0.2703125 0.0328125 0.0578125
1 0.1234375 0.2234375 0.0203125 0.0328125
1 0.15078125 0.2203125 0.0234375 0.0421875
1 0.1296875 0.18359375 0.0203125 0.034375
1 0.1609375 0.1640625 0.0203125 0.0328125
1 0.20859375 0.071875 0.0203125 0.03125
1 0.271875 0.1296875 0.0234375 0.040625
1 0.309375 0.11328125 0.028125 0.046875
1 0.30390625 0.078125 0.021875 0.034375
1 0.365625 0.05390625 0.0203125 0.034375
1 0.39609375 0.09140625 0.028125 0.04375
1 0.45 0.0328125 0.0234375 0.0375
2 0.47890625 0.065625 0.0296875 0.04375
1 0.4875 0.0171875 0.025 0.034375
1 0.54453125 0.021875 0.0265625 0.0421875
1 0.56953125 0.05625 0.028125 0.04375
1 0.58125 0.11171875 0.0296875 0.0484375
1 0.63203125 0.128125 0.0328125 0.0484375
2 0.4375 0.13515625 0.0328125 0.0546875
2 0.3765625 0.13671875 0.0328125 0.05
2 0.33828125 0.13984375 0.034375 0.0546875
1 0.42109375 0.259375 0.0375 0.0609375
1 0.34921875 0.24375 0.040625 0.065625
1 0.28984375 0.2578125 0.034375 0.065625
1 0.1734375 0.4453125 0.0359375 0.05625
1 0.2984375 0.3953125 0.0484375 0.071875
1 0.22578125 0.4046875 0.0390625 0.0609375
1 0.56015625 0.32421875 0.04375 0.0671875
1 0.75078125 0.3 0.0375 0.0625
1 0.703125 0.19375 0.0375 0.059375
1 0.6375 0.184375 0.0328125 0.0578125
1 0.840625 0.459375 0.0484375 0.0734375
1 0.7765625 0.4578125 0.046875 0.075
1 0.678125 0.44609375 0.05625 0.0875
1 0.59375 0.43671875 0.0515625 0.0796875
2 0.41640625 0.48203125 0.0578125 0.090625
1 0.34375 0.50859375 0.0453125 0.0796875
1 0.2015625 0.5765625 0.04375 0.0734375
1 0.1515625 0.63125 0.0390625 0.0640625
3 0.16328125 0.890625 0.1859375 0.21875
1 0.7453125 0.671875 0.0578125 0.0859375
1 0.9109375 0.3828125 0.0359375 0.059375
1 0.81875 0.24609375 0.03125 0.05625
1 0.87265625 0.26796875 0.0296875 0.0515625
1 0.725 0.121875 0.028125 0.046875
1 0.75546875 0.11015625 0.025 0.0421875
1 0.7203125 0.06328125 0.021875 0.0375
1 0.684375 0.05859375 0.028125 0.0453125
2 0.63828125 0.01328125 0.0203125 0.0265625
1 0.6171875 0.00390625 0.01875 0.0078125