1 0.13203125 0.5453125 0.02578125 0.0484375
0 0.14140625 0.55625 0.06171875 0.08828125
1 0.18984375 0.51875 0.0265625 0.059375
3 0.20625 0.54296875 0.06796875 0.11953125
3 0.29140625 0.54296875 0.07265625 0.1640625
2 0.33828125 0.46171875 0.02890625 0.06953125
3 0.3484375 0.53046875 0.05234375 0.209375
3 0.40546875 0.51796875 0.07421875 0.153125
1 0.68359375 0.48515625 0.02890625 0.08125
3 0.68046875 0.53203125 0.0765625 0.175
1 0.77890625 0.515625 0.02890625 0.06171875
3 0.75625 0.553125 0.07109375 0.146875
1 0.84140625 0.53046875 0.03359375 0.0609375
3 0.82578125 0.54765625 0.06484375 0.16953125
3 0.59140625 0.49296875 0.09921875 0.16953125
1 0.78515625 0.353125 0.02265625 0.053125
3 0.77734375 0.38046875 0.0671875 0.1109375
0 0.715625 0.39453125 0.06171875 0.10625
1 0.659375 0.34375 0.02578125 0.059375
0 0.6546875 0.36796875 0.05859375 0.1234375
1 0.5953125 0.340625 0.02734375 0.05390625
3 0.5875 0.35625 0.07421875 0.12890625
1 0.32265625 0.35390625 0.02890625 0.05703125
0 0.32265625 0.36875 0.07890625 0.1
1 0.25 0.37734375 0.0234375 0.046875
0 0.25390625 0.371875 0.059375 0.10625
1 0.19140625 0.37421875 0.02578125 0.04453125
0 0.1984375 0.38125 0.05703125 0.0953125
2 0.346875 0.2125 0.0234375 0.05625
3 0.3453125 0.23671875 0.05625 0.10625
1 0.4015625 0.21796875 0.02421875 0.053125
3 0.40625 0.240625 0.06640625 0.10078125
1 0.46796875 0.2453125 0.0234375 0.05
0 0.46875 0.24375 0.0578125 0.06640625
1 0.53515625 0.21796875 0.02578125 0.0515625
3 0.52890625 0.24375 0.07421875 0.10703125
1 0.70234375 0.21796875 0.0203125 0.04921875
3 0.6984375 0.2515625 0.05625 0.11015625
1 0.76171875 0.2421875 0.0234375 0.053125
3 0.753125 0.26875 0.05390625 0.1140625
1 0.70703125 0.16171875 0.01953125 0.04375
0 0.70546875 0.1734375 0.0578125 0.0796875
1 0.66015625 0.13125 0.01796875 0.04140625
3 0.65625 0.15625 0.04140625 0.08984375
3 0.56953125 0.1484375 0.05703125 0.10703125
1 0.51328125 0.14375 0.01953125 0.0390625
3 0.509375 0.15625 0.05 0.065625
1 0.453125 0.13046875 0.01953125 0.04453125
3 0.4546875 0.15546875 0.05390625 0.09296875
3 0.40859375 0.140625 0.05078125 0.10703125
1 0.35625 0.09765625 0.01640625 0.03203125
0 0.35390625 0.10703125 0.04453125 0.0609375
1 0.3921875 0.08046875 0.01953125 0.0390625
3 0.3953125 0.0984375 0.03671875 0.06953125
1 0.43203125 0.09296875 0.02109375 0.034375
0 0.4375 0.096875 0.0328125 0.04453125
1 0.48125 0.07890625 0.0171875 0.03203125
3 0.47890625 0.09296875 0.05078125 0.0609375
1 0.57265625 0.09375 0.01796875 0.028125
0 0.565625 0.09375 0.0515625 0.05390625
1 0.659375 0.08046875 0.01796875 0.03671875
3 0.653125 0.09921875 0.0421875 0.06953125
1 0.63828125 0.034375 0.01328125 0.03125
3 0.6359375 0.04453125 0.03671875 0.05625
1 0.58828125 0.021875 0.01484375 0.03125
3 0.590625 0.040625 0.0421875 0.06796875
1 0.553125 0.0359375 0.0140625 0.03046875
0 0.54765625 0.04375 0.040625 0.05
1 0.51328125 0.02421875 0.01328125 0.03125
3 0.509375 0.03984375 0.0359375 0.059375
1 0.4625 0.04296875 0.01484375 0.0265625
0 0.46875 0.04375 0.03359375 0.03515625
3 0.43203125 0.04296875 0.04296875 0.05859375
1 0.39453125 0.046875 0.01328125 0.03046875
0 0.390625 0.05546875 0.03671875 0.0484375
1 0.303125 0.01796875 0.01328125 0.025
3 0.30703125 0.03125 0.03359375 0.05078125
2 0.278125 0.02421875 0.01328125 0.03046875
3 0.2828125 0.06171875 0.03515625 0.05546875
1 0.23828125 0.0984375 0.01484375 0.03046875
3 0.246875 0.109375 0.03359375 0.05625
1 0.203125 0.10546875 0.01328125 0.02421875
3 0.21015625 0.11875 0.03046875 0.05
1 0.215625 0.15390625 0.0140625 0.0390625
3 0.22578125 0.16015625 0.03828125 0.05546875
1 0.18828125 0.14765625 0.01328125 0.03046875
3 0.19296875 0.16171875 0.03203125 0.05546875
3 0.153125 0.23125 0.0421875 0.08203125
1 0.1234375 0.3234375 0.02109375 0.04453125
3 0.1375 0.340625 0.04921875 0.0734375
1 0.928125 0.46875 0.02265625 0.0515625
3 0.90625 0.49375 0.06484375 0.10703125
1 0.91328125 0.35390625 0.01875 0.04140625
0 0.9 0.36796875 0.0453125 0.08125
1 0.8640625 0.3171875 0.02109375 0.046875
3 0.85390625 0.34375 0.04765625 0.10390625
1 0.79765625 0.16875 0.01796875 0.03671875
1 0.83203125 0.17265625 0.015625 0.03046875
3 0.78828125 0.18046875 0.03671875 0.06875
3 0.8234375 0.190625 0.03359375 0.065625
1 0.76953125 0.1046875 0.01640625 0.0390625
3 0.76328125 0.11953125 0.03828125 0.078125
2 0.80625 0.11796875 0.0140625 0.034375
3 0.79921875 0.1296875 0.0359375 0.05703125
1 0.74375 0.06484375 0.01484375 0.028125
3 0.734375 0.0796875 0.03671875 0.05703125
1 0.7203125 0.028125 0.0125 0.02890625
3 0.7125 0.040625 0.03046875 0.053125
1 0.74609375 0.03828125 0.0109375 0.0265625
3 0.74375 0.05078125 0.0328125 0.05078125
1 0.70390625 0.71484375 0.03671875 0.07421875
3 0.67734375 0.74296875 0.12109375 0.1734375