1 0.10546875 0.38125 0.0265625 0.046875
3 0.12109375 0.38828125 0.05625 0.06875
1 0.1125 0.27109375 0.021875 0.0390625
3 0.11796875 0.28828125 0.0390625 0.078125
3 0.1609375 0.29375 0.078125 0.178125
1 0.14765625 0.1921875 0.01875 0.0296875
3 0.15546875 0.20390625 0.0375 0.05625
1 0.17734375 0.1921875 0.0171875 0.0390625
3 0.18828125 0.20390625 0.0453125 0.06875
1 0.16015625 0.1453125 0.0140625 0.0265625
3 0.1671875 0.15703125 0.0359375 0.0515625
1 0.18984375 0.1375 0.0171875 0.028125
3 0.20078125 0.1453125 0.0375 0.0484375
1 0.2203125 0.0796875 0.01875 0.0328125
3 0.22734375 0.0921875 0.0421875 0.059375
1 0.24609375 0.04765625 0.0140625 0.025
1 0.21953125 0.0515625 0.015625 0.025
3 0.2515625 0.0578125 0.0375 0.0515625
1 0.33671875 0.06015625 0.01875 0.0328125
3 0.3375 0.0703125 0.046875 0.0546875
1 0.371875 0.04296875 0.0171875 0.03125
3 0.3765625 0.05546875 0.046875 0.059375
1 0.41484375 0.046875 0.01875 0.0296875
3 0.4140625 0.05078125 0.0390625 0.0453125
2 0.45390625 0.0203125 0.0171875 0.03125
3 0.45390625 0.04140625 0.0421875 0.075
1 0.4875 0.02265625 0.0171875 0.0328125
3 0.49140625 0.0359375 0.046875 0.0609375
1 0.52890625 0.01484375 0.0171875 0.0296875
3 0.5328125 0.0328125 0.046875 0.065625
3 0.57265625 0.03125 0.0421875 0.059375
1 0.59296875 0.00625 0.0171875 0.0125
3 0.5890625 0.01875 0.0375 0.0375
1 0.60703125 0.0625 0.021875 0.040625
3 0.603125 0.07734375 0.05 0.078125
1 0.51796875 0.08046875 0.021875 0.0328125
3 0.51484375 0.09375 0.0578125 0.0609375
1 0.42890625 0.07890625 0.021875 0.0359375
3 0.43125 0.09453125 0.0515625 0.06875
2 0.3828125 0.07890625 0.021875 0.0359375
3 0.3875 0.096875 0.04375 0.0734375
1 0.34296875 0.1046875 0.0234375 0.040625
3 0.346875 0.1140625 0.0484375 0.0734375
1 0.30703125 0.10703125 0.0203125 0.0328125
3 0.30703125 0.1265625 0.05 0.075
3 0.36953125 0.15703125 0.0578125 0.1015625
2 0.41640625 0.12421875 0.0234375 0.0453125
3 0.415625 0.15078125 0.0625 0.1
3 0.465625 0.13984375 0.065625 0.10625
2 0.52734375 0.128125 0.0265625 0.046875
3 0.528125 0.1578125 0.0703125 0.10625
3 0.61328125 0.14375 0.0515625 0.0984375
2 0.6578125 0.121875 0.0234375 0.0453125
3 0.6625 0.14296875 0.0671875 0.0921875
1 0.7265625 0.209375 0.03125 0.05625
3 0.72265625 0.23984375 0.065625 0.11875
1 0.66484375 0.19609375 0.0265625 0.05
3 0.665625 0.22109375 0.06875 0.1078125
3 0.496875 0.234375 0.08125 0.1125
2 0.4328125 0.2125 0.0296875 0.05625
3 0.4359375 0.2359375 0.0640625 0.103125
1 0.3703125 0.23203125 0.03125 0.05625
3 0.3765625 0.25546875 0.075 0.103125
1 0.31015625 0.2390625 0.0296875 0.0578125
3 0.31875 0.26875 0.0734375 0.125
1 0.17890625 0.4125 0.0296875 0.046875
0 0.1875 0.42109375 0.0703125 0.1078125
1 0.23671875 0.4078125 0.0296875 0.0484375
0 0.24296875 0.4046875 0.06875 0.1234375
1 0.2953125 0.36015625 0.034375 0.059375
3 0.3078125 0.3890625 0.09375 0.1265625
1 0.5734375 0.315625 0.034375 0.0640625
3 0.571875 0.3453125 0.0921875 0.1484375
1 0.63359375 0.30078125 0.0328125 0.0625
3 0.63828125 0.34296875 0.075 0.146875
0 0.70234375 0.36875 0.0734375 0.1078125
1 0.77265625 0.334375 0.0296875 0.053125
0 0.7578125 0.34609375 0.0625 0.0921875
1 0.8390625 0.47734375 0.0375 0.0671875
3 0.82265625 0.50390625 0.0875 0.16875
1 0.7765625 0.521875 0.0359375 0.0671875
0 0.75703125 0.51171875 0.084375 0.1109375
1 0.684375 0.48359375 0.0390625 0.071875
3 0.67890625 0.5125 0.0984375 0.1828125
1 0.41875 0.5109375 0.040625 0.084375
3 0.43125 0.528125 0.09375 0.1328125
1 0.34140625 0.475 0.0375 0.071875
3 0.35 0.53046875 0.096875 0.1890625
1 0.215625 0.48046875 0.0390625 0.0671875
3 0.2515625 0.5265625 0.109375 0.1734375
3 0.21015625 0.5671875 0.0890625 0.1078125
3 0.159375 0.59921875 0.075 0.1125
1 0.0984375 0.7203125 0.05 0.0796875
3 0.165625 0.771875 0.1828125 0.2234375
1 0.73203125 0.69375 0.053125 0.0796875
3 0.70625 0.71953125 0.140625 0.18125
1 0.921875 0.4234375 0.0265625 0.053125
3 0.90234375 0.44453125 0.075 0.1078125
1 0.840625 0.27421875 0.025 0.046875
3 0.834375 0.30078125 0.0546875 0.103125
3 0.8796875 0.3078125 0.053125 0.1
1 0.7546875 0.13359375 0.0234375 0.0375
3 0.74921875 0.1484375 0.04375 0.0734375
1 0.775 0.11796875 0.0203125 0.0375
3 0.778125 0.1421875 0.0359375 0.0859375
1 0.71875 0.07265625 0.0203125 0.040625
3 0.7171875 0.08984375 0.0453125 0.0828125
3 0.74921875 0.0953125 0.0390625 0.0578125
1 0.6828125 0.03828125 0.0140625 0.0265625
3 0.68203125 0.053125 0.040625 0.0625
1 0.68828125 0.009375 0.0140625 0.01875
3 0.68671875 0.0234375 0.0390625 0.046875
2 0.65546875 0.0046875 0.0171875 0.009375
3 0.65390625 0.01796875 0.0328125 0.0359375