0 0.11328125 0.42578125 0.0640625 0.0875
3 0.10546875 0.31875 0.065625 0.0921875
3 0.13046875 0.23515625 0.04375 0.0671875
3 0.1390625 0.1890625 0.0375 0.0546875
3 0.19765625 0.115625 0.0453125 0.0671875
0 0.30078125 0.08984375 0.05 0.059375
3 0.275 0.14609375 0.05625 0.078125
3 0.31484375 0.12890625 0.0578125 0.0828125
3 0.33828125 0.075 0.0515625 0.0640625
3 0.37578125 0.06328125 0.0484375 0.059375
3 0.4140625 0.0484375 0.05 0.0703125
3 0.4515625 0.04609375 0.053125 0.0640625
3 0.496875 0.03828125 0.059375 0.06875
3 0.54140625 0.0328125 0.0515625 0.065625
3 0.56640625 0.0765625 0.05625 0.08125
0 0.4828125 0.09140625 0.0625 0.0765625
0 0.63359375 0.13984375 0.075 0.090625
3 0.58046875 0.13515625 0.0640625 0.1078125
0 0.41796875 0.26328125 0.071875 0.096875
3 0.4765625 0.24375 0.0921875 0.1140625
3 0.63828125 0.21484375 0.0921875 0.146875
3 0.7 0.225 0.084375 0.1296875
3 0.7484375 0.32578125 0.0890625 0.11875
0 0.6921875 0.3546875 0.0859375 0.1171875
0 0.62578125 0.33984375 0.0890625 0.140625
3 0.5578125 0.34296875 0.109375 0.1546875
3 0.30078125 0.40703125 0.1078125 0.1453125
0 0.234375 0.43203125 0.0890625 0.1390625
0 0.18515625 0.45390625 0.0796875 0.1171875
0 0.28671875 0.6 0.1140625 0.153125
3 0.43828125 0.54140625 0.125 0.16875
0 0.76171875 0.49375 0.0984375 0.14375
0 0.82734375 0.48203125 0.1078125 0.18125
3 0.61171875 0.0171875 0.0421875 0.034375
3 0.646875 0.0375 0.0453125 0.0625
3 0.715625 0.07578125 0.04375 0.059375
3 0.75 0.12265625 0.040625 0.084375
3 0.8140625 0.275 0.0734375 0.115625
0 0.85625 0.2703125 0.059375 0.1
3 0.978125 0.59921875 0.04375 0.1046875
3 0.396875 0.1046875 0.0625 0.0765625
0 0.50234375 0.1609375 0.078125 0.0921875
3 0.2953125 0.2890625 0.084375 0.13125
3 0.35546875 0.2671875 0.0890625 0.115625
3 0.8953125 0.40859375 0.0890625 0.1234375
3 0.71875 0.1265625 0.0640625 0.0828125
3 0.68046875 0.07734375 0.05625 0.0875
3 0.21484375 0.08203125 0.04375 0.059375
0 0.2703125 0.06015625 0.04375 0.05
3 0.440625 0.165625 0.075 0.09375
3 0.38515625 0.171875 0.0765625 0.1109375
3 0.325 0.18046875 0.0828125 0.10625
0 0.16875 0.615625 0.075 0.0921875
3 0.22265625 0.57890625 0.0875 0.146875
3 0.35234375 0.55546875 0.1046875 0.1828125
3 0.60625 0.4828125 0.1296875 0.1796875
3 0.68671875 0.49921875 0.1171875 0.19375
3 0.7171875 0.68984375 0.1609375 0.2296875
1 0.1 0.41640625 0.03125 0.05
1 0.12421875 0.22109375 0.0203125 0.0328125
1 0.134375 0.18125 0.0203125 0.0328125
3 0.17890625 0.25625 0.090625 0.20625
3 0.21484375 0.19375 0.0859375 0.1359375
1 0.20546875 0.1546875 0.0296875 0.05
1 0.2078125 0.075 0.0203125 0.03125
1 0.27265625 0.05078125 0.0203125 0.0265625
1 0.30390625 0.078125 0.021875 0.0359375
1 0.30859375 0.11171875 0.028125 0.04375
1 0.2703125 0.13046875 0.0265625 0.0390625
0 0.3546875 0.125 0.05625 0.0640625
1 0.36015625 0.11953125 0.028125 0.0421875
1 0.3328125 0.0640625 0.01875 0.0328125
1 0.38359375 0.14765625 0.034375 0.0546875
1 0.43828125 0.14921875 0.03125 0.05
1 0.396875 0.0921875 0.0265625 0.040625
1 0.37421875 0.053125 0.021875 0.0359375
1 0.41484375 0.03359375 0.0234375 0.0359375
1 0.45390625 0.0359375 0.0234375 0.034375
1 0.49296875 0.146875 0.0328125 0.05
1 0.48515625 0.07734375 0.0265625 0.040625
1 0.49609375 0.0265625 0.025 0.0390625
1 0.5421875 0.02265625 0.0234375 0.0390625
1 0.56875 0.0578125 0.0265625 0.0421875
1 0.5796875 0.10859375 0.0296875 0.046875
1 0.63046875 0.13125 0.0296875 0.046875
1 0.7015625 0.1921875 0.0390625 0.0609375
1 0.4796875 0.22890625 0.0390625 0.0578125
1 0.41953125 0.2484375 0.0375 0.0578125
1 0.3484375 0.246875 0.0375 0.0640625
1 0.290625 0.26015625 0.0359375 0.0625
1 0.171875 0.4453125 0.0375 0.053125
1 0.28046875 0.38125 0.04375 0.06875
1 0.56015625 0.31796875 0.04375 0.0703125
1 0.75078125 0.3 0.0359375 0.0609375
1 0.8390625 0.4578125 0.05 0.075
1 0.77421875 0.475 0.046875 0.075
1 0.6890625 0.46640625 0.0546875 0.0859375
1 0.425 0.51015625 0.05 0.09375
1 0.33828125 0.51015625 0.0453125 0.078125
1 0.26953125 0.57578125 0.0453125 0.0703125
1 0.2046875 0.55078125 0.0453125 0.0734375
1 0.7171875 0.625 0.0515625 0.084375
1 0.81875 0.246875 0.0328125 0.0546875
1 0.86171875 0.253125 0.028125 0.0515625
1 0.74609375 0.10234375 0.025 0.040625
1 0.684375 0.059375 0.028125 0.046875
1 0.72109375 0.065625 0.021875 0.0390625
1 0.6515625 0.02421875 0.021875 0.0328125