1 0.125 0.33046875 0.0171875 0.0390625
3 0.13828125 0.34296875 0.04609375 0.065625
1 0.1453125 0.2140625 0.01640625 0.0390625
3 0.15546875 0.23203125 0.0390625 0.0859375
1 0.18828125 0.146875 0.0125 0.03046875
1 0.2171875 0.1546875 0.01328125 0.03671875
3 0.19375 0.16171875 0.0328125 0.05625
3 0.22578125 0.1609375 0.0375 0.05625
1 0.2078125 0.11015625 0.0125 0.03125
1 0.2390625 0.1015625 0.0125 0.0265625
3 0.21328125 0.11875 0.02890625 0.0484375
3 0.24375 0.1140625 0.03828125 0.053125
1 0.26484375 0.06875 0.0140625 0.028125
0 0.27734375 0.0734375 0.0390625 0.04453125
1 0.27578125 0.02890625 0.01328125 0.0265625
0 0.278125 0.0359375 0.03046875 0.04375
1 0.30390625 0.01796875 0.01171875 0.025
3 0.30703125 0.03125 0.03125 0.05078125
1 0.39453125 0.04765625 0.01484375 0.03046875
1 0.35703125 0.08046875 0.01484375 0.03359375
1 0.39453125 0.084375 0.01640625 0.03046875
1 0.44140625 0.10390625 0.01640625 0.02890625
1 0.4296875 0.03046875 0.01484375 0.028125
3 0.35390625 0.0984375 0.040625 0.06953125
3 0.39453125 0.0984375 0.03828125 0.06953125
0 0.390625 0.05625 0.0375 0.046875
3 0.42890625 0.04375 0.04296875 0.05703125
0 0.43515625 0.11015625 0.040625 0.04453125
1 0.46796875 0.03046875 0.0109375 0.028125
3 0.46875 0.04296875 0.0359375 0.046875
1 0.48515625 0.07734375 0.01875 0.034375
3 0.48125 0.09140625 0.0515625 0.0609375
1 0.5171875 0.03125 0.01328125 0.02890625
3 0.51171875 0.04296875 0.03828125 0.05625
1 0.553125 0.03671875 0.01484375 0.03125
0 0.55 0.04296875 0.04140625 0.0453125
1 0.565625 0.07890625 0.0171875 0.034375
3 0.56953125 0.09375 0.04375 0.06328125
1 0.59140625 0.03046875 0.01484375 0.03359375
0 0.59375 0.04296875 0.04609375 0.05625
1 0.64453125 0.04140625 0.01328125 0.028125
3 0.63828125 0.0515625 0.0375 0.04921875
1 0.65078125 0.07109375 0.01796875 0.0359375
3 0.65078125 0.09296875 0.04296875 0.07421875
1 0.66015625 0.1359375 0.01796875 0.04375
3 0.6546875 0.16171875 0.04296875 0.09296875
1 0.70703125 0.165625 0.02109375 0.03671875
0 0.70546875 0.178125 0.0578125 0.08046875
3 0.5875 0.14765625 0.053125 0.08203125
3 0.50703125 0.1515625 0.053125 0.0859375
3 0.45390625 0.15625 0.05390625 0.084375
3 0.403125 0.16328125 0.05234375 0.09921875
1 0.2703125 0.171875 0.01796875 0.03828125
1 0.3015625 0.1640625 0.02265625 0.03984375
0 0.26875 0.18984375 0.04765625 0.07578125
0 0.31328125 0.19140625 0.04921875 0.09609375
1 0.33828125 0.21796875 0.02109375 0.05625
1 0.40078125 0.21875 0.025 0.0515625
3 0.34140625 0.25 0.06171875 0.11875
3 0.40625 0.2421875 0.06484375 0.0953125
1 0.46875 0.240625 0.0234375 0.04453125
1 0.5328125 0.21796875 0.02421875 0.04921875
0 0.46875 0.24375 0.05390625 0.075
3 0.53125 0.24296875 0.06953125 0.09453125
1 0.70078125 0.24375 0.021875 0.0484375
1 0.759375 0.2421875 0.0234375 0.04921875
3 0.696875 0.26484375 0.0578125 0.090625
3 0.75234375 0.26953125 0.05234375 0.11171875
1 0.78515625 0.375 0.02421875 0.04453125
0 0.778125 0.390625 0.0703125 0.08671875
0 0.715625 0.39296875 0.06171875 0.09921875
0 0.6546875 0.36875 0.06015625 0.12421875
1 0.59453125 0.334375 0.02578125 0.05625
3 0.5875 0.359375 0.075 0.13125
1 0.3171875 0.346875 0.02578125 0.05546875
3 0.32265625 0.36875 0.07890625 0.1
1 0.19140625 0.3796875 0.025 0.0484375
1 0.253125 0.3671875 0.02265625 0.04921875
0 0.2 0.3890625 0.05703125 0.096875
0 0.253125 0.37890625 0.0609375 0.1046875
1 0.1484375 0.55625 0.02578125 0.053125
0 0.15703125 0.565625 0.08046875 0.1
1 0.1875 0.5171875 0.028125 0.05859375
3 0.20703125 0.5421875 0.06796875 0.11015625
1 0.26328125 0.50546875 0.03203125 0.06328125
3 0.27109375 0.51875 0.0859375 0.1140625
3 0.34609375 0.53515625 0.0734375 0.1796875
1 0.40625 0.48046875 0.0359375 0.0703125
3 0.41953125 0.51796875 0.07578125 0.14921875
3 0.6828125 0.534375 0.08359375 0.16875
1 0.59453125 0.4765625 0.03359375 0.06953125
3 0.59140625 0.50078125 0.1 0.16953125
1 0.78125 0.51640625 0.03046875 0.06015625
1 0.83828125 0.5265625 0.03125 0.0609375
3 0.76015625 0.55234375 0.07421875 0.13984375
0 0.8234375 0.54375 0.06328125 0.1515625
1 0.67421875 0.65703125 0.0296875 0.071875
3 0.665625 0.73125 0.1109375 0.21796875
1 0.92734375 0.46640625 0.02265625 0.053125
3 0.90546875 0.49375 0.0640625 0.109375
1 0.86328125 0.31640625 0.01875 0.0484375
1 0.89375 0.3140625 0.0171875 0.03984375
3 0.8546875 0.34375 0.04765625 0.10390625
3 0.8875 0.334375 0.02734375 0.08125
1 0.803125 0.16640625 0.0171875 0.03671875
3 0.78828125 0.18125 0.04609375 0.06796875
1 0.8296875 0.17890625 0.01640625 0.03828125
3 0.82421875 0.19140625 0.0265625 0.06171875
1 0.77109375 0.10546875 0.0171875 0.0390625
1 0.80546875 0.11640625 0.01171875 0.03359375
3 0.7625 0.1234375 0.0421875 0.07109375
3 0.8 0.12890625 0.03203125 0.05859375
1 0.746875 0.065625 0.01328125 0.0296875
3 0.73828125 0.078125 0.03359375 0.0546875
2 0.7140625 0.01796875 0.0125 0.02890625
3 0.7125 0.03125 0.02578125 0.0546875