1 0.67265625 0.65546875 0.03203125 0.07578125
3 0.66953125 0.7203125 0.10859375 0.2109375
1 0.83828125 0.53125 0.02890625 0.0609375
0 0.825 0.54375 0.06953125 0.1515625
1 0.7734375 0.53046875 0.03046875 0.0609375
0 0.75625 0.54453125 0.0671875 0.12421875
1 0.6859375 0.49921875 0.03359375 0.0703125
3 0.68359375 0.53046875 0.07890625 0.16640625
1 0.59453125 0.45546875 0.03359375 0.07421875
3 0.59765625 0.49765625 0.1 0.15625
1 0.42421875 0.48828125 0.0296875 0.075
3 0.42890625 0.528125 0.08828125 0.1546875
1 0.34140625 0.48125 0.02890625 0.06796875
3 0.346875 0.5296875 0.0734375 0.16484375
0 0.24765625 0.54296875 0.11953125 0.153125
1 0.1953125 0.503125 0.02578125 0.059375
3 0.20625 0.5265625 0.046875 0.109375
0 0.15625 0.54765625 0.0734375 0.09375
1 0.190625 0.3796875 0.0234375 0.04609375
0 0.2 0.39140625 0.05625 0.096875
1 0.2546875 0.371875 0.02265625 0.04453125
0 0.2546875 0.3765625 0.06171875 0.1109375
1 0.3171875 0.34296875 0.02734375 0.06015625
0 0.325 0.36875 0.07734375 0.10546875
1 0.596875 0.33046875 0.0296875 0.0609375
3 0.58828125 0.35625 0.07421875 0.12890625
0 0.65390625 0.36796875 0.06015625 0.125
0 0.71640625 0.39375 0.06015625 0.10078125
1 0.7875 0.3734375 0.0234375 0.0453125
0 0.778125 0.3890625 0.06953125 0.08671875
1 0.7046875 0.234375 0.02109375 0.04453125
3 0.6984375 0.2578125 0.059375 0.096875
1 0.76015625 0.23125 0.02265625 0.05390625
3 0.753125 0.26875 0.05234375 0.121875
1 0.5328125 0.22578125 0.02109375 0.04921875
3 0.53125 0.24296875 0.07109375 0.103125
1 0.46875 0.2375 0.0234375 0.04375
0 0.46640625 0.24375 0.05390625 0.07421875
1 0.40625 0.21875 0.02421875 0.05390625
3 0.40625 0.24140625 0.0640625 0.0984375
1 0.33828125 0.21171875 0.02109375 0.05546875
3 0.34375 0.2421875 0.0609375 0.1140625
1 0.2671875 0.178125 0.01640625 0.03671875
0 0.26640625 0.190625 0.05078125 0.078125
2 0.303125 0.13125 0.01953125 0.04375
3 0.3171875 0.15703125 0.05 0.096875
1 0.40625 0.13046875 0.01953125 0.0484375
3 0.4046875 0.15546875 0.04921875 0.1
1 0.459375 0.13125 0.01953125 0.046875
3 0.45546875 0.15546875 0.0515625 0.09453125
1 0.50703125 0.1234375 0.01796875 0.04453125
3 0.50859375 0.1484375 0.0515625 0.09375
3 0.575 0.15234375 0.0453125 0.1140625
1 0.659375 0.1359375 0.0171875 0.04296875
3 0.65390625 0.16171875 0.04296875 0.09375
1 0.709375 0.16875 0.01953125 0.03671875
0 0.70625 0.17578125 0.0578125 0.07421875
2 0.640625 0.08046875 0.01640625 0.03671875
3 0.6421875 0.096875 0.06171875 0.06953125
1 0.5671875 0.08046875 0.01640625 0.03359375
0 0.56640625 0.09375 0.040625 0.06328125
1 0.48359375 0.07890625 0.0171875 0.03515625
3 0.47890625 0.09140625 0.04921875 0.0609375
1 0.440625 0.1046875 0.0171875 0.028125
0 0.43515625 0.109375 0.03984375 0.04375
1 0.3953125 0.0859375 0.01875 0.03203125
3 0.3953125 0.09921875 0.03671875 0.06875
1 0.35703125 0.08125 0.01484375 0.034375
3 0.35703125 0.0984375 0.03984375 0.06875
1 0.3953125 0.0484375 0.01484375 0.03046875
0 0.390625 0.05546875 0.03828125 0.0484375
3 0.43125 0.04609375 0.04453125 0.0609375
1 0.46875 0.03046875 0.0125 0.0296875
3 0.4703125 0.04140625 0.034375 0.05078125
1 0.51328125 0.03046875 0.01328125 0.03125
3 0.5125 0.04296875 0.03671875 0.0546875
1 0.546875 0.03046875 0.0140625 0.03359375
3 0.55078125 0.04296875 0.040625 0.05703125
1 0.5953125 0.03203125 0.015625 0.03359375
0 0.59375 0.04375 0.0453125 0.05546875
1 0.64375 0.03984375 0.015625 0.03671875
3 0.63828125 0.04921875 0.03984375 0.05546875
1 0.928125 0.465625 0.02109375 0.05078125
3 0.90859375 0.49140625 0.0578125 0.109375
1 0.86328125 0.3171875 0.01796875 0.0453125
3 0.8546875 0.34375 0.046875 0.1015625
1 0.89453125 0.31875 0.01875 0.040625
3 0.8875 0.334375 0.03203125 0.08046875
1 0.803125 0.165625 0.0171875 0.03984375
3 0.78828125 0.1796875 0.04453125 0.0703125
1 0.83125 0.18203125 0.01640625 0.03828125
3 0.8234375 0.19296875 0.03046875 0.06015625
1 0.77109375 0.10625 0.01640625 0.03828125
3 0.76328125 0.1234375 0.03984375 0.0796875
1 0.8046875 0.115625 0.0125 0.03359375
3 0.8015625 0.12890625 0.03203125 0.06171875
1 0.7453125 0.06640625 0.0125 0.02578125
3 0.73828125 0.07890625 0.03203125 0.0515625
1 0.75234375 0.04375 0.01328125 0.021875
0 0.7453125 0.053125 0.03359375 0.040625
1 0.71484375 0.01953125 0.01328125 0.028125
3 0.71328125 0.03125 0.02578125 0.04921875
0 0.3671875 0.01953125 0.034375 0.03828125
1 0.3046875 0.01875 0.0125 0.02578125
3 0.30859375 0.03046875 0.0328125 0.0515625
1 0.28125 0.03046875 0.0140625 0.02890625
3 0.27890625 0.0359375 0.028125 0.04453125
1 0.26328125 0.06875 0.01484375 0.028125
0 0.278125 0.07109375 0.04140625 0.0390625
2 0.2421875 0.0859375 0.01171875 0.03046875
3 0.246875 0.10546875 0.0328125 0.071875
1 0.20625 0.1109375 0.01171875 0.03125
3 0.2125 0.11875 0.0265625 0.046875
1 0.21640625 0.15625 0.01484375 0.0359375
3 0.22578125 0.16640625 0.03984375 0.05625
1 0.18828125 0.146875 0.01328125 0.03125
3 0.19296875 0.16171875 0.03203125 0.05625
2 0.14921875 0.2015625 0.0171875 0.040625
3 0.15703125 0.22578125 0.04375 0.09453125
1 0.1234375 0.33046875 0.01953125 0.0390625
3 0.13828125 0.34375 0.046875 0.0703125