1 0.16796875 0.25859375 0.028125 0.0453125
3 0.17890625 0.271875 0.0609375 0.0734375
1 0.2171875 0.13984375 0.0265625 0.0421875
3 0.2203125 0.16484375 0.0515625 0.090625
1 0.29765625 0.0921875 0.021875 0.0375
1 0.26875 0.09140625 0.01875 0.03125
3 0.26953125 0.1078125 0.04375 0.065625
3 0.30390625 0.109375 0.0515625 0.075
1 0.29453125 0.06015625 0.0171875 0.0265625
3 0.29765625 0.0671875 0.034375 0.0484375
1 0.33359375 0.0421875 0.0171875 0.03125
3 0.334375 0.0578125 0.04375 0.065625
1 0.359375 0.028125 0.01875 0.028125
0 0.37265625 0.03671875 0.05 0.05
3 0.38125 0.01171875 0.0375 0.0234375
3 0.409375 0.01484375 0.04375 0.0296875
0 0.46953125 0.0125 0.0421875 0.025
1 0.49140625 0.0375 0.01875 0.03125
0 0.484375 0.04296875 0.046875 0.0546875
3 0.53125 0.040625 0.0484375 0.0671875
1 0.565625 0.034375 0.01875 0.0328125
3 0.565625 0.04453125 0.0453125 0.05625
1 0.61015625 0.0453125 0.0203125 0.034375
3 0.60546875 0.05703125 0.0484375 0.065625
1 0.6484375 0.059375 0.0203125 0.0328125
0 0.64375 0.0671875 0.0515625 0.0578125
1 0.6890625 0.0640625 0.0203125 0.0328125
0 0.6859375 0.07578125 0.05625 0.0625
1 0.73515625 0.08359375 0.0203125 0.03125
3 0.72890625 0.0921875 0.0484375 0.0578125
1 0.7265625 0.125 0.021875 0.0390625
0 0.725 0.140625 0.0703125 0.075
1 0.65390625 0.109375 0.0234375 0.034375
0 0.65234375 0.1171875 0.05625 0.06875
1 0.57265625 0.08515625 0.025 0.0359375
3 0.5640625 0.09609375 0.0609375 0.0703125
1 0.52421875 0.10078125 0.0234375 0.034375
0 0.51796875 0.10234375 0.046875 0.0484375
1 0.48359375 0.07421875 0.0265625 0.0375
3 0.48125 0.0859375 0.0515625 0.0765625
1 0.4484375 0.0625 0.021875 0.0375
3 0.44296875 0.08046875 0.0515625 0.0765625
1 0.33828125 0.13671875 0.025 0.040625
0 0.3359375 0.1484375 0.0671875 0.0859375
3 0.3921875 0.13125 0.071875 0.1171875
3 0.475 0.14765625 0.071875 0.1125
1 0.525 0.13125 0.0296875 0.046875
3 0.528125 0.15234375 0.0703125 0.09375
3 0.58359375 0.15546875 0.075 0.10625
1 0.659375 0.15546875 0.028125 0.0421875
3 0.65 0.1734375 0.0703125 0.0921875
1 0.73203125 0.178125 0.0265625 0.04375
3 0.72109375 0.19921875 0.0609375 0.096875
1 0.77265625 0.2140625 0.0265625 0.0421875
0 0.76796875 0.2265625 0.0734375 0.0890625
1 0.80859375 0.30234375 0.034375 0.0546875
1 0.75 0.290625 0.028125 0.05
3 0.74296875 0.30859375 0.075 0.1015625
3 0.79453125 0.3296875 0.0734375 0.1203125
1 0.52265625 0.2421875 0.028125 0.0453125
1 0.58984375 0.2359375 0.03125 0.053125
0 0.52265625 0.24453125 0.0703125 0.0890625
3 0.584375 0.25859375 0.090625 0.1140625
1 0.4109375 0.2015625 0.0328125 0.0578125
1 0.46328125 0.2046875 0.034375 0.0578125
3 0.3984375 0.2265625 0.0828125 0.1171875
3 0.4625 0.22734375 0.084375 0.1109375
1 0.22265625 0.3171875 0.0359375 0.053125
1 0.28515625 0.32265625 0.03125 0.05
0 0.23046875 0.32890625 0.0765625 0.1109375
0 0.28515625 0.3296875 0.0828125 0.115625
1 0.35234375 0.3140625 0.0375 0.0609375
3 0.35546875 0.33515625 0.096875 0.1140625
3 0.3546875 0.3328125 0.096875 0.1140625
3 0.35390625 0.33046875 0.096875 0.1140625
1 0.62890625 0.3578125 0.0375 0.059375
3 0.615625 0.3765625 0.1 0.140625
0 0.6796875 0.403125 0.084375 0.1328125
0 0.73359375 0.44296875 0.0828125 0.1140625
1 0.8078125 0.434375 0.0328125 0.053125
0 0.796875 0.4515625 0.0828125 0.1015625
1 0.7609375 0.58828125 0.04375 0.06875
1 0.821875 0.60078125 0.0453125 0.065625
0 0.740625 0.59921875 0.09375 0.1375
0 0.8078125 0.6109375 0.1 0.159375
3 0.6703125 0.56875 0.1125 0.18125
1 0.59765625 0.47265625 0.0484375 0.0765625
3 0.6015625 0.51875 0.1234375 0.175
1 0.428125 0.47890625 0.046875 0.084375
1 0.3484375 0.44921875 0.040625 0.06875
3 0.34375 0.4984375 0.10625 0.1765625
3 0.42578125 0.515625 0.1203125 0.1671875
1 0.2046875 0.44375 0.0359375 0.0609375
0 0.26015625 0.475 0.11875 0.1359375
3 0.20546875 0.47109375 0.06875 0.128125
3 0.14921875 0.471875 0.0890625 0.121875
1 0.63515625 0.6859375 0.0484375 0.084375
3 0.61875 0.75234375 0.1484375 0.2328125
1 0.925 0.55546875 0.0328125 0.0546875
3 0.9 0.57890625 0.08125 0.1140625
1 0.89296875 0.396875 0.028125 0.0484375
3 0.87890625 0.42109375 0.06875 0.109375
1 0.9234375 0.39921875 0.0265625 0.04375
3 0.91328125 0.41796875 0.0453125 0.0890625
1 0.86484375 0.23359375 0.0234375 0.040625
3 0.84921875 0.24765625 0.05625 0.0796875
3 0.88203125 0.265625 0.040625 0.0703125
1 0.890625 0.2515625 0.0203125 0.0359375
1 0.846875 0.1703125 0.0234375 0.0390625
3 0.8359375 0.18671875 0.0546875 0.08125
1 0.878125 0.18984375 0.01875 0.0328125
1 0.87109375 0.2 0.04375 0.0625
1 0.83046875 0.128125 0.01875 0.03125
3 0.82265625 0.1375 0.0421875 0.05625
1 0.84140625 0.10546875 0.0171875 0.0265625
3 0.80390625 0.09609375 0.0390625 0.059375