1 0.103125 0.39140625 0.0234375 0.040625
3 0.11796875 0.4015625 0.05625 0.071875
1 0.1046875 0.2734375 0.021875 0.040625
3 0.11796875 0.2890625 0.0515625 0.090625
1 0.13671875 0.2 0.0171875 0.0328125
1 0.16640625 0.203125 0.01875 0.0390625
3 0.14453125 0.2140625 0.040625 0.0609375
3 0.17578125 0.2078125 0.0453125 0.0609375
1 0.15078125 0.1609375 0.0171875 0.0328125
1 0.1796875 0.14765625 0.0171875 0.028125
3 0.15703125 0.16796875 0.0359375 0.053125
3 0.18671875 0.15859375 0.046875 0.0578125
1 0.2 0.1109375 0.01875 0.0296875
0 0.21328125 0.11328125 0.0453125 0.05
1 0.2046875 0.06953125 0.0171875 0.028125
0 0.20859375 0.0765625 0.0375 0.0484375
1 0.23125 0.0546875 0.015625 0.0265625
3 0.2359375 0.0671875 0.0390625 0.0546875
1 0.325 0.06953125 0.01875 0.0328125
1 0.29296875 0.1078125 0.0203125 0.0359375
1 0.33046875 0.10625 0.0203125 0.0328125
1 0.38046875 0.11796875 0.0203125 0.03125
1 0.35703125 0.046875 0.01875 0.0296875
3 0.29296875 0.1265625 0.0515625 0.075
3 0.3328125 0.11953125 0.0484375 0.075
0 0.32265625 0.07890625 0.04375 0.0515625
3 0.35859375 0.06015625 0.0515625 0.0625
0 0.375 0.125 0.046875 0.05
1 0.39453125 0.04140625 0.015625 0.0296875
3 0.39765625 0.053125 0.0421875 0.0515625
1 0.41953125 0.08515625 0.0234375 0.0375
3 0.4171875 0.09921875 0.0609375 0.06875
1 0.44375 0.034375 0.0171875 0.03125
3 0.43984375 0.046875 0.046875 0.0609375
1 0.4796875 0.034375 0.0203125 0.0328125
0 0.478125 0.040625 0.0484375 0.0515625
1 0.49921875 0.0734375 0.021875 0.0359375
3 0.50546875 0.0875 0.053125 0.06875
1 0.5171875 0.021875 0.0203125 0.0359375
0 0.52109375 0.03359375 0.0546875 0.0625
1 0.57109375 0.02421875 0.0171875 0.0296875
3 0.56640625 0.03515625 0.0453125 0.0546875
1 0.58203125 0.053125 0.0234375 0.0390625
3 0.58515625 0.07421875 0.0546875 0.0796875
1 0.6015625 0.115625 0.025 0.0453125
3 0.6 0.14140625 0.05625 0.0984375
1 0.65234375 0.1375 0.0265625 0.0390625
0 0.65234375 0.15 0.0703125 0.0890625
3 0.53125 0.13828125 0.065625 0.0890625
3 0.45234375 0.1546875 0.065625 0.09375
3 0.40078125 0.16796875 0.0671875 0.0921875
3 0.3515625 0.1828125 0.0671875 0.10625
1 0.221875 0.21171875 0.0234375 0.040625
1 0.2515625 0.19921875 0.028125 0.0421875
0 0.2234375 0.2296875 0.059375 0.0828125
0 0.2671875 0.22421875 0.0640625 0.103125
1 0.29609375 0.246875 0.0296875 0.059375
1 0.3578125 0.2375 0.0328125 0.0546875
3 0.30390625 0.278125 0.0796875 0.1265625
3 0.3671875 0.26015625 0.0796875 0.1046875
1 0.42890625 0.2484375 0.0296875 0.046875
1 0.48828125 0.21640625 0.03125 0.053125
0 0.42890625 0.2515625 0.065625 0.0828125
3 0.490625 0.24140625 0.0828125 0.1046875
1 0.65859375 0.215625 0.0296875 0.0515625
1 0.715625 0.2046875 0.03125 0.0515625
3 0.6578125 0.23671875 0.071875 0.0984375
3 0.71328125 0.2328125 0.06875 0.11875
1 0.76171875 0.33203125 0.03125 0.0484375
0 0.7578125 0.3484375 0.0828125 0.096875
0 0.69609375 0.3609375 0.0765625 0.1078125
0 0.63203125 0.34609375 0.078125 0.1328125
1 0.5671875 0.321875 0.034375 0.059375
3 0.5640625 0.34765625 0.0953125 0.140625
1 0.2953125 0.37734375 0.034375 0.059375
3 0.3046875 0.3984375 0.09375 0.1109375
1 0.1765625 0.4296875 0.0328125 0.0515625
1 0.23515625 0.4078125 0.0296875 0.0515625
0 0.18671875 0.4375 0.071875 0.1046875
0 0.2375 0.41875 0.0765625 0.1125
1 0.16171875 0.6109375 0.034375 0.05625
0 0.171875 0.61875 0.0953125 0.1109375
1 0.19375 0.565625 0.0375 0.0625
3 0.2171875 0.5875 0.084375 0.11875
1 0.2671875 0.5421875 0.0421875 0.0671875
3 0.2765625 0.5546875 0.103125 0.1265625
3 0.353125 0.55859375 0.1 0.1890625
1 0.4046875 0.4953125 0.046875 0.075
3 0.4234375 0.53046875 0.0984375 0.159375
3 0.6859375 0.50546875 0.109375 0.1796875
1 0.58984375 0.46171875 0.04375 0.0734375
3 0.590625 0.48671875 0.125 0.1828125
1 0.78046875 0.471875 0.0390625 0.0640625
1 0.83828125 0.4734375 0.040625 0.065625
3 0.76484375 0.5109375 0.0953125 0.15
0 0.8265625 0.49296875 0.0859375 0.159375
1 0.696875 0.628125 0.040625 0.075
3 0.7 0.70234375 0.14375 0.2328125
1 0.9171875 0.4 0.03125 0.05625
3 0.89921875 0.43046875 0.0796875 0.11875
1 0.83046875 0.26171875 0.0265625 0.05
1 0.86015625 0.2546875 0.0234375 0.0421875
3 0.82578125 0.28984375 0.0640625 0.109375
3 0.85703125 0.27578125 0.0390625 0.084375
1 0.746875 0.1234375 0.0234375 0.0390625
3 0.73515625 0.13984375 0.05625 0.075
1 0.77578125 0.13125 0.021875 0.040625
3 0.771875 0.14453125 0.0359375 0.065625
1 0.70625 0.06796875 0.0234375 0.040625
1 0.74140625 0.0734375 0.0171875 0.034375
3 0.7 0.08671875 0.053125 0.0765625
3 0.73828125 0.08671875 0.040625 0.0625
1 0.67578125 0.03203125 0.0171875 0.03125
3 0.66953125 0.04609375 0.0421875 0.059375
2 0.63515625 0.003125 0.0171875 0.00625
3 0.6359375 0.01640625 0.034375 0.0328125