1 0.17265625 0.24609375 0.0296875 0.04375
3 0.18359375 0.2578125 0.0578125 0.065625
1 0.2203125 0.14375 0.0265625 0.0421875
3 0.22265625 0.16328125 0.0609375 0.0875
1 0.271875 0.09140625 0.01875 0.028125
3 0.275 0.1046875 0.0421875 0.059375
1 0.3015625 0.10078125 0.021875 0.040625
3 0.3078125 0.10546875 0.0421875 0.0546875
1 0.30234375 0.0546875 0.0171875 0.03125
3 0.30546875 0.0640625 0.0375 0.053125
1 0.3359375 0.0484375 0.0203125 0.0328125
3 0.340625 0.06015625 0.0421875 0.059375
1 0.3671875 0.0265625 0.021875 0.0328125
0 0.37890625 0.03125 0.0515625 0.05
1 0.39140625 0.0046875 0.0203125 0.009375
0 0.38828125 0.01171875 0.0359375 0.0234375
3 0.41796875 0.01328125 0.0421875 0.0265625
3 0.61875 0.73984375 0.1640625 0.2
1 0.13125 0.46015625 0.0359375 0.059375
0 0.140625 0.48046875 0.0921875 0.11875
3 0.21015625 0.46484375 0.084375 0.125
1 0.25625 0.4765625 0.040625 0.0671875
0 0.2640625 0.50234375 0.109375 0.1359375
1 0.34921875 0.44609375 0.04375 0.0734375
3 0.34375 0.4953125 0.109375 0.184375
1 0.43671875 0.45625 0.0484375 0.075
3 0.4296875 0.49296875 0.1203125 0.1609375
3 0.671875 0.5671875 0.125 0.203125
1 0.7609375 0.5921875 0.04375 0.06875
0 0.7390625 0.60390625 0.0953125 0.1421875
1 0.8265625 0.60390625 0.0453125 0.065625
0 0.80625 0.615625 0.103125 0.165625
1 0.809375 0.44140625 0.0328125 0.0484375
0 0.79609375 0.4546875 0.0859375 0.103125
0 0.73359375 0.44609375 0.0828125 0.1140625
0 0.68125 0.40703125 0.0859375 0.134375
1 0.62890625 0.3609375 0.0390625 0.0609375
3 0.61796875 0.3796875 0.103125 0.1453125
1 0.35625 0.30703125 0.040625 0.0640625
0 0.35703125 0.33203125 0.1 0.11875
1 0.28984375 0.32578125 0.034375 0.0515625
0 0.2890625 0.321875 0.084375 0.1171875
1 0.22578125 0.31328125 0.0359375 0.0515625
0 0.23203125 0.32578125 0.075 0.1109375
3 0.40625 0.21484375 0.090625 0.1265625
3 0.46328125 0.2390625 0.0875 0.13125
1 0.53203125 0.2234375 0.0375 0.059375
0 0.52734375 0.24140625 0.0703125 0.0953125
1 0.59453125 0.228125 0.0328125 0.0546875
3 0.5890625 0.2546875 0.0921875 0.1203125
1 0.809375 0.3015625 0.034375 0.059375
3 0.79921875 0.33046875 0.078125 0.128125
1 0.76015625 0.28828125 0.0328125 0.0484375
3 0.746875 0.3109375 0.0796875 0.1046875
1 0.778125 0.21640625 0.03125 0.0484375
0 0.77265625 0.22890625 0.0765625 0.0921875
3 0.72578125 0.2046875 0.0609375 0.1
3 0.65390625 0.16953125 0.0734375 0.1
1 0.59296875 0.1359375 0.028125 0.046875
3 0.58828125 0.1609375 0.0765625 0.1046875
1 0.54453125 0.13046875 0.028125 0.0484375
3 0.53359375 0.15390625 0.0734375 0.1078125
3 0.484375 0.13984375 0.078125 0.1140625
1 0.33515625 0.11015625 0.0265625 0.0390625
3 0.34296875 0.13671875 0.08125 0.1109375
3 0.4 0.12265625 0.078125 0.1171875
1 0.4484375 0.0671875 0.0234375 0.0359375
3 0.44609375 0.0828125 0.05625 0.075
1 0.490625 0.07109375 0.028125 0.034375
0 0.48984375 0.0828125 0.0546875 0.0703125
1 0.528125 0.0890625 0.025 0.0359375
0 0.5234375 0.09609375 0.046875 0.05625
1 0.57890625 0.0859375 0.025 0.0375
3 0.57265625 0.0984375 0.0609375 0.0703125
1 0.659375 0.10625 0.0265625 0.0390625
0 0.65859375 0.11953125 0.05625 0.071875
1 0.74609375 0.1265625 0.025 0.0390625
3 0.73984375 0.140625 0.0609375 0.08125
1 0.7421875 0.0796875 0.01875 0.0328125
3 0.73671875 0.08984375 0.0484375 0.0625
1 0.696875 0.06484375 0.021875 0.0375
0 0.69140625 0.07578125 0.0609375 0.065625
1 0.65390625 0.059375 0.021875 0.0328125
0 0.65078125 0.06640625 0.0484375 0.05625
3 0.61953125 0.05703125 0.0390625 0.0609375
1 0.57109375 0.0328125 0.021875 0.0328125
3 0.57421875 0.04375 0.046875 0.059375
1 0.5421875 0.028125 0.0203125 0.03125
3 0.53671875 0.0390625 0.0515625 0.0625
1 0.5 0.0359375 0.0203125 0.0328125
0 0.49296875 0.04296875 0.0484375 0.05625
1 0.92421875 0.56171875 0.03125 0.053125
3 0.896875 0.58515625 0.0859375 0.11875
1 0.89609375 0.40390625 0.0265625 0.04375
3 0.88125 0.4265625 0.0703125 0.1109375
1 0.925 0.4125 0.028125 0.04375
3 0.91640625 0.4234375 0.05 0.0875
1 0.8703125 0.24296875 0.025 0.040625
3 0.85234375 0.25390625 0.0609375 0.0765625
1 0.8921875 0.259375 0.0234375 0.040625
3 0.884375 0.27109375 0.0390625 0.06875
1 0.88515625 0.196875 0.021875 0.0375
1 0.853125 0.1765625 0.025 0.0375
3 0.840625 0.1953125 0.0546875 0.08125
3 0.8765625 0.2078125 0.0453125 0.0625
1 0.83828125 0.13359375 0.01875 0.028125
3 0.8265625 0.1453125 0.0453125 0.0625
3 0.8390625 0.11953125 0.040625 0.05625
1 0.8234375 0.0890625 0.01875 0.0296875
3 0.81484375 0.09609375 0.0375 0.0515625