1 0.65703125 0.734375 0.05 0.08125
3 0.61796875 0.76796875 0.1453125 0.203125
1 0.1546875 0.271875 0.0265625 0.046875
3 0.1671875 0.284375 0.0578125 0.0703125
1 0.19609375 0.16484375 0.025 0.0453125
3 0.2015625 0.18125 0.053125 0.084375
3 0.24921875 0.11953125 0.040625 0.0609375
1 0.275 0.115625 0.0203125 0.0390625
3 0.2828125 0.12734375 0.046875 0.059375
1 0.27265625 0.06953125 0.0171875 0.0328125
3 0.27578125 0.07734375 0.0328125 0.05
1 0.30546875 0.0578125 0.0171875 0.03125
3 0.3109375 0.07109375 0.040625 0.059375
1 0.334375 0.03671875 0.01875 0.03125
0 0.34765625 0.04140625 0.05 0.0515625
1 0.3546875 0.00859375 0.015625 0.0171875
3 0.35390625 0.015625 0.0328125 0.03125
1 0.378125 0.0046875 0.015625 0.009375
3 0.38203125 0.01796875 0.0390625 0.0359375
1 0.4671875 0.0359375 0.0203125 0.0328125
0 0.46171875 0.04453125 0.0453125 0.05625
1 0.5015625 0.03046875 0.0171875 0.0328125
3 0.5015625 0.04296875 0.05 0.0625
1 0.5390625 0.03203125 0.0171875 0.03125
3 0.540625 0.04453125 0.04375 0.053125
1 0.6171875 0.0421875 0.0203125 0.0328125
1 0.5875 0.03203125 0.01875 0.0328125
3 0.57890625 0.04453125 0.0484375 0.0625
3 0.61875 0.05625 0.05 0.065625
1 0.66484375 0.0578125 0.01875 0.0328125
0 0.6609375 0.06640625 0.0578125 0.0625
1 0.715625 0.0640625 0.0203125 0.0328125
3 0.70859375 0.07421875 0.0515625 0.0609375
1 0.71953125 0.1109375 0.025 0.0390625
3 0.7140625 0.12734375 0.0578125 0.0765625
1 0.6328125 0.096875 0.021875 0.0359375
3 0.63203125 0.109375 0.053125 0.0671875
1 0.5484375 0.08125 0.0234375 0.0375
3 0.5421875 0.09375 0.059375 0.06875
1 0.5015625 0.0890625 0.0234375 0.0375
0 0.49609375 0.09609375 0.0453125 0.05625
1 0.46015625 0.0765625 0.025 0.0390625
3 0.46171875 0.08515625 0.0515625 0.06875
1 0.4140625 0.07265625 0.021875 0.0359375
3 0.41875 0.08828125 0.05 0.0734375
1 0.32265625 0.1421875 0.0234375 0.0453125
0 0.32265625 0.15859375 0.0671875 0.0859375
3 0.3921875 0.1453125 0.0890625 0.1109375
3 0.45546875 0.146875 0.065625 0.1078125
1 0.5203125 0.12890625 0.028125 0.0484375
3 0.5109375 0.15390625 0.0671875 0.103125
1 0.56875 0.12890625 0.0265625 0.046875
3 0.565625 0.15390625 0.071875 0.1015625
3 0.6296875 0.16171875 0.0640625 0.0921875
1 0.7140625 0.165625 0.0265625 0.046875
3 0.7046875 0.18984375 0.05625 0.0984375
1 0.75625 0.1984375 0.0265625 0.046875
0 0.753125 0.21015625 0.0703125 0.0890625
1 0.796875 0.2828125 0.03125 0.05625
3 0.7859375 0.31015625 0.0703125 0.125
1 0.74375 0.27109375 0.028125 0.046875
3 0.7328125 0.29453125 0.0734375 0.103125
1 0.571875 0.2296875 0.028125 0.0484375
3 0.57109375 0.2515625 0.0875 0.1109375
1 0.50625 0.22421875 0.0296875 0.05
0 0.50625 0.24140625 0.0671875 0.0921875
1 0.44921875 0.2078125 0.034375 0.05625
3 0.44609375 0.24296875 0.075 0.1234375
3 0.390625 0.21328125 0.08125 0.121875
3 0.321875 0.27265625 0.03125 0.0359375
1 0.21328125 0.33203125 0.034375 0.053125
0 0.22109375 0.34609375 0.0703125 0.109375
1 0.2796875 0.3375 0.03125 0.0484375
0 0.278125 0.33828125 0.0765625 0.1140625
1 0.3421875 0.31953125 0.0359375 0.0640625
0 0.34765625 0.34296875 0.0921875 0.1125
1 0.61953125 0.35390625 0.0359375 0.059375
3 0.60859375 0.371875 0.0953125 0.14375
0 0.67265625 0.39375 0.0796875 0.134375
0 0.73046875 0.42890625 0.075 0.109375
1 0.8046875 0.4203125 0.03125 0.0484375
0 0.7921875 0.43671875 0.0765625 0.1
1 0.8328125 0.58125 0.0421875 0.065625
0 0.81328125 0.59375 0.09375 0.1609375
1 0.76328125 0.5734375 0.040625 0.065625
0 0.74609375 0.58515625 0.0875 0.1328125
1 0.68671875 0.51953125 0.0421875 0.0828125
3 0.67421875 0.5640625 0.1078125 0.1890625
1 0.60859375 0.48515625 0.0453125 0.078125
3 0.6 0.52109375 0.109375 0.1671875
1 0.4453125 0.4546875 0.05 0.078125
3 0.434375 0.49296875 0.1234375 0.1640625
1 0.34296875 0.45546875 0.0390625 0.071875
3 0.34375 0.50625 0.0984375 0.1796875
1 0.2546875 0.4921875 0.0375 0.0640625
0 0.26484375 0.51875 0.103125 0.1359375
1 0.196875 0.4546875 0.0328125 0.0640625
3 0.2078125 0.48828125 0.0734375 0.1375
0 0.1421875 0.496875 0.0796875 0.1078125
1 0.92578125 0.53125 0.0296875 0.053125
3 0.90234375 0.55546875 0.0796875 0.1140625
1 0.8875 0.3765625 0.028125 0.0484375
3 0.87421875 0.40078125 0.0640625 0.1078125
1 0.91796875 0.38203125 0.0234375 0.0421875
3 0.909375 0.39609375 0.04375 0.0859375
1 0.8515625 0.21953125 0.025 0.0390625
3 0.8359375 0.23046875 0.05625 0.075
1 0.875 0.225 0.021875 0.0359375
3 0.86875 0.2453125 0.0375 0.0734375
1 0.8296875 0.153125 0.021875 0.0390625
3 0.81796875 0.17109375 0.053125 0.08125
1 0.86328125 0.1703125 0.0203125 0.0359375
3 0.85390625 0.18203125 0.0421875 0.0578125
0 0.80078125 0.12421875 0.040625 0.040625
1 0.821875 0.08828125 0.015625 0.025
3 0.81328125 0.09921875 0.0375 0.0484375
3 0.78828125 0.07421875 0.034375 0.0484375