3 0.12578125 0.3625 0.05625 0.0921875
3 0.14140625 0.2546875 0.0484375 0.0890625
3 0.1765625 0.18203125 0.0359375 0.0640625
3 0.21015625 0.18046875 0.04375 0.0640625
3 0.19375 0.13671875 0.03125 0.053125
3 0.225 0.12109375 0.0359375 0.0609375
3 0.26171875 0.078125 0.0484375 0.05625
0 0.36796875 0.06328125 0.0421875 0.0546875
3 0.33671875 0.11171875 0.040625 0.065625
0 0.375 0.10625 0.0453125 0.071875
0 0.40625 0.0578125 0.04375 0.0515625
3 0.44453125 0.04609375 0.040625 0.053125
3 0.48515625 0.040625 0.0421875 0.065625
3 0.52265625 0.04375 0.0421875 0.05625
3 0.57109375 0.04140625 0.046875 0.0625
3 0.61640625 0.04296875 0.046875 0.0578125
0 0.6328125 0.096875 0.0484375 0.0703125
3 0.54453125 0.08671875 0.05 0.0828125
0 0.6875 0.16640625 0.0640625 0.0875
3 0.63671875 0.153125 0.05 0.1015625
3 0.4546875 0.2390625 0.059375 0.1
3 0.51796875 0.240625 0.078125 0.096875
3 0.6859375 0.25390625 0.0578125 0.103125
3 0.73828125 0.26015625 0.065625 0.121875
3 0.77109375 0.36484375 0.0734375 0.109375
0 0.7109375 0.3859375 0.0703125 0.109375
0 0.6484375 0.36015625 0.0703125 0.1328125
3 0.58203125 0.353125 0.0875 0.1390625
0 0.31640625 0.38515625 0.084375 0.1203125
0 0.24921875 0.38828125 0.071875 0.1203125
0 0.19609375 0.40546875 0.0609375 0.1015625
0 0.275 0.56484375 0.096875 0.140625
3 0.4203125 0.51796875 0.0921875 0.159375
0 0.75859375 0.53203125 0.0765625 0.1328125
0 0.82734375 0.53125 0.0796875 0.171875
3 0.6875 0.028125 0.03125 0.05625
3 0.7171875 0.06640625 0.040625 0.0625
3 0.78046875 0.115625 0.0375 0.0578125
3 0.809375 0.1765625 0.0296875 0.0671875
3 0.8484375 0.325 0.053125 0.1125
0 0.8859375 0.32890625 0.046875 0.0953125
3 0.97265625 0.684375 0.0546875 0.1
3 0.46015625 0.09375 0.053125 0.0703125
3 0.56328125 0.13984375 0.06875 0.103125
3 0.33203125 0.259375 0.065625 0.121875
3 0.39296875 0.24765625 0.071875 0.1375
3 0.9046875 0.47265625 0.0734375 0.1171875
3 0.7734375 0.1671875 0.0546875 0.0765625
3 0.74296875 0.11171875 0.04375 0.0828125
3 0.28125 0.0421875 0.0328125 0.05
0 0.34140625 0.0296875 0.0375 0.04375
3 0.49296875 0.14375 0.0671875 0.0984375
3 0.4359375 0.15859375 0.0609375 0.1015625
3 0.3875 0.15078125 0.059375 0.0984375
0 0.153125 0.575 0.0765625 0.1125
3 0.20859375 0.5140625 0.0859375 0.1734375
3 0.3484375 0.5328125 0.0828125 0.19375
3 0.603125 0.509375 0.096875 0.1453125
3 0.68359375 0.51875 0.0890625 0.1703125
3 0.66640625 0.68203125 0.1265625 0.2171875
1 0.1171875 0.34375 0.025 0.046875
1 0.13515625 0.23515625 0.0234375 0.046875
1 0.19921875 0.17109375 0.0171875 0.0421875
1 0.18828125 0.12734375 0.0171875 0.03125
1 0.21953125 0.11015625 0.015625 0.0328125
1 0.25234375 0.0671875 0.01875 0.0328125
1 0.27265625 0.03515625 0.015625 0.0296875
1 0.346875 0.0203125 0.015625 0.025
1 0.37265625 0.05390625 0.0171875 0.0359375
1 0.33046875 0.09921875 0.0203125 0.0359375
1 0.3734375 0.09296875 0.0234375 0.040625
1 0.40234375 0.05078125 0.0171875 0.03125
0 0.415625 0.1078125 0.0421875 0.0578125
1 0.4140625 0.0984375 0.0234375 0.0390625
1 0.4609375 0.08046875 0.0234375 0.0375
1 0.44453125 0.0375 0.015625 0.03125
2 0.54921875 0.06484375 0.0203125 0.0421875
1 0.528125 0.034375 0.0171875 0.03125
1 0.57109375 0.0296875 0.01875 0.0390625
1 0.61796875 0.034375 0.01875 0.0375
1 0.640625 0.128125 0.0234375 0.0453125
1 0.6890625 0.15625 0.0234375 0.0453125
1 0.74609375 0.23046875 0.028125 0.05625
1 0.6921875 0.2328125 0.028125 0.046875
1 0.52109375 0.2265625 0.028125 0.0546875
1 0.48984375 0.1203125 0.025 0.05
1 0.43125 0.13515625 0.025 0.046875
2 0.38828125 0.12734375 0.0265625 0.05
1 0.3875 0.21015625 0.0296875 0.0625
1 0.33203125 0.22890625 0.0265625 0.0578125
1 0.18515625 0.3984375 0.03125 0.0546875
1 0.2484375 0.38515625 0.0296875 0.0546875
1 0.29296875 0.36171875 0.0359375 0.0625
1 0.5859375 0.3359375 0.03125 0.0609375
1 0.77890625 0.33984375 0.028125 0.0578125
1 0.84140625 0.51171875 0.0390625 0.06875
1 0.7734375 0.51796875 0.034375 0.06875
2 0.68828125 0.48125 0.0390625 0.0859375
1 0.39609375 0.48359375 0.0390625 0.08125
1 0.34140625 0.47578125 0.0375 0.0703125
1 0.2609375 0.53671875 0.0359375 0.0703125
1 0.20703125 0.49296875 0.034375 0.065625
1 0.14140625 0.56171875 0.03125 0.0609375
1 0.925 0.44375 0.0265625 0.05625
1 0.85390625 0.2984375 0.0234375 0.0515625
1 0.8953125 0.31015625 0.021875 0.046875
1 0.8125 0.16328125 0.0203125 0.0390625
1 0.7515625 0.09296875 0.0234375 0.040625
1 0.78671875 0.1046875 0.0171875 0.0375
1 0.7234375 0.053125 0.0171875 0.03125
2 0.69375 0.01328125 0.0125 0.0265625