1 0.64921875 0.678125 0.0421875 0.0796875
3 0.6375 0.74140625 0.1375 0.2234375
1 0.83046875 0.578125 0.0375 0.0640625
0 0.815625 0.58828125 0.090625 0.159375
1 0.76640625 0.56796875 0.0390625 0.0640625
0 0.74765625 0.5796875 0.084375 0.1328125
1 0.684375 0.525 0.04375 0.075
3 0.67734375 0.55546875 0.1015625 0.175
1 0.6 0.46875 0.04375 0.078125
3 0.596875 0.5109375 0.1203125 0.16875
1 0.4265625 0.478125 0.0390625 0.078125
3 0.42578125 0.51796875 0.109375 0.165625
1 0.3453125 0.459375 0.0375 0.071875
3 0.34453125 0.5078125 0.0953125 0.1734375
0 0.24375 0.5078125 0.1390625 0.16875
1 0.19765625 0.4609375 0.034375 0.0625
3 0.20546875 0.48515625 0.0609375 0.1140625
0 0.153125 0.49921875 0.0859375 0.103125
1 0.21015625 0.3375 0.0296875 0.0484375
0 0.21796875 0.35078125 0.06875 0.103125
1 0.275 0.3390625 0.028125 0.046875
0 0.27421875 0.34375 0.0765625 0.11875
1 0.340625 0.31875 0.0359375 0.0640625
0 0.3453125 0.3453125 0.090625 0.115625
1 0.61953125 0.3453125 0.0375 0.0640625
3 0.6078125 0.3703125 0.0921875 0.1375
0 0.67109375 0.390625 0.0765625 0.1328125
0 0.72890625 0.425 0.0734375 0.1078125
1 0.80234375 0.41484375 0.0296875 0.0484375
0 0.790625 0.42890625 0.08125 0.0953125
1 0.73984375 0.265625 0.0265625 0.046875
3 0.73046875 0.2875 0.071875 0.1046875
1 0.7953125 0.2703125 0.0296875 0.05625
3 0.7828125 0.30625 0.06875 0.128125
1 0.5703125 0.2328125 0.028125 0.0515625
3 0.56640625 0.25 0.084375 0.1125
1 0.50546875 0.2359375 0.0296875 0.046875
0 0.50234375 0.24140625 0.0640625 0.08125
1 0.44609375 0.20859375 0.03125 0.05625
3 0.44296875 0.23125 0.0765625 0.10625
1 0.3796875 0.1921875 0.028125 0.0578125
3 0.38125 0.22265625 0.0765625 0.121875
1 0.3140625 0.14921875 0.021875 0.0390625
0 0.31171875 0.1609375 0.0609375 0.084375
2 0.35625 0.1078125 0.025 0.0453125
3 0.36640625 0.13515625 0.0625 0.103125
1 0.45859375 0.12109375 0.0265625 0.05
3 0.45390625 0.1453125 0.0625 0.10625
1 0.5109375 0.12890625 0.0265625 0.0484375
3 0.50390625 0.15234375 0.0640625 0.1015625
1 0.559375 0.128125 0.0234375 0.046875
3 0.5578125 0.153125 0.0640625 0.1
3 0.62265625 0.16640625 0.0609375 0.11875
1 0.70859375 0.16171875 0.0234375 0.0453125
3 0.69921875 0.18671875 0.05625 0.0984375
1 0.753125 0.20078125 0.025 0.0390625
0 0.74921875 0.2078125 0.0671875 0.08125
2 0.69765625 0.10390625 0.021875 0.0390625
3 0.696875 0.1203125 0.0703125 0.078125
1 0.625 0.09375 0.0203125 0.0359375
0 0.62265625 0.10703125 0.0484375 0.06875
1 0.5421875 0.08046875 0.021875 0.0375
3 0.5359375 0.0921875 0.0578125 0.0671875
1 0.49609375 0.1 0.0203125 0.0296875
0 0.48984375 0.10390625 0.0453125 0.0484375
1 0.45390625 0.07578125 0.0234375 0.034375
3 0.45234375 0.08828125 0.0453125 0.0734375
1 0.41640625 0.065625 0.01875 0.0359375
3 0.4140625 0.0828125 0.0484375 0.0734375
1 0.459375 0.03828125 0.01875 0.0328125
0 0.45390625 0.04453125 0.0453125 0.053125
3 0.4953125 0.040625 0.053125 0.0671875
1 0.534375 0.03046875 0.0171875 0.03125
3 0.534375 0.04140625 0.040625 0.0546875
1 0.578125 0.03671875 0.0171875 0.0328125
3 0.57578125 0.04921875 0.04375 0.059375
1 0.61171875 0.04140625 0.01875 0.0359375
3 0.6140625 0.0546875 0.0484375 0.0625
1 0.659375 0.05 0.0203125 0.0359375
0 0.65625 0.0609375 0.053125 0.0609375
1 0.70625 0.0640625 0.0203125 0.0390625
3 0.7 0.07265625 0.046875 0.0609375
1 0.92890625 0.52578125 0.028125 0.053125
3 0.90546875 0.5484375 0.071875 0.115625
1 0.88515625 0.36953125 0.0234375 0.046875
3 0.87265625 0.39453125 0.0609375 0.1078125
1 0.915625 0.37578125 0.025 0.0421875
3 0.90703125 0.38984375 0.0421875 0.084375
1 0.846875 0.2109375 0.021875 0.0421875
3 0.8296875 0.22265625 0.053125 0.0765625
1 0.87265625 0.23125 0.021875 0.040625
3 0.86328125 0.240625 0.0390625 0.0640625
1 0.8234375 0.14765625 0.021875 0.040625
3 0.81328125 0.1640625 0.05 0.084375
1 0.85546875 0.16171875 0.0171875 0.034375
3 0.85 0.17421875 0.040625 0.065625
1 0.803125 0.1046875 0.015625 0.0265625
3 0.79453125 0.11640625 0.0390625 0.05625
1 0.81328125 0.08359375 0.015625 0.0234375
0 0.80546875 0.09140625 0.0390625 0.0453125
1 0.7796875 0.05390625 0.0171875 0.0296875
3 0.7765625 0.065625 0.0328125 0.0515625
0 0.43515625 0.01328125 0.0390625 0.0265625
1 0.3734375 0.0046875 0.015625 0.009375
3 0.37578125 0.01796875 0.0390625 0.0359375
1 0.34765625 0.01015625 0.0171875 0.0203125
3 0.3453125 0.01640625 0.034375 0.0328125
1 0.32578125 0.03984375 0.01875 0.0296875
0 0.33984375 0.04453125 0.046875 0.04375
2 0.30234375 0.05390625 0.015625 0.03125
3 0.30390625 0.07421875 0.0421875 0.075
1 0.26328125 0.07421875 0.015625 0.0328125
3 0.26796875 0.0828125 0.0328125 0.05
1 0.2671875 0.1203125 0.0203125 0.0375
3 0.275 0.13125 0.046875 0.0609375
1 0.240625 0.10703125 0.0171875 0.0328125
3 0.24296875 0.12265625 0.0390625 0.0609375
2 0.19453125 0.15546875 0.0234375 0.0421875
3 0.1984375 0.18046875 0.05625 0.1
1 0.15078125 0.2796875 0.025 0.040625
3 0.16328125 0.2953125 0.05625 0.0765625