1 0.12578125 0.33125 0.01796875 0.04296875
3 0.13984375 0.34296875 0.0453125 0.065625
1 0.146875 0.2125 0.01640625 0.04140625
3 0.15546875 0.2359375 0.04140625 0.090625
1 0.18828125 0.15 0.01484375 0.0296875
1 0.21875 0.1546875 0.0140625 0.03671875
3 0.19375 0.1625 0.0328125 0.05625
3 0.228125 0.165625 0.03828125 0.06015625
1 0.20703125 0.1109375 0.01171875 0.03125
3 0.2125 0.11953125 0.02890625 0.04921875
2 0.24140625 0.0828125 0.01171875 0.02890625
3 0.24453125 0.10546875 0.034375 0.071875
1 0.26328125 0.06875 0.01484375 0.02890625
1 0.2765625 0.071875 0.04296875 0.03671875
1 0.275 0.03046875 0.0125 0.028125
1 0.30546875 0.01796875 0.01171875 0.025
0 0.27734375 0.0375 0.03203125 0.04375
3 0.30703125 0.03046875 0.03125 0.05
1 0.3578125 0.08125 0.01484375 0.03359375
1 0.3921875 0.084375 0.01875 0.0359375
1 0.3953125 0.04765625 0.01328125 0.03046875
1 0.440625 0.10390625 0.0171875 0.0296875
2 0.4265625 0.034375 0.01328125 0.03125
3 0.35625 0.10078125 0.0390625 0.06953125
3 0.3953125 0.0984375 0.03984375 0.06953125
3 0.4296875 0.046875 0.04140625 0.05546875
0 0.38984375 0.05625 0.03671875 0.05078125
0 0.434375 0.10703125 0.03984375 0.0484375
1 0.46875 0.03125 0.01328125 0.028125
1 0.484375 0.078125 0.01953125 0.03359375
1 0.51328125 0.03046875 0.01484375 0.0296875
1 0.55390625 0.04140625 0.01484375 0.028125
1 0.56640625 0.0796875 0.01796875 0.03359375
3 0.48203125 0.09140625 0.05078125 0.06328125
3 0.51171875 0.0453125 0.0390625 0.0609375
3 0.56875 0.09296875 0.04453125 0.06171875
0 0.55 0.0453125 0.03984375 0.05
3 0.46953125 0.04296875 0.03671875 0.05
1 0.59375 0.03359375 0.01484375 0.03359375
1 0.64375 0.04296875 0.0140625 0.03125
0 0.59453125 0.04453125 0.046875 0.0546875
3 0.653125 0.09296875 0.0453125 0.08203125
3 0.6375 0.0515625 0.03671875 0.04921875
1 0.659375 0.13671875 0.01953125 0.04296875
1 0.70703125 0.16328125 0.01875 0.03828125
1 0.70078125 0.24375 0.02109375 0.0484375
1 0.759375 0.240625 0.0234375 0.0515625
3 0.696875 0.26328125 0.05859375 0.09453125
3 0.753125 0.26953125 0.05390625 0.11171875
3 0.65390625 0.1609375 0.04453125 0.09453125
0 0.70625 0.1765625 0.05859375 0.075
1 0.58515625 0.128125 0.02421875 0.04296875
1 0.4546875 0.13046875 0.02109375 0.04609375
1 0.53203125 0.22109375 0.021875 0.05078125
3 0.46796875 0.24296875 0.05546875 0.096875
3 0.53125 0.24453125 0.07265625 0.1046875
3 0.578125 0.1484375 0.06015625 0.08359375
3 0.509375 0.15078125 0.0515625 0.08828125
3 0.45546875 0.1515625 0.0546875 0.08984375
3 0.403125 0.15625 0.053125 0.10390625
1 0.35078125 0.24921875 0.02265625 0.04453125
0 0.34375 0.259375 0.06328125 0.08125
1 0.40234375 0.21796875 0.02578125 0.05078125
3 0.40703125 0.24296875 0.06484375 0.103125
1 0.3 0.1609375 0.02265625 0.040625
3 0.26875 0.1859375 0.04765625 0.08125
3 0.3140625 0.19140625 0.04921875 0.096875
1 0.19140625 0.38046875 0.025 0.0484375
0 0.2 0.3890625 0.0578125 0.096875
1 0.25234375 0.36171875 0.0234375 0.05390625
3 0.2546875 0.38046875 0.06328125 0.1109375
1 0.315625 0.34921875 0.0265625 0.05703125
3 0.321875 0.36875 0.0796875 0.1
1 0.5953125 0.3359375 0.02734375 0.05546875
3 0.5875 0.35703125 0.07421875 0.1296875
0 0.65390625 0.36796875 0.06015625 0.1234375
0 0.71640625 0.39375 0.06171875 0.096875
1 0.78515625 0.37421875 0.021875 0.0453125
0 0.77890625 0.390625 0.06640625 0.08828125
2 0.7734375 0.509375 0.02890625 0.06875
1 0.84140625 0.52890625 0.03046875 0.0609375
1 0.7625 0.6265625 0.03046875 0.03671875
0 0.75625 0.54296875 0.06796875 0.13359375
0 0.82265625 0.54375 0.06640625 0.1515625
1 0.68515625 0.49375 0.03046875 0.071875
3 0.68515625 0.53203125 0.07421875 0.165625
1 0.64375 0.54140625 0.03828125 0.08046875
0 0.60859375 0.60546875 0.1109375 0.28125
1 0.68125 0.6515625 0.03125 0.0734375
3 0.66328125 0.71875 0.1125 0.20546875
1 0.409375 0.4578125 0.0328125 0.0734375
3 0.3453125 0.5328125 0.071875 0.17890625
3 0.4234375 0.49765625 0.075 0.1546875
1 0.25390625 0.503125 0.03046875 0.059375
3 0.27265625 0.5390625 0.07265625 0.1390625
3 0.221875 0.52265625 0.0484375 0.11796875
1 0.14921875 0.56171875 0.02578125 0.05546875
0 0.159375 0.56875 0.0796875 0.10390625
1 0.92578125 0.46484375 0.02421875 0.0515625
3 0.90625 0.49296875 0.06328125 0.10546875
1 0.8625 0.3171875 0.0203125 0.046875
3 0.85703125 0.34296875 0.04453125 0.103125
1 0.89296875 0.31484375 0.01953125 0.040625
3 0.8875 0.33515625 0.0296875 0.08125
1 0.80234375 0.165625 0.0140625 0.0390625
1 0.8296875 0.1796875 0.01484375 0.03671875
3 0.78828125 0.18125 0.04375 0.07109375
3 0.8234375 0.1921875 0.02578125 0.0640625
1 0.76953125 0.10625 0.01796875 0.03828125
1 0.8046875 0.115625 0.01328125 0.03203125
3 0.76328125 0.12421875 0.03984375 0.071875
3 0.80078125 0.12890625 0.03203125 0.06015625
1 0.746875 0.06640625 0.01328125 0.028125
3 0.73828125 0.078125 0.03359375 0.0515625
1 0.75234375 0.04296875 0.01328125 0.0234375
1 0.71875 0.028125 0.0125 0.02890625
3 0.71328125 0.04140625 0.02890625 0.0546875