1 0.16015625 0.26796875 0.0265625 0.0421875
3 0.171875 0.2828125 0.0578125 0.075
1 0.2 0.15859375 0.025 0.0421875
3 0.20703125 0.1828125 0.053125 0.0921875
1 0.25546875 0.1 0.01875 0.03125
1 0.28828125 0.08515625 0.0203125 0.0359375
3 0.25703125 0.11484375 0.0421875 0.0625
3 0.29140625 0.1046875 0.046875 0.0796875
1 0.27890625 0.065625 0.015625 0.03125
3 0.28046875 0.075 0.0296875 0.053125
1 0.3109375 0.06328125 0.0171875 0.028125
0 0.31796875 0.075 0.04375 0.0546875
1 0.34140625 0.034375 0.0203125 0.03125
0 0.35625 0.04140625 0.05 0.05
1 0.3578125 0.00703125 0.01875 0.0140625
0 0.36015625 0.015625 0.0390625 0.03125
3 0.390625 0.0171875 0.040625 0.034375
1 0.475 0.0375 0.0171875 0.0328125
1 0.4328125 0.0625 0.0203125 0.0375
1 0.46875 0.071875 0.025 0.0359375
2 0.51015625 0.0265625 0.01875 0.03125
0 0.46875 0.04296875 0.046875 0.05625
3 0.509375 0.0421875 0.05 0.0625
3 0.428125 0.08046875 0.0515625 0.0765625
3 0.46640625 0.084375 0.05 0.075
1 0.5109375 0.1 0.0234375 0.03125
0 0.503125 0.1046875 0.0484375 0.0515625
1 0.55 0.0328125 0.0171875 0.0296875
1 0.55859375 0.08203125 0.021875 0.0359375
1 0.6 0.0421875 0.01875 0.03125
1 0.6328125 0.05390625 0.01875 0.0328125
3 0.590625 0.05390625 0.046875 0.059375
3 0.55234375 0.09453125 0.0625 0.06875
3 0.54921875 0.04453125 0.0453125 0.0546875
1 0.6375 0.0984375 0.021875 0.034375
1 0.671875 0.053125 0.0203125 0.0359375
0 0.6375 0.1109375 0.053125 0.0703125
0 0.628125 0.06015625 0.05 0.05625
0 0.6703125 0.065625 0.05625 0.065625
1 0.72109375 0.06015625 0.01875 0.0359375
3 0.715625 0.07421875 0.0515625 0.06875
1 0.7265625 0.1265625 0.0203125 0.0359375
0 0.71796875 0.13828125 0.0625 0.0734375
1 0.76171875 0.20703125 0.025 0.040625
0 0.7578125 0.21875 0.071875 0.0875
1 0.72109375 0.16953125 0.025 0.0453125
3 0.71015625 0.19375 0.059375 0.1
3 0.6390625 0.16171875 0.0703125 0.1015625
1 0.51796875 0.13046875 0.028125 0.0484375
1 0.5734375 0.1375 0.028125 0.0484375
3 0.51484375 0.15859375 0.0671875 0.1015625
3 0.56953125 0.1578125 0.06875 0.0953125
3 0.4640625 0.1453125 0.0703125 0.103125
1 0.375 0.11640625 0.028125 0.0453125
3 0.334375 0.146875 0.05625 0.0859375
3 0.37890625 0.1421875 0.0578125 0.0984375
1 0.390625 0.20234375 0.0296875 0.0578125
3 0.38984375 0.22578125 0.08125 0.1140625
1 0.484375 0.21171875 0.0359375 0.059375
3 0.4671875 0.23515625 0.0703125 0.1171875
1 0.51171875 0.2328125 0.0296875 0.0484375
0 0.51484375 0.24296875 0.0609375 0.0828125
3 0.578125 0.2421875 0.0890625 0.11875
1 0.74140625 0.28125 0.0296875 0.0515625
1 0.8 0.290625 0.0296875 0.053125
0 0.73515625 0.3 0.0734375 0.1
0 0.78828125 0.3171875 0.071875 0.11875
1 0.80234375 0.42734375 0.03125 0.046875
0 0.79140625 0.44140625 0.0859375 0.096875
0 0.7296875 0.434375 0.0796875 0.1109375
0 0.6734375 0.39765625 0.0796875 0.1328125
1 0.621875 0.35390625 0.034375 0.059375
3 0.6109375 0.3765625 0.0953125 0.1421875
1 0.28046875 0.33046875 0.03125 0.053125
1 0.346875 0.31875 0.0359375 0.059375
0 0.3484375 0.3390625 0.0953125 0.1125
0 0.27734375 0.33984375 0.0796875 0.1140625
1 0.21640625 0.32890625 0.03125 0.0515625
0 0.22265625 0.3359375 0.0703125 0.1015625
1 0.1421875 0.5 0.0359375 0.059375
0 0.14765625 0.50546875 0.0875 0.1125
1 0.19296875 0.453125 0.0359375 0.0625
3 0.2046875 0.48984375 0.08125 0.134375
2 0.2671875 0.44765625 0.040625 0.0734375
3 0.2703125 0.4828125 0.1015625 0.1546875
1 0.40859375 0.46484375 0.0453125 0.075
3 0.33984375 0.503125 0.0953125 0.1796875
3 0.4203125 0.50546875 0.0984375 0.1640625
3 0.60078125 0.52890625 0.1140625 0.18125
1 0.68359375 0.525 0.0421875 0.078125
3 0.675 0.5625 0.109375 0.175
1 0.77421875 0.56640625 0.0421875 0.0625
1 0.82890625 0.5875 0.0421875 0.0671875
0 0.74765625 0.5953125 0.0953125 0.146875
0 0.8125 0.59921875 0.084375 0.1578125
1 0.640625 0.684375 0.04375 0.0828125
3 0.62265625 0.75546875 0.1453125 0.2328125
1 0.92734375 0.54140625 0.03125 0.0546875
3 0.90234375 0.5640625 0.0796875 0.1171875
1 0.8890625 0.38359375 0.0265625 0.0484375
3 0.87578125 0.40703125 0.065625 0.109375
1 0.91953125 0.38671875 0.0234375 0.04375
3 0.91171875 0.403125 0.0421875 0.0828125
1 0.85234375 0.23203125 0.0234375 0.0453125
1 0.88046875 0.2421875 0.021875 0.0375
3 0.84296875 0.2359375 0.0484375 0.071875
3 0.871875 0.25234375 0.0375 0.0640625
1 0.83515625 0.15859375 0.0234375 0.0390625
3 0.82421875 0.17734375 0.0515625 0.0796875
1 0.86640625 0.17578125 0.01875 0.034375
3 0.86015625 0.1875 0.040625 0.0640625
1 0.81015625 0.10703125 0.015625 0.028125
1 0.82734375 0.09375 0.015625 0.025
1 0.79609375 0.06796875 0.0171875 0.03125
3 0.80625 0.12578125 0.0421875 0.065625
0 0.82109375 0.10546875 0.0359375 0.0484375
3 0.79140625 0.07734375 0.0328125 0.0546875