3 0.1203125 0.3796875 0.053125 0.0734375
3 0.13046875 0.27578125 0.0515625 0.0921875
3 0.15546875 0.20625 0.040625 0.059375
3 0.1921875 0.19609375 0.0453125 0.065625
3 0.17265625 0.1515625 0.0328125 0.0546875
3 0.1984375 0.1453125 0.040625 0.0578125
0 0.23203125 0.09921875 0.0421875 0.046875
0 0.34453125 0.0703125 0.04375 0.05625
3 0.309375 0.115625 0.0484375 0.084375
0 0.35390625 0.11171875 0.05 0.0734375
3 0.3828125 0.05859375 0.0484375 0.0609375
3 0.421875 0.0484375 0.0421875 0.05625
3 0.46328125 0.04609375 0.046875 0.065625
0 0.50234375 0.0421875 0.046875 0.0578125
3 0.54296875 0.0359375 0.05 0.0625
3 0.5890625 0.03515625 0.046875 0.065625
0 0.6125 0.09296875 0.0671875 0.071875
0 0.52578125 0.08828125 0.05 0.06875
0 0.6703125 0.15703125 0.06875 0.0859375
3 0.61796875 0.1484375 0.0515625 0.0796875
0 0.44375 0.253125 0.065625 0.0859375
3 0.5046875 0.240625 0.084375 0.1046875
3 0.67109375 0.24140625 0.0734375 0.1
3 0.72734375 0.24375 0.06875 0.1234375
0 0.7640625 0.35546875 0.08125 0.1078125
0 0.70703125 0.37421875 0.075 0.1125
0 0.640625 0.353125 0.0765625 0.1359375
3 0.57265625 0.34765625 0.09375 0.1484375
3 0.31015625 0.3875 0.0921875 0.1125
0 0.24296875 0.4078125 0.0796875 0.13125
0 0.1921875 0.41953125 0.06875 0.1109375
0 0.275 0.596875 0.1078125 0.1296875
3 0.42578125 0.52421875 0.090625 0.1640625
3 0.76484375 0.52578125 0.0890625 0.1515625
0 0.8265625 0.50859375 0.0875 0.171875
3 0.6640625 0.0203125 0.03125 0.040625
3 0.6859375 0.05234375 0.040625 0.071875
3 0.76015625 0.09609375 0.0359375 0.0578125
3 0.80390625 0.17734375 0.06875 0.134375
3 0.8390625 0.30703125 0.05625 0.1109375
3 0.86796875 0.2921875 0.0421875 0.0890625
3 0.97578125 0.65625 0.0484375 0.1
3 0.440625 0.0953125 0.0609375 0.0734375
3 0.540625 0.1375 0.0671875 0.1015625
3 0.31953125 0.2671875 0.0765625 0.1125
3 0.38203125 0.2546875 0.0765625 0.103125
3 0.90078125 0.4484375 0.078125 0.1203125
3 0.75859375 0.1515625 0.0515625 0.09375
3 0.725 0.0984375 0.046875 0.084375
3 0.2609375 0.053125 0.034375 0.0546875
0 0.31875 0.0375 0.040625 0.04375
3 0.47421875 0.15703125 0.0734375 0.10625
3 0.42109375 0.1703125 0.065625 0.1046875
3 0.36796875 0.175 0.0671875 0.0921875
0 0.15234375 0.59375 0.084375 0.1046875
3 0.234375 0.534375 0.0890625 0.165625
3 0.35390625 0.5421875 0.078125 0.175
3 0.59765625 0.50625 0.10625 0.178125
3 0.68359375 0.50625 0.1078125 0.196875
3 0.69453125 0.73359375 0.1484375 0.1921875
0 0.23359375 0.0640625 0.0328125 0.046875
0 0.39453125 0.1171875 0.0484375 0.059375
3 0.28359375 0.196875 0.0546875 0.0859375
0 0.2421875 0.2140625 0.0546875 0.0890625
0 0.69609375 0.025 0.0296875 0.046875
1 0.10859375 0.3703125 0.0265625 0.05
1 0.11875 0.25390625 0.0234375 0.0453125
1 0.15078125 0.2 0.0171875 0.034375
1 0.18203125 0.18671875 0.021875 0.040625
1 0.1671875 0.14453125 0.015625 0.03125
1 0.18828125 0.1359375 0.01875 0.0328125
1 0.221875 0.0953125 0.01875 0.0328125
1 0.22734375 0.05703125 0.015625 0.0296875
1 0.2546875 0.04140625 0.0171875 0.028125
1 0.34921875 0.0625 0.01875 0.03125
1 0.2984375 0.096875 0.0203125 0.0375
1 0.35390625 0.1015625 0.025 0.046875
1 0.4015625 0.1140625 0.025 0.0375
1 0.37890625 0.04453125 0.0171875 0.0328125
1 0.4203125 0.0359375 0.01875 0.0328125
1 0.4421875 0.08203125 0.025 0.0375
1 0.46328125 0.0328125 0.01875 0.0328125
1 0.50234375 0.040625 0.01875 0.03125
1 0.52265625 0.0765625 0.0234375 0.0375
1 0.5421875 0.025 0.021875 0.0375
1 0.5953125 0.0234375 0.021875 0.0421875
1 0.6171875 0.08359375 0.025 0.0359375
1 0.67109375 0.14453125 0.025 0.046875
1 0.41640625 0.14609375 0.0296875 0.0484375
1 0.36484375 0.15546875 0.0296875 0.0484375
1 0.27578125 0.1828125 0.025 0.046875
1 0.23984375 0.19765625 0.025 0.046875
1 0.31640625 0.2484375 0.03125 0.0625
1 0.378125 0.234375 0.0328125 0.0578125
1 0.44765625 0.24453125 0.0328125 0.05625
1 0.67265625 0.2234375 0.028125 0.053125
1 0.7328125 0.21640625 0.0328125 0.059375
1 0.771875 0.33671875 0.0296875 0.05625
1 0.57734375 0.32421875 0.0359375 0.0640625
1 0.303125 0.365625 0.034375 0.0640625
1 0.24296875 0.4 0.034375 0.0578125
1 0.18359375 0.409375 0.0328125 0.05625
1 0.13984375 0.5953125 0.0328125 0.05625
1 0.21171875 0.49140625 0.0328125 0.059375
1 0.26796875 0.58125 0.0390625 0.0703125
1 0.346875 0.49609375 0.0390625 0.075
1 0.7828125 0.48984375 0.0390625 0.065625
1 0.8390625 0.490625 0.040625 0.071875
1 0.7140625 0.7125 0.05 0.0828125
1 0.91875 0.4234375 0.0296875 0.059375
1 0.8421875 0.28125 0.0265625 0.053125
1 0.871875 0.2765625 0.025 0.046875
1 0.76796875 0.12578125 0.025 0.0453125
1 0.76328125 0.08828125 0.01875 0.0375
1 0.72890625 0.07890625 0.021875 0.0421875
1 0.7359375 0.12890625 0.01875 0.0234375
1 0.690625 0.03671875 0.0203125 0.0328125
1 0.69609375 0.01953125 0.015625 0.028125
2 0.665625 0.009375 0.015625 0.01875