3 0.1359375 0.34375 0.04609375 0.071875
3 0.153125 0.23671875 0.04296875 0.09296875
3 0.18984375 0.171875 0.03515625 0.05546875
3 0.22578125 0.16171875 0.03828125 0.059375
3 0.2125 0.11953125 0.02890625 0.05078125
3 0.2453125 0.11015625 0.03671875 0.05703125
0 0.275 0.075 0.03984375 0.04453125
0 0.390625 0.05625 0.0390625 0.053125
3 0.35703125 0.1015625 0.040625 0.0765625
0 0.39609375 0.103125 0.0421875 0.06640625
3 0.4296875 0.046875 0.04296875 0.06015625
3 0.46953125 0.04296875 0.0375 0.053125
3 0.5125 0.04375 0.03984375 0.06171875
0 0.55078125 0.0453125 0.04140625 0.05390625
3 0.5921875 0.0421875 0.04609375 0.06171875
3 0.6375 0.04921875 0.0390625 0.05625
3 0.65390625 0.09765625 0.04453125 0.075
0 0.56875 0.09375 0.046875 0.065625
0 0.7046875 0.17890625 0.06015625 0.08125
3 0.6546875 0.16875 0.04296875 0.08671875
0 0.46953125 0.2484375 0.05546875 0.08125
3 0.53125 0.24453125 0.07265625 0.1015625
3 0.69609375 0.2609375 0.0609375 0.09453125
3 0.75234375 0.2703125 0.05703125 0.121875
0 0.77890625 0.39375 0.06875 0.09609375
0 0.71796875 0.396875 0.06484375 0.10546875
0 0.65546875 0.36875 0.0640625 0.1296875
3 0.5890625 0.35625 0.078125 0.1359375
3 0.32265625 0.36796875 0.08125 0.10625
0 0.2546875 0.3765625 0.06484375 0.11953125
0 0.20234375 0.38671875 0.0578125 0.10546875
0 0.26640625 0.575 0.09296875 0.1203125
3 0.42421875 0.496875 0.0796875 0.15625
3 0.76015625 0.55078125 0.07734375 0.14375
0 0.82421875 0.54609375 0.0703125 0.16953125
3 0.7140625 0.03671875 0.02734375 0.05390625
3 0.73828125 0.07890625 0.03203125 0.05703125
3 0.8 0.121875 0.03203125 0.05
3 0.82265625 0.18046875 0.02421875 0.08125
3 0.85703125 0.34296875 0.04921875 0.10859375
3 0.8875 0.3328125 0.0328125 0.0859375
3 0.96875 0.709375 0.0625 0.09453125
3 0.48359375 0.09140625 0.0546875 0.06796875
3 0.56640625 0.15625 0.04921875 0.08203125
3 0.34453125 0.2421875 0.07265625 0.12890625
3 0.409375 0.24140625 0.0671875 0.1
3 0.903125 0.490625 0.06484375 0.11328125
3 0.790625 0.178125 0.05 0.084375
3 0.765625 0.1265625 0.0390625 0.08125
3 0.309375 0.03125 0.0328125 0.05390625
0 0.50859375 0.16953125 0.06796875 0.0734375
3 0.45390625 0.16171875 0.05078125 0.0953125
3 0.40390625 0.15625 0.05703125 0.09609375
0 0.14765625 0.56171875 0.071875 0.10546875
3 0.20859375 0.525 0.06484375 0.11640625
3 0.35078125 0.5171875 0.07109375 0.1546875
3 0.596875 0.52265625 0.09296875 0.14375
3 0.6828125 0.53828125 0.08515625 0.18125
3 0.671875 0.75390625 0.1234375 0.1765625
0 0.28125 0.0390625 0.0265625 0.04453125
0 0.43515625 0.11015625 0.04296875 0.05
0 0.31640625 0.18515625 0.05 0.0796875
0 0.27265625 0.1890625 0.04296875 0.0859375
1 0.125 0.33359375 0.02109375 0.04453125
1 0.14140625 0.2140625 0.01953125 0.04375
1 0.184375 0.16328125 0.01640625 0.03125
1 0.21640625 0.15390625 0.01484375 0.040625
1 0.20625 0.11171875 0.01328125 0.03125
1 0.24375 0.0984375 0.01484375 0.03203125
1 0.265625 0.06796875 0.015625 0.03046875
1 0.303125 0.02109375 0.0140625 0.0265625
1 0.28046875 0.03203125 0.0140625 0.02890625
1 0.39609375 0.04921875 0.01484375 0.03046875
1 0.42734375 0.034375 0.0140625 0.03046875
1 0.39453125 0.0921875 0.02109375 0.03984375
1 0.35078125 0.08046875 0.01875 0.03515625
1 0.44140625 0.10546875 0.02109375 0.03359375
1 0.46953125 0.03125 0.015625 0.03125
1 0.4859375 0.078125 0.01953125 0.0359375
1 0.51328125 0.03125 0.01796875 0.034375
1 0.4546875 0.140625 0.02421875 0.046875
1 0.5015625 0.1625 0.021875 0.04375
1 0.57578125 0.140625 0.02421875 0.04609375
1 0.56640625 0.08125 0.01953125 0.0359375
1 0.55078125 0.040625 0.015625 0.03203125
1 0.59140625 0.03125 0.01796875 0.0359375
1 0.64453125 0.04140625 0.01796875 0.03671875
1 0.659375 0.08203125 0.01953125 0.040625
1 0.70625 0.16328125 0.02109375 0.04375
1 0.65859375 0.146875 0.01953125 0.0390625
1 0.303125 0.16953125 0.0234375 0.04453125
1 0.2734375 0.1734375 0.02109375 0.04375
1 0.3328125 0.20859375 0.02421875 0.0609375
1 0.40390625 0.21875 0.025 0.05546875
1 0.4671875 0.2453125 0.028125 0.0515625
1 0.53515625 0.22421875 0.02890625 0.05546875
1 0.7015625 0.24140625 0.02421875 0.05
1 0.7609375 0.2390625 0.02734375 0.05546875
1 0.7890625 0.38046875 0.028125 0.05390625
1 0.59609375 0.33359375 0.0296875 0.06328125
1 0.31875 0.34921875 0.0296875 0.059375
1 0.2546875 0.37109375 0.02734375 0.0515625
1 0.1921875 0.3765625 0.02734375 0.04921875
1 0.13125 0.5453125 0.02734375 0.059375
1 0.259375 0.55625 0.0328125 0.0640625
1 0.33828125 0.47578125 0.03359375 0.06953125
1 0.68984375 0.4953125 0.0359375 0.0796875
1 0.78203125 0.51953125 0.03359375 0.065625
1 0.83828125 0.5265625 0.03515625 0.06953125
1 0.690625 0.73203125 0.04140625 0.08046875
1 0.92421875 0.46875 0.02421875 0.05546875
1 0.86328125 0.31796875 0.021875 0.05078125
1 0.8921875 0.31328125 0.01953125 0.04453125
1 0.82265625 0.159375 0.01796875 0.03671875
1 0.80390625 0.15703125 0.01953125 0.04140625
1 0.80546875 0.11796875 0.0140625 0.0359375
1 0.771875 0.1078125 0.01953125 0.04140625
1 0.76953125 0.0640625 0.01484375 0.034375
3 0.765625 0.07109375 0.0328125 0.05078125
3 0.684375 0.08046875 0.04140625 0.14296875
1 0.67578125 0.028125 0.01953125 0.0390625
1 0.71875 0.02578125 0.0140625 0.03046875