3 0.1203125 0.38359375 0.05625 0.06875
3 0.13046875 0.26796875 0.0578125 0.1015625
3 0.153125 0.2125 0.040625 0.059375
3 0.18671875 0.1984375 0.046875 0.0625
3 0.16796875 0.15703125 0.034375 0.053125
3 0.19921875 0.1453125 0.0453125 0.0640625
0 0.22734375 0.1015625 0.0453125 0.0515625
0 0.3375 0.07265625 0.0453125 0.0578125
3 0.309375 0.121875 0.05 0.08125
0 0.35 0.11640625 0.0515625 0.0734375
3 0.37578125 0.05859375 0.05 0.065625
3 0.41484375 0.05 0.04375 0.0578125
3 0.45703125 0.04453125 0.046875 0.065625
0 0.49453125 0.040625 0.05 0.0609375
0 0.53515625 0.0359375 0.0515625 0.0640625
3 0.584375 0.03828125 0.046875 0.0625
3 0.60390625 0.08359375 0.053125 0.0765625
0 0.5203125 0.0921875 0.0578125 0.075
0 0.66171875 0.1453125 0.0671875 0.1
3 0.61328125 0.1515625 0.0546875 0.0953125
0 0.4390625 0.25390625 0.065625 0.0890625
3 0.50078125 0.240625 0.0828125 0.1078125
3 0.6640625 0.2421875 0.0734375 0.1046875
3 0.72265625 0.23984375 0.071875 0.1265625
0 0.7640625 0.36015625 0.078125 0.1046875
0 0.703125 0.37109375 0.0765625 0.1125
0 0.63671875 0.3515625 0.078125 0.1359375
3 0.5703125 0.34609375 0.0953125 0.1484375
3 0.3078125 0.39140625 0.090625 0.1125
0 0.240625 0.4078125 0.0796875 0.1265625
0 0.190625 0.42421875 0.0703125 0.1125
0 0.27734375 0.60234375 0.109375 0.1328125
3 0.4234375 0.51484375 0.0953125 0.1671875
3 0.76484375 0.521875 0.09375 0.1515625
0 0.828125 0.509375 0.0921875 0.1796875
3 0.6515625 0.01953125 0.0375 0.0390625
3 0.68203125 0.0453125 0.0375 0.06875
3 0.75234375 0.08984375 0.040625 0.0625
3 0.78203125 0.14375 0.03125 0.0828125
3 0.8328125 0.3015625 0.0625 0.1125
3 0.8640625 0.2859375 0.040625 0.0890625
3 0.9765625 0.65078125 0.046875 0.1015625
3 0.43203125 0.096875 0.0625 0.075
3 0.5234375 0.15078125 0.059375 0.0890625
3 0.31171875 0.26484375 0.0828125 0.128125
3 0.378125 0.2546875 0.0796875 0.1109375
3 0.90390625 0.45078125 0.0828125 0.1203125
3 0.75 0.1484375 0.059375 0.0828125
3 0.7171875 0.09375 0.0484375 0.0828125
3 0.25390625 0.0578125 0.040625 0.0546875
0 0.309375 0.03984375 0.0390625 0.04375
0 0.46953125 0.171875 0.0765625 0.0859375
3 0.4140625 0.16875 0.0625 0.109375
3 0.36328125 0.178125 0.06875 0.0953125
0 0.15546875 0.6078125 0.0859375 0.128125
3 0.21484375 0.5640625 0.08125 0.128125
3 0.3546875 0.53671875 0.090625 0.1671875
3 0.59609375 0.51171875 0.109375 0.1546875
3 0.6859375 0.51484375 0.109375 0.1875
3 0.70078125 0.73125 0.14375 0.1875
0 0.22734375 0.06796875 0.0328125 0.046875
0 0.38828125 0.121875 0.0484375 0.059375
0 0.2796875 0.209375 0.059375 0.08125
0 0.2359375 0.21875 0.053125 0.084375
2 0.13828125 0.58125 0.0375 0.059375
1 0.26875 0.58515625 0.0421875 0.0703125
1 0.33671875 0.49609375 0.0421875 0.0734375
1 0.6875 0.47578125 0.046875 0.084375
1 0.78203125 0.48515625 0.040625 0.0671875
1 0.840625 0.48671875 0.0421875 0.0734375
1 0.7171875 0.70625 0.0515625 0.084375
1 0.1078125 0.37890625 0.028125 0.046875
1 0.12265625 0.240625 0.025 0.046875
1 0.146875 0.20234375 0.01875 0.0328125
1 0.1765625 0.190625 0.0203125 0.040625
1 0.16171875 0.1515625 0.0171875 0.03125
1 0.19765625 0.1328125 0.01875 0.0328125
1 0.215625 0.0984375 0.0203125 0.0328125
1 0.2234375 0.0625 0.01875 0.03125
1 0.24609375 0.0484375 0.01875 0.03125
1 0.34296875 0.0640625 0.0203125 0.0359375
1 0.30078125 0.10234375 0.021875 0.0375
1 0.34609375 0.10859375 0.025 0.040625
1 0.371875 0.04765625 0.0203125 0.0328125
1 0.41171875 0.03828125 0.01875 0.03125
1 0.39453125 0.115625 0.025 0.0359375
1 0.434375 0.08359375 0.0265625 0.040625
1 0.46171875 0.16484375 0.028125 0.0484375
1 0.45625 0.0328125 0.0203125 0.0359375
1 0.49375 0.03125 0.01875 0.0359375
1 0.5140625 0.0765625 0.0234375 0.040625
1 0.5359375 0.0265625 0.021875 0.040625
1 0.5875 0.028125 0.0203125 0.0375
1 0.60703125 0.06484375 0.025 0.040625
0 0.571875 0.08203125 0.0609375 0.0703125
1 0.58984375 0.07890625 0.025 0.04375
1 0.61796875 0.12734375 0.028125 0.04375
1 0.65703125 0.121875 0.025 0.046875
1 0.53046875 0.134375 0.0296875 0.046875
1 0.4125 0.14453125 0.0296875 0.05
1 0.265625 0.19765625 0.0296875 0.04375
1 0.23515625 0.2015625 0.025 0.046875
1 0.29921875 0.23671875 0.0328125 0.059375
1 0.3703125 0.23359375 0.034375 0.0609375
1 0.4421875 0.24921875 0.034375 0.05625
1 0.5015625 0.2234375 0.0328125 0.053125
1 0.6671875 0.22109375 0.0296875 0.05625
1 0.72578125 0.21171875 0.0328125 0.0625
1 0.77265625 0.34609375 0.034375 0.0578125
1 0.57421875 0.32421875 0.0375 0.0640625
1 0.1796875 0.41640625 0.034375 0.0546875
1 0.23984375 0.4046875 0.0328125 0.0578125
1 0.3 0.37265625 0.0359375 0.0671875
1 0.925 0.421875 0.03125 0.059375
1 0.83828125 0.27578125 0.028125 0.053125
1 0.86640625 0.265625 0.025 0.046875
1 0.7796875 0.121875 0.0203125 0.040625
1 0.7640625 0.1296875 0.0234375 0.0421875
1 0.721875 0.07734375 0.025 0.0421875
1 0.75703125 0.07890625 0.01875 0.0375
1 0.7109375 0.040625 0.0203125 0.0359375
2 0.684375 0.0296875 0.01875 0.034375
1 0.65859375 0.00859375 0.0171875 0.0171875