3 0.1359375 0.3421875 0.04296875 0.06953125
3 0.15625 0.23671875 0.04140625 0.09453125
3 0.190625 0.1734375 0.03515625 0.05546875
3 0.2265625 0.1609375 0.03984375 0.06171875
3 0.2125 0.1203125 0.028125 0.0484375
3 0.23984375 0.115625 0.03671875 0.05703125
0 0.27734375 0.0765625 0.03984375 0.04375
0 0.390625 0.0578125 0.0390625 0.053125
3 0.35703125 0.10234375 0.040625 0.0765625
0 0.39609375 0.1 0.0421875 0.06875
3 0.43046875 0.04921875 0.0421875 0.06015625
3 0.46953125 0.04296875 0.0375 0.053125
3 0.51171875 0.04609375 0.040625 0.059375
0 0.55 0.04609375 0.04140625 0.0515625
3 0.59140625 0.04296875 0.04609375 0.06484375
3 0.63984375 0.0515625 0.04140625 0.05625
0 0.653125 0.10859375 0.0546875 0.07109375
0 0.56875 0.09375 0.04296875 0.0640625
0 0.70546875 0.1765625 0.06015625 0.08046875
3 0.65390625 0.1609375 0.04609375 0.09609375
0 0.46953125 0.2484375 0.05703125 0.08359375
0 0.5328125 0.24296875 0.07109375 0.090625
3 0.69609375 0.26171875 0.0609375 0.09453125
3 0.7515625 0.2703125 0.05625 0.1203125
0 0.78046875 0.390625 0.06796875 0.09296875
0 0.71796875 0.39765625 0.06484375 0.1046875
0 0.65546875 0.36875 0.0640625 0.1296875
3 0.5875 0.35859375 0.0796875 0.140625
3 0.32421875 0.36953125 0.0828125 0.10625
0 0.25390625 0.38125 0.06640625 0.125
0 0.20390625 0.38671875 0.05859375 0.10625
3 0.26953125 0.52578125 0.07265625 0.14921875
3 0.421875 0.51875 0.07578125 0.15546875
3 0.76015625 0.55078125 0.07734375 0.14375
3 0.81875 0.53671875 0.06328125 0.18046875
3 0.71328125 0.03515625 0.02890625 0.0609375
3 0.73125 0.07109375 0.03359375 0.06640625
3 0.80078125 0.12890625 0.03359375 0.06015625
3 0.82578125 0.19296875 0.028125 0.065625
3 0.85625 0.34375 0.0453125 0.10546875
3 0.8875 0.33359375 0.0328125 0.0859375
3 0.96875 0.7109375 0.0625 0.09453125
3 0.4828125 0.09140625 0.05703125 0.06953125
3 0.5765625 0.14296875 0.05390625 0.096875
3 0.34296875 0.25078125 0.065625 0.10390625
3 0.40859375 0.24453125 0.0671875 0.09609375
3 0.903125 0.49296875 0.06484375 0.115625
3 0.790625 0.18125 0.046875 0.0765625
3 0.7640625 0.12578125 0.03828125 0.08125
3 0.30703125 0.03359375 0.03125 0.05390625
0 0.36796875 0.02109375 0.0359375 0.03984375
3 0.509375 0.1625 0.0546875 0.07890625
3 0.45546875 0.16328125 0.05546875 0.09921875
3 0.403125 0.16328125 0.05625 0.09140625
0 0.146875 0.55703125 0.0734375 0.09375
3 0.2234375 0.50546875 0.059375 0.159375
3 0.3484375 0.5265625 0.06640625 0.16953125
3 0.603125 0.52734375 0.08828125 0.175
3 0.68359375 0.53203125 0.0859375 0.1984375
3 0.66328125 0.715625 0.10390625 0.17109375
0 0.27890625 0.03984375 0.02890625 0.04453125
0 0.43515625 0.10703125 0.04296875 0.05546875
3 0.31875 0.17421875 0.0453125 0.090625
0 0.275 0.1890625 0.0484375 0.08515625
0 0.75 0.05625 0.0265625 0.046875
1 0.12578125 0.33203125 0.021875 0.04453125
1 0.146875 0.2125 0.01953125 0.04375
1 0.184375 0.16484375 0.01484375 0.03359375
1 0.21640625 0.15078125 0.01640625 0.04140625
1 0.20703125 0.1125 0.01328125 0.03046875
1 0.2296875 0.10625 0.01484375 0.03203125
1 0.265625 0.06875 0.01484375 0.03125
1 0.2765625 0.03359375 0.01484375 0.028125
1 0.3046875 0.021875 0.01484375 0.03125
1 0.3953125 0.05 0.015625 0.03125
1 0.42734375 0.03515625 0.01328125 0.03125
1 0.35859375 0.08203125 0.0171875 0.03671875
1 0.39609375 0.0890625 0.0203125 0.03984375
1 0.44140625 0.1046875 0.02109375 0.03515625
1 0.48515625 0.078125 0.01953125 0.03828125
1 0.46953125 0.03203125 0.01484375 0.03046875
1 0.5140625 0.03203125 0.01484375 0.03359375
1 0.5515625 0.04375 0.015625 0.03203125
1 0.56640625 0.08046875 0.01953125 0.03671875
1 0.59375 0.03046875 0.0171875 0.03515625
1 0.64453125 0.04375 0.01640625 0.03359375
1 0.6609375 0.09375 0.02109375 0.040625
1 0.7078125 0.1640625 0.02109375 0.04296875
1 0.515625 0.14375 0.0203125 0.04296875
1 0.45390625 0.14140625 0.02265625 0.0453125
1 0.40234375 0.14296875 0.02421875 0.04921875
1 0.31171875 0.1546875 0.02265625 0.04609375
1 0.27421875 0.171875 0.02265625 0.04453125
1 0.3421875 0.23046875 0.02421875 0.059375
1 0.4078125 0.228125 0.028125 0.05546875
1 0.4703125 0.240625 0.02578125 0.05546875
1 0.53828125 0.2359375 0.02734375 0.05390625
1 0.7015625 0.24296875 0.02421875 0.05078125
1 0.76171875 0.23984375 0.0265625 0.05546875
1 0.7875 0.37734375 0.0265625 0.053125
1 0.5953125 0.334375 0.02890625 0.059375
1 0.3171875 0.35 0.02890625 0.06484375
1 0.2546875 0.371875 0.02734375 0.0515625
1 0.19375 0.3765625 0.0265625 0.0515625
1 0.13203125 0.55625 0.02734375 0.0546875
1 0.21171875 0.45859375 0.028125 0.06484375
1 0.2625 0.49140625 0.03203125 0.075
1 0.35078125 0.48046875 0.03359375 0.07421875
1 0.6828125 0.66875 0.03828125 0.08125
1 0.78125 0.51875 0.03125 0.065625
1 0.83359375 0.496875 0.0328125 0.06875
1 0.92265625 0.465625 0.02421875 0.0546875
1 0.86328125 0.31796875 0.02109375 0.05078125
1 0.89296875 0.31640625 0.0203125 0.04375
1 0.83046875 0.18125 0.01796875 0.04375
1 0.80390625 0.1640625 0.01796875 0.04296875
1 0.771875 0.10859375 0.01953125 0.0390625
1 0.80546875 0.11796875 0.01484375 0.03515625
1 0.73515625 0.05625 0.01640625 0.034375
1 0.75234375 0.04453125 0.0140625 0.0265625
2 0.71484375 0.021875 0.0140625 0.03125