3 0.11484375 0.39609375 0.059375 0.0765625
3 0.1203125 0.29453125 0.0578125 0.1
3 0.140625 0.22421875 0.04375 0.065625
3 0.17578125 0.21015625 0.0484375 0.0640625
3 0.15703125 0.1703125 0.0359375 0.0515625
0 0.18671875 0.15625 0.046875 0.065625
0 0.2125 0.11640625 0.046875 0.05
0 0.32265625 0.0796875 0.046875 0.0578125
3 0.296875 0.1296875 0.0515625 0.08125
0 0.33515625 0.12265625 0.053125 0.075
3 0.36015625 0.065625 0.0515625 0.0640625
3 0.3984375 0.053125 0.0453125 0.0578125
3 0.44140625 0.04921875 0.0484375 0.0671875
0 0.47890625 0.04375 0.05 0.059375
3 0.51875 0.03515625 0.05625 0.0703125
3 0.56640625 0.03515625 0.0484375 0.0625
3 0.5828125 0.08125 0.053125 0.0765625
0 0.5046875 0.0921875 0.05625 0.0765625
0 0.65234375 0.15 0.071875 0.0890625
3 0.6015625 0.146875 0.0578125 0.0921875
0 0.4296875 0.25546875 0.0671875 0.0875
3 0.49140625 0.24140625 0.0859375 0.109375
3 0.65625 0.23359375 0.075 0.1015625
3 0.7125 0.2328125 0.0765625 0.1265625
0 0.7609375 0.34765625 0.084375 0.10625
0 0.6984375 0.36328125 0.0796875 0.1125
0 0.6328125 0.346875 0.0828125 0.1375
3 0.56484375 0.34453125 0.0984375 0.15
3 0.3046875 0.3984375 0.09375 0.115625
0 0.23671875 0.41796875 0.0828125 0.128125
0 0.1875 0.43671875 0.075 0.1140625
0 0.28203125 0.609375 0.115625 0.140625
3 0.42578125 0.52734375 0.0984375 0.165625
3 0.7640625 0.51015625 0.0984375 0.1546875
0 0.828125 0.496875 0.0984375 0.1796875
3 0.63671875 0.01875 0.0390625 0.0375
3 0.659375 0.03984375 0.0453125 0.075
3 0.7375 0.08203125 0.0375 0.05625
3 0.76875 0.13359375 0.0375 0.0859375
3 0.82734375 0.28984375 0.0625 0.1125
3 0.85703125 0.275 0.0453125 0.090625
3 0.97890625 0.6328125 0.0421875 0.103125
3 0.41875 0.09921875 0.0640625 0.0734375
3 0.51875 0.13515625 0.06875 0.1046875
0 0.3078125 0.28359375 0.078125 0.1
3 0.36953125 0.26015625 0.08125 0.109375
3 0.896875 0.428125 0.08125 0.1203125
3 0.7390625 0.13828125 0.05625 0.09375
3 0.703125 0.0890625 0.05 0.0859375
3 0.23828125 0.0671875 0.040625 0.05625
0 0.29453125 0.04765625 0.0421875 0.0453125
3 0.4578125 0.16484375 0.0765625 0.103125
3 0.403125 0.17421875 0.0703125 0.10625
3 0.35078125 0.18125 0.0671875 0.096875
0 0.1625 0.615625 0.0859375 0.11875
3 0.22109375 0.58515625 0.0828125 0.121875
3 0.35390625 0.5453125 0.08125 0.153125
3 0.5984375 0.5125 0.115625 0.1640625
3 0.68515625 0.50703125 0.1109375 0.1890625
3 0.70625 0.72578125 0.1546875 0.1984375
0 0.21171875 0.07890625 0.034375 0.046875
0 0.375 0.12734375 0.0515625 0.0625
0 0.2703125 0.21796875 0.0625 0.0828125
0 0.22578125 0.22890625 0.0546875 0.0875
0 0.67578125 0.0203125 0.0265625 0.040625
1 0.103125 0.39453125 0.03125 0.0484375
1 0.109375 0.27109375 0.0265625 0.046875
1 0.1359375 0.21171875 0.0203125 0.0359375
1 0.165625 0.20390625 0.0234375 0.0421875
1 0.14921875 0.1640625 0.0171875 0.0328125
1 0.18515625 0.14296875 0.01875 0.0328125
1 0.20078125 0.11171875 0.0203125 0.0328125
1 0.209375 0.071875 0.01875 0.03125
1 0.23125 0.0578125 0.0171875 0.028125
1 0.32734375 0.07109375 0.0203125 0.0328125
1 0.2890625 0.11015625 0.021875 0.0375
1 0.33203125 0.11328125 0.0265625 0.0421875
1 0.38125 0.1203125 0.025 0.034375
1 0.35625 0.05390625 0.01875 0.0328125
1 0.39609375 0.04375 0.0203125 0.0328125
1 0.41953125 0.0859375 0.0265625 0.0390625
1 0.4390625 0.0359375 0.021875 0.034375
1 0.4796875 0.0359375 0.021875 0.0328125
1 0.49921875 0.0765625 0.025 0.0390625
1 0.51875 0.021875 0.0234375 0.040625
1 0.57109375 0.025 0.0203125 0.0359375
1 0.5703125 0.06953125 0.0265625 0.04375
1 0.60078125 0.12734375 0.0265625 0.046875
1 0.65390625 0.1375 0.028125 0.046875
1 0.44765625 0.14296875 0.03125 0.05
1 0.3953125 0.1515625 0.03125 0.0484375
1 0.25546875 0.2046875 0.0296875 0.04375
1 0.22421875 0.2140625 0.028125 0.046875
1 0.30703125 0.26875 0.0328125 0.0625
1 0.36171875 0.240625 0.0359375 0.059375
1 0.434375 0.24921875 0.034375 0.059375
1 0.4921875 0.2265625 0.0359375 0.05625
1 0.6609375 0.2125 0.03125 0.053125
1 0.71796875 0.20390625 0.034375 0.059375
1 0.76875 0.33203125 0.034375 0.0546875
1 0.56796875 0.321875 0.0390625 0.0640625
1 0.29609375 0.37890625 0.0375 0.0640625
1 0.2390625 0.4140625 0.034375 0.0546875
1 0.1765625 0.4265625 0.0375 0.05625
1 0.27109375 0.5921875 0.04375 0.0703125
1 0.68515625 0.46640625 0.046875 0.0859375
1 0.78125 0.47734375 0.0421875 0.06875
1 0.8390625 0.475 0.0453125 0.071875
1 0.72734375 0.69765625 0.0515625 0.084375
1 0.91328125 0.40078125 0.034375 0.0578125
1 0.83046875 0.26328125 0.0296875 0.053125
1 0.859375 0.2546875 0.0265625 0.046875
2 0.80859375 0.16640625 0.0234375 0.0421875
3 0.8015625 0.19375 0.08125 0.10625
1 0.765625 0.1109375 0.0234375 0.0390625
1 0.746875 0.1125 0.025 0.04375
1 0.70703125 0.06875 0.025 0.0421875
1 0.7421875 0.07421875 0.01875 0.0375
1 0.675 0.01328125 0.01875 0.0265625
3 0.6953125 0.0359375 0.0375 0.0546875
1 0.6953125 0.0296875 0.0203125 0.0359375
1 0.6625 0.021875 0.01875 0.034375
1 0.640625 0.00703125 0.01875 0.0140625