3 0.125 0.3671875 0.0484375 0.071875
3 0.13828125 0.265625 0.0484375 0.090625
3 0.16640625 0.1921875 0.0390625 0.0640625
3 0.20390625 0.18125 0.04375 0.0609375
3 0.18515625 0.140625 0.0296875 0.053125
3 0.21328125 0.134375 0.040625 0.059375
0 0.2484375 0.090625 0.0421875 0.046875
0 0.36015625 0.065625 0.0421875 0.05625
3 0.3265625 0.11015625 0.0484375 0.084375
0 0.36875 0.1078125 0.046875 0.071875
3 0.39921875 0.05703125 0.046875 0.0640625
3 0.43671875 0.04609375 0.040625 0.0578125
3 0.4796875 0.04453125 0.0453125 0.0640625
0 0.51875 0.04296875 0.04375 0.05625
3 0.559375 0.03828125 0.0484375 0.0625
3 0.60625 0.04375 0.0453125 0.05625
0 0.62578125 0.09296875 0.0625 0.0796875
0 0.53984375 0.0890625 0.046875 0.0671875
0 0.6828125 0.165625 0.065625 0.0859375
3 0.6296875 0.153125 0.05 0.0765625
0 0.45234375 0.24921875 0.0609375 0.084375
3 0.51328125 0.24140625 0.078125 0.1046875
3 0.6796875 0.2484375 0.0671875 0.0984375
3 0.7359375 0.25390625 0.065625 0.1234375
0 0.7703125 0.36875 0.0765625 0.1046875
0 0.7109375 0.38359375 0.071875 0.109375
0 0.64609375 0.359375 0.0734375 0.134375
3 0.57890625 0.35078125 0.0890625 0.1453125
3 0.31484375 0.38046875 0.0890625 0.1109375
0 0.24609375 0.39765625 0.075 0.1296875
0 0.19609375 0.40859375 0.065625 0.109375
3 0.271875 0.540625 0.084375 0.1515625
3 0.42421875 0.52109375 0.0875 0.1703125
3 0.76328125 0.53359375 0.0875 0.15
0 0.82734375 0.521875 0.08125 0.1703125
3 0.68125 0.0234375 0.03125 0.046875
3 0.70078125 0.05625 0.0390625 0.065625
3 0.77421875 0.10859375 0.0375 0.0625
3 0.803125 0.16796875 0.0375 0.0765625
3 0.8453125 0.31953125 0.0546875 0.109375
3 0.875 0.309375 0.0390625 0.0875
3 0.97421875 0.67890625 0.0515625 0.0984375
3 0.4546875 0.09375 0.0578125 0.071875
3 0.55 0.13828125 0.0609375 0.103125
3 0.3265625 0.26015625 0.071875 0.1109375
3 0.39140625 0.25078125 0.0765625 0.103125
3 0.90234375 0.4625 0.0734375 0.1171875
3 0.771875 0.1625 0.0453125 0.103125
3 0.7390625 0.10859375 0.0453125 0.0828125
3 0.275 0.046875 0.034375 0.05625
0 0.334375 0.03125 0.0390625 0.04375
3 0.484375 0.1515625 0.0640625 0.090625
3 0.43203125 0.1671875 0.0625 0.103125
3 0.3796875 0.16875 0.0625 0.096875
0 0.15 0.58125 0.0796875 0.1
3 0.22421875 0.525 0.0703125 0.1625
3 0.353125 0.53671875 0.075 0.1734375
3 0.59296875 0.5015625 0.0984375 0.184375
3 0.6828125 0.5203125 0.1 0.209375
3 0.6859375 0.74140625 0.1390625 0.184375
0 0.24765625 0.0578125 0.03125 0.0453125
0 0.4078125 0.11484375 0.046875 0.0578125
3 0.2953125 0.19140625 0.0515625 0.0828125
0 0.25234375 0.20390625 0.0515625 0.0828125
0 0.7171875 0.03984375 0.034375 0.0484375
1 0.11484375 0.35703125 0.0234375 0.0453125
1 0.128125 0.24140625 0.021875 0.0421875
1 0.16171875 0.1796875 0.0171875 0.0359375
1 0.1921875 0.17421875 0.01875 0.040625
1 0.18046875 0.13359375 0.0140625 0.03125
1 0.20234375 0.125 0.0171875 0.034375
1 0.2359375 0.08515625 0.0171875 0.0328125
1 0.24375 0.0515625 0.0171875 0.0328125
1 0.27265625 0.034375 0.0171875 0.0296875
1 0.3640625 0.05859375 0.0171875 0.0328125
1 0.328125 0.090625 0.0203125 0.0375
1 0.36875 0.09609375 0.0234375 0.0453125
1 0.39609375 0.040625 0.0171875 0.03125
1 0.4375 0.034375 0.0171875 0.0328125
1 0.45625 0.08046875 0.021875 0.0390625
1 0.48046875 0.03203125 0.0203125 0.0328125
1 0.51640625 0.0390625 0.0171875 0.0328125
1 0.55859375 0.02578125 0.0203125 0.040625
1 0.5359375 0.07734375 0.021875 0.0375
1 0.61171875 0.034375 0.0203125 0.0375
2 0.62890625 0.07265625 0.0234375 0.0421875
1 0.6828125 0.15234375 0.025 0.046875
1 0.63515625 0.13828125 0.0234375 0.0421875
1 0.4765625 0.13125 0.025 0.05
1 0.42890625 0.14453125 0.025 0.046875
1 0.37734375 0.15078125 0.0296875 0.0515625
1 0.2859375 0.17265625 0.0265625 0.0484375
1 0.2515625 0.18828125 0.0234375 0.0453125
1 0.321875 0.240625 0.028125 0.0609375
1 0.3875 0.23125 0.0296875 0.0578125
1 0.45703125 0.24296875 0.0296875 0.05625
1 0.51640625 0.22578125 0.0296875 0.053125
1 0.684375 0.2296875 0.0265625 0.0515625
1 0.7421875 0.22421875 0.0296875 0.0578125
1 0.77734375 0.346875 0.0296875 0.0578125
1 0.584375 0.328125 0.0375 0.0640625
1 0.30859375 0.3625 0.034375 0.0625
1 0.1859375 0.39609375 0.03125 0.0546875
1 0.1375 0.58671875 0.03125 0.0578125
1 0.21171875 0.48125 0.0328125 0.0609375
1 0.26328125 0.50625 0.0375 0.0765625
1 0.35 0.490625 0.0390625 0.0734375
1 0.7828125 0.50078125 0.0375 0.0671875
1 0.8421875 0.503125 0.040625 0.071875
1 0.7140625 0.709375 0.0484375 0.084375
1 0.9203125 0.4390625 0.028125 0.0578125
1 0.85 0.29296875 0.025 0.0515625
1 0.8796875 0.2890625 0.021875 0.0453125
1 0.8109375 0.14921875 0.0203125 0.040625
1 0.77890625 0.13359375 0.0234375 0.04375
1 0.778125 0.09765625 0.01875 0.0390625
1 0.74375 0.08984375 0.021875 0.0421875
1 0.709375 0.04140625 0.0171875 0.0328125
1 0.72109375 0.02890625 0.015625 0.0296875
2 0.6828125 0.0140625 0.015625 0.028125