3 0.1703125 0.271875 0.059375 0.0734375
3 0.20625 0.18125 0.0578125 0.0984375
3 0.25 0.121875 0.04375 0.0609375
3 0.28984375 0.11953125 0.0484375 0.0609375
3 0.2828125 0.075 0.0359375 0.053125
3 0.3171875 0.065625 0.04375 0.0703125
0 0.353125 0.040625 0.0453125 0.05
0 0.46953125 0.04375 0.0484375 0.059375
3 0.42734375 0.0828125 0.0515625 0.08125
0 0.46875 0.08984375 0.0546875 0.0765625
3 0.51015625 0.0421875 0.0515625 0.0625
3 0.54921875 0.04453125 0.046875 0.059375
3 0.59140625 0.053125 0.05 0.06875
0 0.62890625 0.059375 0.05 0.0609375
3 0.66953125 0.065625 0.0546875 0.06875
3 0.71484375 0.08046875 0.0484375 0.0609375
0 0.71953125 0.1421875 0.0703125 0.078125
0 0.63828125 0.1109375 0.053125 0.0703125
0 0.7578125 0.21640625 0.0734375 0.090625
3 0.71015625 0.19609375 0.05625 0.08125
0 0.5140625 0.2453125 0.06875 0.0890625
3 0.57578125 0.25234375 0.0875 0.109375
3 0.73515625 0.2984375 0.0765625 0.103125
3 0.78828125 0.31484375 0.078125 0.1296875
0 0.7953125 0.43125 0.090625 0.125
0 0.7328125 0.43359375 0.08125 0.1140625
0 0.67578125 0.39765625 0.0859375 0.1390625
3 0.61171875 0.37265625 0.1015625 0.1515625
3 0.3484375 0.33984375 0.0953125 0.115625
0 0.278125 0.33515625 0.084375 0.128125
0 0.22578125 0.3359375 0.0765625 0.1140625
0 0.2578125 0.53515625 0.1171875 0.140625
3 0.42109375 0.50234375 0.1015625 0.16875
3 0.746875 0.6 0.1015625 0.1609375
0 0.8125 0.6 0.0984375 0.175
3 0.7921875 0.07734375 0.0359375 0.0578125
3 0.80546875 0.11640625 0.0421875 0.06875
3 0.86015625 0.1859375 0.040625 0.0609375
3 0.87734375 0.2546875 0.04375 0.075
3 0.87890625 0.40703125 0.0640625 0.1125
3 0.91171875 0.403125 0.0484375 0.090625
3 0.92578125 0.78671875 0.078125 0.1046875
3 0.55234375 0.09453125 0.0640625 0.0765625
3 0.63828125 0.16171875 0.0734375 0.1078125
3 0.3890625 0.225 0.084375 0.115625
3 0.45546875 0.23046875 0.0859375 0.1109375
3 0.89921875 0.56171875 0.084375 0.121875
3 0.84609375 0.234375 0.05625 0.0921875
3 0.8265625 0.17734375 0.053125 0.0859375
3 0.39453125 0.015625 0.0390625 0.03125
0 0.4515625 0.0140625 0.04375 0.028125
3 0.56953125 0.16328125 0.08125 0.115625
3 0.5171875 0.15703125 0.071875 0.1140625
3 0.4640625 0.1453125 0.0703125 0.103125
0 0.1421875 0.49375 0.0890625 0.10625
3 0.22421875 0.46953125 0.0984375 0.1515625
3 0.346875 0.496875 0.0859375 0.1640625
3 0.59609375 0.53515625 0.1171875 0.18125
3 0.6765625 0.56015625 0.1171875 0.1984375
3 0.62109375 0.77890625 0.159375 0.1984375
0 0.3640625 0.01484375 0.0375 0.0296875
0 0.503125 0.103125 0.053125 0.0578125
0 0.3734375 0.15390625 0.0609375 0.0859375
0 0.33046875 0.15390625 0.0578125 0.0875
1 0.15859375 0.2671875 0.0296875 0.0484375
1 0.20234375 0.159375 0.0265625 0.046875
1 0.2453125 0.115625 0.021875 0.0359375
1 0.28046875 0.11171875 0.0234375 0.0421875
1 0.278125 0.06640625 0.01875 0.0328125
2 0.31796875 0.05 0.0203125 0.0328125
1 0.34453125 0.03359375 0.0203125 0.034375
1 0.3625 0.00703125 0.01875 0.0140625
1 0.33359375 0.1375 0.0265625 0.046875
1 0.36484375 0.13984375 0.03125 0.046875
1 0.47578125 0.0375 0.021875 0.034375
1 0.42734375 0.0609375 0.0234375 0.0375
1 0.46875 0.07890625 0.028125 0.0453125
1 0.51015625 0.02890625 0.0203125 0.0328125
1 0.51171875 0.1015625 0.0265625 0.0390625
1 0.55234375 0.0328125 0.0203125 0.0328125
1 0.59453125 0.040625 0.0203125 0.034375
1 0.55859375 0.08203125 0.028125 0.040625
1 0.63203125 0.05234375 0.021875 0.034375
1 0.671875 0.053125 0.021875 0.0390625
1 0.63828125 0.09921875 0.0265625 0.0390625
1 0.72109375 0.07265625 0.0234375 0.0390625
1 0.728125 0.1296875 0.028125 0.0421875
1 0.4703125 0.1296875 0.0328125 0.0546875
1 0.515625 0.128125 0.0328125 0.053125
1 0.56796875 0.13515625 0.03125 0.053125
1 0.7171875 0.17890625 0.028125 0.0421875
1 0.7640625 0.20859375 0.0296875 0.046875
1 0.803125 0.2875 0.0359375 0.059375
1 0.74453125 0.28125 0.03125 0.053125
1 0.58125 0.23828125 0.034375 0.0546875
1 0.5203125 0.2390625 0.0359375 0.05625
1 0.45546875 0.2109375 0.0359375 0.059375
1 0.39375 0.2078125 0.034375 0.0625
1 0.21796875 0.32265625 0.0375 0.059375
1 0.28125 0.33359375 0.0359375 0.059375
1 0.34765625 0.31953125 0.0390625 0.0609375
1 0.62265625 0.35078125 0.0390625 0.065625
1 0.809375 0.4078125 0.0375 0.0625
1 0.8296875 0.58515625 0.046875 0.075
1 0.7734375 0.5671875 0.04375 0.0703125
1 0.68984375 0.5125 0.0484375 0.084375
1 0.25390625 0.51328125 0.0453125 0.0734375
2 0.2140625 0.4296875 0.0390625 0.0703125
1 0.12734375 0.49140625 0.0375 0.0625
1 0.6453125 0.76484375 0.05625 0.0859375
1 0.92265625 0.54296875 0.034375 0.0609375
1 0.88828125 0.38359375 0.0296875 0.05625
1 0.91953125 0.3875 0.028125 0.0453125
3 0.88984375 0.3078125 0.0578125 0.0953125
1 0.8859375 0.240625 0.025 0.040625
1 0.859375 0.21328125 0.0265625 0.04375
1 0.8359375 0.15859375 0.025 0.04375
1 0.86640625 0.1765625 0.021875 0.0390625
1 0.8109375 0.103125 0.021875 0.034375
3 0.83671875 0.125 0.040625 0.065625
1 0.8421875 0.1109375 0.0203125 0.0359375
1 0.79609375 0.0703125 0.0171875 0.0328125