3 0.13515625 0.340625 0.04609375 0.06875
3 0.15625 0.23828125 0.0421875 0.08828125
3 0.18828125 0.171875 0.034375 0.05546875
3 0.22578125 0.165625 0.03984375 0.06171875
3 0.2109375 0.11953125 0.02734375 0.0515625
3 0.2375 0.115625 0.03515625 0.0546875
0 0.27578125 0.0734375 0.03828125 0.04375
0 0.390625 0.05625 0.0390625 0.053125
3 0.35078125 0.09765625 0.03984375 0.08046875
0 0.3953125 0.0984375 0.04296875 0.06875
3 0.4296875 0.0484375 0.04296875 0.05703125
3 0.46953125 0.04296875 0.0375 0.053125
3 0.5109375 0.04453125 0.040625 0.0609375
0 0.55 0.04453125 0.0421875 0.053125
3 0.59140625 0.04296875 0.04453125 0.05859375
3 0.6375 0.046875 0.04140625 0.06171875
0 0.6546875 0.10703125 0.06015625 0.065625
0 0.56875 0.09296875 0.04296875 0.0640625
0 0.70546875 0.1765625 0.06015625 0.08046875
3 0.65390625 0.1625 0.04453125 0.075
0 0.46953125 0.2484375 0.05703125 0.08046875
3 0.53203125 0.2421875 0.07421875 0.096875
3 0.696875 0.2609375 0.06328125 0.09375
3 0.753125 0.26875 0.05703125 0.11875
0 0.778125 0.38359375 0.0703125 0.1015625
0 0.71875 0.396875 0.06484375 0.10625
0 0.65546875 0.36875 0.0640625 0.1296875
3 0.58828125 0.35625 0.07890625 0.140625
3 0.32265625 0.36796875 0.08203125 0.1046875
0 0.25390625 0.38125 0.06640625 0.125
0 0.20234375 0.3875 0.0578125 0.10625
0 0.26640625 0.57265625 0.09609375 0.11953125
3 0.4234375 0.51640625 0.075 0.15703125
3 0.7609375 0.553125 0.07421875 0.14453125
0 0.82421875 0.54296875 0.0703125 0.165625
3 0.7140625 0.03203125 0.02578125 0.053125
3 0.73203125 0.07421875 0.03359375 0.06875
3 0.80078125 0.12578125 0.03046875 0.05546875
3 0.8359375 0.2109375 0.05625 0.1296875
3 0.85703125 0.34375 0.04609375 0.10703125
3 0.8875 0.33203125 0.0328125 0.0859375
3 0.96875 0.70625 0.0625 0.09375
3 0.48359375 0.09140625 0.0546875 0.06796875
3 0.578125 0.14375 0.05703125 0.09609375
3 0.34453125 0.24921875 0.06640625 0.10546875
3 0.40859375 0.24375 0.0671875 0.09609375
3 0.90390625 0.490625 0.06640625 0.11328125
3 0.79375 0.18046875 0.04296875 0.08984375
3 0.765625 0.12421875 0.0390625 0.08125
3 0.30859375 0.03046875 0.0296875 0.0515625
0 0.36796875 0.02109375 0.0359375 0.03984375
3 0.51015625 0.15625 0.06328125 0.10078125
3 0.45625 0.1640625 0.05546875 0.09921875
3 0.40234375 0.16328125 0.0578125 0.08671875
0 0.14453125 0.55703125 0.075 0.096875
3 0.23203125 0.50625 0.07265625 0.15859375
3 0.35 0.5265625 0.06015625 0.16953125
3 0.59609375 0.51640625 0.08828125 0.1703125
3 0.68203125 0.52578125 0.08828125 0.18828125
3 0.66875 0.75234375 0.1296875 0.17890625
0 0.28046875 0.03828125 0.02890625 0.04453125
0 0.43515625 0.10859375 0.04296875 0.05546875
3 0.31640625 0.17578125 0.046875 0.08125
0 0.2734375 0.1890625 0.046875 0.084375
0 0.74453125 0.0484375 0.025 0.04375
1 0.12421875 0.33046875 0.02109375 0.0484375
1 0.146875 0.215625 0.01953125 0.04296875
1 0.184375 0.16484375 0.0140625 0.03359375
1 0.21640625 0.15546875 0.01796875 0.0390625
1 0.20625 0.11171875 0.01328125 0.03046875
1 0.228125 0.10546875 0.01484375 0.03125
1 0.265625 0.06875 0.015625 0.03125
1 0.275 0.03125 0.01328125 0.02890625
1 0.30390625 0.01796875 0.01484375 0.0265625
1 0.39609375 0.04921875 0.01640625 0.03046875
1 0.34140625 0.078125 0.01640625 0.0359375
1 0.39609375 0.08828125 0.02109375 0.04453125
1 0.4421875 0.10625 0.021875 0.0359375
1 0.42734375 0.034375 0.0140625 0.03125
1 0.46953125 0.03046875 0.01484375 0.03125
1 0.4859375 0.078125 0.02109375 0.03515625
1 0.5125 0.03125 0.01484375 0.03125
1 0.55 0.04296875 0.01640625 0.03046875
1 0.56640625 0.08125 0.01953125 0.0359375
1 0.59140625 0.03203125 0.01796875 0.0359375
1 0.64453125 0.0359375 0.01796875 0.040625
1 0.66015625 0.0984375 0.02109375 0.034375
1 0.70703125 0.1640625 0.02109375 0.04453125
1 0.45390625 0.1390625 0.02421875 0.046875
1 0.4015625 0.14296875 0.02421875 0.046875
1 0.31015625 0.1609375 0.02109375 0.04453125
1 0.27265625 0.171875 0.02109375 0.04453125
1 0.34375 0.23046875 0.02578125 0.059375
1 0.40625 0.2234375 0.0265625 0.05546875
1 0.475 0.240625 0.02734375 0.053125
1 0.70078125 0.24296875 0.02265625 0.05078125
1 0.7609375 0.2421875 0.02734375 0.05625
1 0.7875 0.36640625 0.02421875 0.0546875
1 0.5953125 0.33359375 0.03046875 0.0609375
1 0.31796875 0.34609375 0.02890625 0.0609375
1 0.2546875 0.3734375 0.028125 0.05546875
1 0.19453125 0.3765625 0.02734375 0.053125
1 0.13203125 0.55703125 0.02734375 0.05390625
1 0.2140625 0.4609375 0.02734375 0.05625
1 0.2609375 0.55625 0.03203125 0.06796875
1 0.3484375 0.48046875 0.03203125 0.071875
1 0.78203125 0.51953125 0.03203125 0.06328125
1 0.83828125 0.52578125 0.03359375 0.06875
1 0.690625 0.73359375 0.0421875 0.078125
1 0.92421875 0.46796875 0.0234375 0.05703125
1 0.86328125 0.31796875 0.021875 0.0515625
1 0.89296875 0.31640625 0.0203125 0.0453125
1 0.80546875 0.15546875 0.0203125 0.04296875
1 0.8046875 0.11796875 0.015625 0.0359375
1 0.771875 0.10546875 0.01796875 0.040625
1 0.7734375 0.15546875 0.01640625 0.02109375
1 0.73828125 0.059375 0.01640625 0.03125
1 0.7453125 0.04296875 0.01328125 0.0265625
2 0.71640625 0.0234375 0.01328125 0.03046875