3 0.13359375 0.3453125 0.0484375 0.065625
3 0.1578125 0.234375 0.04375 0.0953125
3 0.18515625 0.17421875 0.034375 0.059375
3 0.21875 0.165625 0.04375 0.059375
3 0.20625 0.12421875 0.0296875 0.05
3 0.23671875 0.1140625 0.040625 0.05625
0 0.2703125 0.078125 0.040625 0.0453125
0 0.3828125 0.05859375 0.040625 0.053125
3 0.34921875 0.1078125 0.040625 0.06875
0 0.390625 0.10546875 0.04375 0.06875
3 0.421875 0.0484375 0.04375 0.0609375
3 0.46171875 0.04375 0.0375 0.05625
3 0.503125 0.04453125 0.040625 0.065625
0 0.54296875 0.04375 0.0421875 0.0546875
3 0.58359375 0.0421875 0.046875 0.0609375
3 0.63046875 0.04453125 0.040625 0.0609375
3 0.646875 0.09453125 0.0421875 0.0734375
0 0.56171875 0.09375 0.04375 0.0640625
3 0.69765625 0.16796875 0.0515625 0.090625
3 0.64765625 0.16171875 0.0453125 0.090625
0 0.46484375 0.246875 0.0578125 0.08125
3 0.52734375 0.240625 0.0734375 0.096875
3 0.690625 0.2578125 0.0625 0.0953125
3 0.74765625 0.265625 0.059375 0.1234375
0 0.77734375 0.38828125 0.0703125 0.0984375
0 0.71640625 0.390625 0.0671875 0.1046875
0 0.653125 0.36640625 0.065625 0.13125
3 0.58515625 0.3546875 0.08125 0.1375
3 0.32265625 0.37109375 0.084375 0.1078125
0 0.2515625 0.37890625 0.0671875 0.1203125
0 0.20078125 0.39140625 0.059375 0.10625
0 0.26796875 0.58046875 0.0984375 0.125
3 0.4203125 0.49921875 0.0734375 0.16875
3 0.7609375 0.546875 0.0765625 0.1453125
0 0.82578125 0.54296875 0.0734375 0.1703125
3 0.70546875 0.03203125 0.0328125 0.0515625
3 0.72734375 0.06953125 0.0296875 0.0640625
3 0.78515625 0.109375 0.0328125 0.06875
3 0.8171875 0.17578125 0.025 0.08125
3 0.8515625 0.3375 0.0515625 0.1078125
3 0.884375 0.32421875 0.0328125 0.09375
3 0.9703125 0.70703125 0.059375 0.0953125
0 0.47421875 0.09453125 0.0515625 0.0671875
3 0.559375 0.15546875 0.053125 0.0859375
3 0.33359375 0.246875 0.0671875 0.1234375
3 0.4046875 0.24296875 0.0703125 0.103125
3 0.90703125 0.49140625 0.0734375 0.1140625
3 0.78828125 0.1734375 0.0421875 0.0890625
3 0.76015625 0.12109375 0.0421875 0.08125
0 0.359375 0.0234375 0.0359375 0.040625
3 0.503125 0.15546875 0.06875 0.1
3 0.44765625 0.16484375 0.0515625 0.1
3 0.396875 0.16171875 0.0609375 0.0953125
3 0.1515625 0.553125 0.0625 0.1578125
3 0.21015625 0.5390625 0.0703125 0.1453125
3 0.35390625 0.50625 0.06875 0.1828125
3 0.596875 0.521875 0.0984375 0.14375
3 0.68359375 0.53359375 0.090625 0.18125
3 0.67421875 0.75234375 0.1265625 0.18125
0 0.27421875 0.0421875 0.028125 0.04375
0 0.428125 0.11328125 0.0453125 0.053125
0 0.3109375 0.18671875 0.0515625 0.0796875
0 0.26640625 0.19296875 0.0453125 0.084375
1 0.140625 0.509375 0.028125 0.0640625
1 0.190625 0.50625 0.028125 0.0703125
1 0.2609375 0.5625 0.0328125 0.0609375
1 0.3484375 0.453125 0.03125 0.075
1 0.6890625 0.49375 0.0359375 0.08125
1 0.78125 0.51640625 0.0328125 0.065625
1 0.83984375 0.51953125 0.0359375 0.0703125
1 0.69140625 0.728125 0.040625 0.08125
1 0.7859375 0.3765625 0.028125 0.0546875
1 0.59296875 0.3328125 0.03125 0.0640625
1 0.3140625 0.35078125 0.0296875 0.0625
1 0.24921875 0.36875 0.0265625 0.05625
1 0.18984375 0.38203125 0.028125 0.053125
1 0.121875 0.33671875 0.0234375 0.0453125
1 0.15078125 0.20703125 0.0203125 0.0390625
1 0.18125 0.16171875 0.015625 0.034375
1 0.20625 0.1578125 0.0171875 0.040625
1 0.19921875 0.11796875 0.0140625 0.03125
1 0.2375 0.103125 0.015625 0.03125
1 0.2578125 0.07265625 0.015625 0.03125
1 0.27109375 0.0359375 0.015625 0.03125
1 0.3875 0.05 0.0171875 0.0328125
1 0.41875 0.0359375 0.015625 0.03125
1 0.346875 0.09296875 0.01875 0.0375
1 0.3875 0.09375 0.0203125 0.040625
1 0.43515625 0.10625 0.021875 0.0390625
1 0.4609375 0.03125 0.015625 0.0296875
1 0.46796875 0.08203125 0.0203125 0.040625
1 0.5046875 0.03046875 0.0171875 0.034375
1 0.5421875 0.04296875 0.0171875 0.03125
1 0.58515625 0.0328125 0.0171875 0.0390625
1 0.559375 0.0796875 0.021875 0.0359375
1 0.64453125 0.07890625 0.01875 0.0421875
0 0.61171875 0.11328125 0.0515625 0.075
1 0.62890625 0.096875 0.01875 0.04375
1 0.6359375 0.040625 0.0171875 0.0375
1 0.6515625 0.140625 0.0203125 0.0453125
1 0.703125 0.15703125 0.0203125 0.04375
1 0.56953125 0.1375 0.0265625 0.046875
1 0.50078125 0.13125 0.021875 0.046875
1 0.446875 0.140625 0.025 0.046875
1 0.29765625 0.171875 0.0234375 0.040625
1 0.2671875 0.17734375 0.0203125 0.0453125
1 0.328125 0.21640625 0.0265625 0.05625
1 0.39921875 0.21953125 0.028125 0.05625
1 0.46796875 0.24375 0.028125 0.059375
1 0.5296875 0.2234375 0.028125 0.0546875
1 0.696875 0.23984375 0.025 0.0515625
1 0.75546875 0.2359375 0.0265625 0.059375
1 0.9296875 0.47109375 0.025 0.0578125
1 0.86015625 0.3125 0.021875 0.0515625
1 0.8890625 0.3 0.0203125 0.046875
1 0.7984375 0.15 0.0203125 0.04375
1 0.81640625 0.15390625 0.0171875 0.0390625
1 0.76484375 0.10390625 0.0203125 0.0421875
2 0.73046875 0.05546875 0.015625 0.034375
2 0.76171875 0.06640625 0.015625 0.0359375
1 0.71015625 0.02421875 0.0140625 0.0328125
0 0.73984375 0.05078125 0.0265625 0.04375
1 0.7421875 0.04296875 0.0140625 0.0265625