3 0.14921875 0.3140625 0.0515625 0.0671875
3 0.18203125 0.20546875 0.0484375 0.096875
3 0.21484375 0.14765625 0.0375 0.0609375
3 0.24921875 0.14296875 0.046875 0.0609375
3 0.23984375 0.10078125 0.03125 0.0515625
3 0.271875 0.0921875 0.0421875 0.059375
0 0.3078125 0.059375 0.0421875 0.046875
0 0.421875 0.05 0.0421875 0.05625
3 0.384375 0.09609375 0.04375 0.0703125
0 0.42578125 0.09765625 0.0484375 0.071875
3 0.46171875 0.04296875 0.046875 0.0640625
3 0.5015625 0.0421875 0.040625 0.0578125
3 0.54296875 0.04609375 0.04375 0.0671875
0 0.5828125 0.04921875 0.0453125 0.05625
3 0.62265625 0.0515625 0.05 0.0625
3 0.66953125 0.0578125 0.04375 0.0640625
3 0.68203125 0.10859375 0.0453125 0.0765625
0 0.596875 0.1 0.046875 0.0671875
3 0.72578125 0.1859375 0.05625 0.0921875
3 0.67734375 0.17578125 0.05 0.0921875
0 0.4875 0.24453125 0.0625 0.084375
3 0.55 0.24453125 0.078125 0.1015625
3 0.7109375 0.275 0.0671875 0.0984375
3 0.7671875 0.28828125 0.065625 0.125
0 0.7859375 0.4125 0.075 0.1015625
0 0.725 0.41015625 0.071875 0.1078125
0 0.6640625 0.3796875 0.0734375 0.134375
3 0.59765625 0.3625 0.0875 0.140625
3 0.334375 0.35625 0.0890625 0.1109375
0 0.26328125 0.35703125 0.0734375 0.1234375
0 0.2109375 0.365625 0.065625 0.109375
0 0.26171875 0.56015625 0.1046875 0.1296875
3 0.4203125 0.4921875 0.0828125 0.171875
3 0.75625 0.56953125 0.084375 0.1484375
0 0.82109375 0.57109375 0.0828125 0.1734375
3 0.7453125 0.0515625 0.034375 0.053125
3 0.7640625 0.090625 0.0328125 0.065625
3 0.81875 0.13515625 0.0359375 0.0703125
3 0.84375 0.2046875 0.0296875 0.08125
3 0.86484375 0.36875 0.0578125 0.1109375
3 0.8984375 0.35859375 0.0375 0.0953125
3 0.95234375 0.7484375 0.06875 0.0984375
0 0.509375 0.09453125 0.0546875 0.06875
3 0.5890625 0.16171875 0.0578125 0.0875
3 0.35625 0.2328125 0.0734375 0.1265625
3 0.42734375 0.2359375 0.075 0.10625
3 0.90625 0.5265625 0.0796875 0.11875
3 0.815625 0.19921875 0.046875 0.090625
3 0.7921875 0.1453125 0.046875 0.0828125
0 0.40078125 0.0171875 0.0390625 0.034375
3 0.53359375 0.15703125 0.0734375 0.103125
3 0.4765625 0.16171875 0.05625 0.1015625
3 0.42734375 0.15390625 0.065625 0.0984375
3 0.1484375 0.52265625 0.0703125 0.159375
3 0.2078125 0.5140625 0.0765625 0.1484375
3 0.35390625 0.49375 0.078125 0.1859375
3 0.59453125 0.53046875 0.1046875 0.1484375
3 0.6796875 0.54921875 0.0984375 0.1859375
3 0.6515625 0.76640625 0.1359375 0.1875
0 0.31484375 0.02421875 0.0296875 0.0453125
0 0.4625 0.1078125 0.046875 0.05625
0 0.3390625 0.171875 0.0546875 0.08125
0 0.29375 0.17421875 0.05 0.0875
1 0.14140625 0.478125 0.03125 0.065625
1 0.19140625 0.47890625 0.0328125 0.071875
1 0.25703125 0.54140625 0.0359375 0.0625
1 0.353125 0.440625 0.0359375 0.0765625
1 0.6890625 0.51015625 0.040625 0.0828125
1 0.77890625 0.540625 0.0359375 0.0671875
1 0.83671875 0.54921875 0.0390625 0.071875
1 0.67109375 0.74375 0.0453125 0.084375
1 0.79609375 0.4015625 0.03125 0.05625
1 0.60703125 0.34140625 0.034375 0.065625
1 0.32734375 0.33515625 0.0328125 0.0640625
1 0.26171875 0.346875 0.0296875 0.0578125
1 0.2015625 0.35546875 0.03125 0.0546875
1 0.1375 0.3046875 0.025 0.0453125
1 0.178125 0.17734375 0.021875 0.040625
1 0.2125 0.13515625 0.0171875 0.0359375
1 0.2375 0.13359375 0.01875 0.0421875
1 0.234375 0.09296875 0.015625 0.03125
1 0.2734375 0.08125 0.0171875 0.0328125
1 0.29609375 0.053125 0.0171875 0.03125
1 0.31171875 0.01796875 0.0171875 0.0328125
1 0.42734375 0.0421875 0.01875 0.0328125
1 0.459375 0.03046875 0.0171875 0.03125
1 0.3828125 0.08125 0.0203125 0.0375
1 0.4234375 0.0859375 0.021875 0.040625
1 0.46953125 0.10234375 0.025 0.040625
1 0.5015625 0.0296875 0.0171875 0.03125
1 0.50390625 0.08046875 0.0234375 0.0421875
1 0.5453125 0.0328125 0.01875 0.034375
1 0.58203125 0.0484375 0.01875 0.0328125
1 0.625 0.0421875 0.0203125 0.0390625
1 0.5953125 0.0859375 0.0234375 0.0359375
1 0.68046875 0.09296875 0.0203125 0.0421875
0 0.6453125 0.125 0.05625 0.0765625
1 0.66328125 0.109375 0.0203125 0.04375
1 0.675 0.05390625 0.01875 0.0375
1 0.68203125 0.1546875 0.021875 0.046875
1 0.7328125 0.1765625 0.0234375 0.0453125
1 0.60078125 0.1453125 0.028125 0.0484375
1 0.5328125 0.1328125 0.025 0.0484375
1 0.478125 0.1375 0.0265625 0.046875
1 0.3265625 0.15546875 0.025 0.0421875
1 0.29609375 0.15859375 0.021875 0.0453125
1 0.353125 0.20234375 0.028125 0.0578125
1 0.4234375 0.21171875 0.03125 0.0578125
1 0.490625 0.24140625 0.03125 0.0609375
1 0.55390625 0.22734375 0.03125 0.05625
1 0.71875 0.2578125 0.028125 0.053125
1 0.77734375 0.259375 0.0296875 0.0609375
1 0.93125 0.509375 0.028125 0.0578125
1 0.875 0.34453125 0.025 0.053125
1 0.9046875 0.33515625 0.021875 0.046875
1 0.828125 0.17734375 0.021875 0.04375
1 0.8453125 0.1828125 0.01875 0.040625
1 0.7984375 0.128125 0.0234375 0.0421875
2 0.76875 0.07734375 0.0171875 0.034375
2 0.7984375 0.090625 0.0171875 0.0375
1 0.75078125 0.04453125 0.015625 0.0328125
0 0.778125 0.0734375 0.028125 0.0453125
1 0.78125 0.065625 0.015625 0.028125