3 0.16015625 0.2921875 0.065625 0.1296875
3 0.1953125 0.19296875 0.059375 0.0921875
3 0.2671875 0.08203125 0.034375 0.0515625
3 0.303125 0.075 0.0421875 0.0625
0 0.41015625 0.0890625 0.053125 0.071875
3 0.45859375 0.0828125 0.059375 0.0859375
0 0.4984375 0.0953125 0.0484375 0.0609375
3 0.4921875 0.03515625 0.05 0.06875
3 0.53359375 0.0390625 0.05 0.0671875
3 0.5765625 0.04765625 0.0453125 0.0609375
3 0.61171875 0.0515625 0.05 0.0765625
3 0.6546875 0.05859375 0.0546875 0.0671875
3 0.621875 0.1015625 0.0578125 0.09375
3 0.66171875 0.115625 0.0578125 0.0859375
3 0.7046875 0.11953125 0.0546875 0.0859375
3 0.69921875 0.07578125 0.0515625 0.0640625
1 0.50625 0.203125 0.0359375 0.0546875
3 0.43515625 0.22578125 0.0890625 0.115625
3 0.50390625 0.228125 0.0703125 0.1125
3 0.56484375 0.246875 0.090625 0.1078125
3 0.72578125 0.29140625 0.0796875 0.1140625
3 0.78125 0.30625 0.075 0.1296875
3 0.79296875 0.4125 0.0859375 0.128125
3 0.734375 0.39765625 0.084375 0.159375
3 0.67421875 0.378125 0.084375 0.15625
3 0.60859375 0.36953125 0.1 0.1546875
0 0.34140625 0.34453125 0.103125 0.115625
3 0.27578125 0.34140625 0.0765625 0.1265625
0 0.21875 0.34453125 0.075 0.1125
3 0.75859375 0.55390625 0.115625 0.15
3 0.8125 0.575 0.0953125 0.175
3 0.928125 0.7671875 0.09375 0.13125
3 0.90234375 0.56171875 0.0828125 0.1265625
0 0.8703125 0.39453125 0.0703125 0.10625
3 0.91171875 0.403125 0.0546875 0.109375
0 0.86484375 0.24296875 0.053125 0.06875
3 0.8421875 0.17578125 0.0515625 0.08125
3 0.82421875 0.11328125 0.0390625 0.059375
3 0.803125 0.08125 0.0421875 0.0578125
3 0.771875 0.0640625 0.040625 0.0640625
3 0.05390625 0.559375 0.1078125 0.278125
3 0.0921875 0.4484375 0.090625 0.2125
3 0.13046875 0.403125 0.1109375 0.240625
2 0.115625 0.3171875 0.0375 0.0734375
1 0.15625 0.25625 0.0296875 0.053125
1 0.190625 0.17265625 0.0265625 0.046875
3 0.24453125 0.11953125 0.0421875 0.071875
3 0.27734375 0.125 0.0484375 0.0609375
1 0.240625 0.10390625 0.021875 0.0375
1 0.26875 0.11796875 0.0234375 0.0421875
1 0.26328125 0.07265625 0.0203125 0.0328125
1 0.29765625 0.0640625 0.0203125 0.0328125
1 0.41484375 0.08125 0.025 0.046875
1 0.4515625 0.06953125 0.0265625 0.0421875
2 0.4921875 0.01640625 0.01875 0.0328125
1 0.53515625 0.028125 0.0203125 0.0359375
1 0.49765625 0.08828125 0.025 0.0390625
1 0.58125 0.0375 0.021875 0.0359375
1 0.61640625 0.03046875 0.0203125 0.0375
1 0.65625 0.04765625 0.0234375 0.040625
1 0.70234375 0.06796875 0.021875 0.0390625
1 0.70859375 0.10546875 0.025 0.04375
2 0.62890625 0.08046875 0.0265625 0.0421875
1 0.43359375 0.20703125 0.034375 0.065625
1 0.5671875 0.22890625 0.0328125 0.059375
1 0.73671875 0.27421875 0.034375 0.0578125
1 0.79375 0.2828125 0.034375 0.0609375
1 0.80703125 0.38828125 0.0328125 0.0578125
1 0.74375 0.36328125 0.040625 0.071875
1 0.68125 0.3421875 0.04375 0.0765625
1 0.61875 0.33984375 0.040625 0.071875
1 0.334375 0.328125 0.0375 0.0640625
1 0.2765625 0.3265625 0.0328125 0.059375
1 0.2109375 0.3359375 0.034375 0.05625
1 0.8265625 0.5625 0.04375 0.075
1 0.92421875 0.53984375 0.03125 0.059375
1 0.88984375 0.38359375 0.03125 0.053125
1 0.921875 0.37734375 0.028125 0.0546875
1 0.8765625 0.24296875 0.025 0.04375
1 0.85546875 0.16171875 0.021875 0.040625
1 0.825 0.103125 0.01875 0.0328125
1 0.809375 0.0734375 0.015625 0.03125
2 0.7765625 0.05 0.01875 0.03125