1 0.7578125 0.59140625 0.0453125 0.0671875
1 0.821875 0.59453125 0.0484375 0.0703125
3 0.7328125 0.60234375 0.1171875 0.1453125
3 0.803125 0.615625 0.1046875 0.18125
3 0.9 0.8125 0.103125 0.15
3 0.89375 0.60390625 0.09375 0.13125
1 0.8125 0.425 0.0421875 0.0640625
3 0.809375 0.4515625 0.0984375 0.1234375
1 0.75078125 0.38828125 0.04375 0.0703125
3 0.740625 0.42421875 0.0984375 0.1546875
1 0.9 0.4234375 0.0296875 0.0484375
0 0.8828125 0.4359375 0.071875 0.1140625
3 0.9203125 0.44296875 0.0546875 0.0984375
3 0.80234375 0.3359375 0.0796875 0.1171875
3 0.74765625 0.3203125 0.0875 0.1140625
2 0.69453125 0.34921875 0.046875 0.0734375
3 0.68671875 0.384375 0.1046875 0.16875
1 0.6359375 0.35703125 0.04375 0.0703125
3 0.62109375 0.38125 0.1109375 0.15625
1 0.903125 0.28203125 0.028125 0.0390625
0 0.8890625 0.2828125 0.059375 0.0734375
1 0.88828125 0.20390625 0.025 0.040625
3 0.87421875 0.21484375 0.0546875 0.075
1 0.8640625 0.13828125 0.021875 0.0359375
3 0.86015625 0.15 0.0421875 0.0625
1 0.35625 0.303125 0.040625 0.0609375
0 0.3578125 0.3296875 0.1078125 0.1171875
0 0.28984375 0.3234375 0.0796875 0.1171875
0 0.23203125 0.3234375 0.0828125 0.11875
1 0.175 0.2453125 0.03125 0.0453125
3 0.1828125 0.26015625 0.0796875 0.0984375
1 0.2296875 0.15390625 0.025 0.0421875
3 0.22734375 0.1671875 0.06875 0.090625
1 0.309375 0.09765625 0.028125 0.0421875
1 0.2765625 0.08984375 0.021875 0.0375
3 0.31640625 0.10703125 0.0515625 0.0640625
3 0.27734375 0.10234375 0.0515625 0.06875
1 0.34375 0.046875 0.021875 0.034375
3 0.3484375 0.059375 0.0453125 0.0625
1 0.309375 0.05234375 0.0203125 0.0328125
3 0.31328125 0.06015625 0.040625 0.0515625
1 0.55078125 0.2203125 0.034375 0.05
1 0.59296875 0.21875 0.034375 0.05
3 0.59609375 0.2453125 0.090625 0.1140625
3 0.53515625 0.23125 0.078125 0.0984375
3 0.46328125 0.22421875 0.090625 0.1078125
1 0.85234375 0.10703125 0.01875 0.03125
1 0.828125 0.0953125 0.0203125 0.0328125
3 0.846875 0.1171875 0.040625 0.05625
3 0.81875 0.1046875 0.0421875 0.0609375
1 0.7328125 0.125 0.0265625 0.040625
3 0.74140625 0.140625 0.065625 0.0890625
1 0.71171875 0.11796875 0.028125 0.0421875
3 0.70390625 0.1328125 0.0625 0.084375
1 0.66875 0.109375 0.0234375 0.0359375
3 0.66328125 0.12109375 0.059375 0.0765625
1 0.5421875 0.09140625 0.028125 0.04375
3 0.54140625 0.090625 0.05 0.053125
1 0.49765625 0.06796875 0.025 0.0390625
3 0.5015625 0.08125 0.0640625 0.0796875
1 0.46171875 0.07109375 0.025 0.0375
3 0.453125 0.08203125 0.05625 0.071875
1 0.54375 0.028125 0.0203125 0.0328125
3 0.540625 0.0390625 0.0515625 0.0640625
1 0.58359375 0.0375 0.0203125 0.0359375
3 0.58203125 0.04921875 0.0484375 0.05625
1 0.6265625 0.0484375 0.021875 0.0328125
1 0.665625 0.05625 0.025 0.0375
3 0.62109375 0.05859375 0.05 0.0609375
3 0.65859375 0.06640625 0.053125 0.0671875
1 0.746875 0.090625 0.021875 0.0328125
3 0.7453125 0.10078125 0.05625 0.0640625
3 0.72578125 0.0640625 0.0484375 0.0515625
0 0.68828125 0.05 0.0359375 0.040625
3 0.6234375 0.0328125 0.0453125 0.0390625
1 0.91875 0.58828125 0.0390625 0.0640625
1 0.9296875 0.425 0.034375 0.05625