1 0.140625 0.2921875 0.025 0.0421875
3 0.15234375 0.309375 0.059375 0.0859375
1 0.178125 0.203125 0.0203125 0.0375
0 0.18359375 0.2125 0.053125 0.0859375
1 0.221875 0.125 0.0140625 0.03125
3 0.22421875 0.1375 0.0453125 0.0640625
1 0.25546875 0.12421875 0.01875 0.0390625
3 0.2640625 0.1328125 0.04375 0.059375
1 0.2484375 0.08359375 0.0140625 0.0265625
1 0.28203125 0.0765625 0.015625 0.0265625
3 0.28671875 0.0828125 0.0359375 0.053125
3 0.25390625 0.08984375 0.03125 0.0484375
1 0.4015625 0.08515625 0.021875 0.0375
3 0.39375 0.0953125 0.0484375 0.0640625
1 0.43671875 0.07109375 0.021875 0.0375
3 0.44296875 0.084375 0.053125 0.078125
1 0.48359375 0.06875 0.021875 0.0453125
3 0.484375 0.08515625 0.046875 0.078125
1 0.4765625 0.0234375 0.0140625 0.028125
3 0.47734375 0.03828125 0.04375 0.059375
1 0.51796875 0.03125 0.015625 0.028125
3 0.5171875 0.0421875 0.040625 0.0484375
1 0.56328125 0.0234375 0.015625 0.0296875
3 0.559375 0.040625 0.040625 0.059375
1 0.59609375 0.034375 0.015625 0.0296875
3 0.59453125 0.04609375 0.0453125 0.059375
1 0.628125 0.01875 0.0125 0.015625
0 0.621875 0.028125 0.0359375 0.0375
3 0.66171875 0.03515625 0.0421875 0.04375
3 0.68203125 0.06484375 0.0421875 0.046875
1 0.6875 0.0609375 0.0171875 0.03125
1 0.696875 0.09765625 0.021875 0.0375
1 0.65390625 0.09296875 0.0203125 0.0390625
1 0.61328125 0.08984375 0.021875 0.0359375
3 0.6078125 0.10234375 0.05 0.06875
3 0.6515625 0.10703125 0.053125 0.0765625
3 0.69296875 0.1140625 0.0515625 0.0796875
1 0.421875 0.209375 0.028125 0.05625
3 0.4265625 0.228125 0.0796875 0.1
1 0.49765625 0.2234375 0.0234375 0.046875
3 0.49609375 0.23828125 0.0609375 0.0828125
1 0.5578125 0.22109375 0.025 0.053125
3 0.55625 0.24140625 0.084375 0.1015625
1 0.7265625 0.26640625 0.0265625 0.05
3 0.7203125 0.28515625 0.0703125 0.1
1 0.78828125 0.275 0.028125 0.0515625
3 0.77578125 0.30390625 0.065625 0.1109375
1 0.8 0.38515625 0.028125 0.0515625
1 0.740625 0.3421875 0.0328125 0.0625
3 0.78984375 0.40703125 0.075 0.10625
3 0.73125 0.39140625 0.08125 0.159375
1 0.6765625 0.334375 0.0328125 0.065625
3 0.66875 0.371875 0.0734375 0.1453125
1 0.6125 0.33984375 0.03125 0.0609375
3 0.603125 0.36640625 0.0890625 0.1453125
1 0.32890625 0.33515625 0.0328125 0.0578125
0 0.33671875 0.3515625 0.0953125 0.1046875
1 0.20234375 0.34921875 0.028125 0.046875
1 0.26015625 0.35 0.028125 0.0453125
0 0.2671875 0.34921875 0.0671875 0.1109375
0 0.2125 0.35546875 0.0671875 0.1
1 0.76796875 0.55625 0.0359375 0.0625
3 0.74375 0.56875 0.1015625 0.1328125
1 0.83125 0.54609375 0.0359375 0.059375
3 0.8125 0.5734375 0.0859375 0.175
3 0.93828125 0.75703125 0.0828125 0.125
1 0.9359375 0.53984375 0.0265625 0.0515625
3 0.91015625 0.55390625 0.08125 0.1234375
1 0.884375 0.37109375 0.025 0.0453125
1 0.91953125 0.36171875 0.021875 0.0453125
0 0.86484375 0.38515625 0.065625 0.0984375
3 0.9078125 0.38828125 0.0453125 0.103125
1 0.86796875 0.2296875 0.021875 0.040625
0 0.8546875 0.23359375 0.0484375 0.0609375
1 0.8421875 0.14453125 0.015625 0.03125
3 0.83046875 0.1640625 0.0453125 0.075
1 0.81015625 0.09140625 0.0171875 0.0328125
3 0.80859375 0.10703125 0.034375 0.05625
1 0.7953125 0.06015625 0.0125 0.028125
3 0.7890625 0.07265625 0.034375 0.053125
3 0.76171875 0.05625 0.034375 0.0578125
3 0.73125 0.090625 0.0453125 0.1390625