1 0.09921875 0.39140625 0.0265625 0.04375
3 0.1125 0.403125 0.0671875 0.0828125
1 0.1140625 0.29609375 0.021875 0.0390625
0 0.121875 0.30625 0.05625 0.0875
1 0.13203125 0.21015625 0.0171875 0.0328125
1 0.16640625 0.2015625 0.01875 0.0390625
3 0.140625 0.221875 0.046875 0.065625
3 0.17578125 0.2078125 0.046875 0.0609375
1 0.15 0.16328125 0.0140625 0.0265625
3 0.15625 0.16796875 0.034375 0.046875
1 0.178125 0.14453125 0.0171875 0.03125
3 0.1875 0.1515625 0.040625 0.0546875
1 0.29140625 0.1171875 0.0203125 0.0328125
3 0.290625 0.1328125 0.0515625 0.06875
1 0.328125 0.10234375 0.0234375 0.0359375
3 0.3375 0.1140625 0.05625 0.0765625
3 0.365625 0.1078125 0.08125 0.0765625
2 0.36328125 0.0421875 0.015625 0.028125
3 0.359375 0.05390625 0.05 0.0609375
1 0.3984375 0.03984375 0.015625 0.0296875
3 0.4 0.0515625 0.04375 0.05625
2 0.43359375 0.0234375 0.0203125 0.03125
3 0.4375 0.03828125 0.046875 0.06875
1 0.471875 0.0234375 0.01875 0.0328125
3 0.4734375 0.03671875 0.0453125 0.0609375
1 0.51796875 0.0125 0.0203125 0.025
3 0.515625 0.03203125 0.053125 0.0640625
1 0.56875 0.0265625 0.01875 0.0328125
3 0.565625 0.0375 0.046875 0.0546875
1 0.584375 0.06171875 0.021875 0.0375
3 0.5890625 0.0828125 0.0546875 0.08125
1 0.5421875 0.0671875 0.021875 0.0375
3 0.54453125 0.08359375 0.05625 0.0796875
1 0.50390625 0.075 0.0234375 0.0359375
3 0.50078125 0.0875 0.0546875 0.071875
1 0.71796875 0.20859375 0.0296875 0.0515625
1 0.66171875 0.21328125 0.028125 0.0484375
3 0.65625 0.22890625 0.0703125 0.096875
3 0.71484375 0.2375 0.0703125 0.1140625
1 0.4859375 0.21640625 0.0296875 0.0515625
3 0.4890625 0.2390625 0.0890625 0.10625
1 0.43359375 0.2359375 0.03125 0.046875
3 0.43125 0.2484375 0.0609375 0.08125
1 0.3515625 0.23828125 0.0296875 0.05625
3 0.359375 0.259375 0.084375 0.10625
1 0.1734375 0.43125 0.03125 0.0515625
1 0.22890625 0.41640625 0.03125 0.0484375
0 0.18515625 0.43515625 0.071875 0.1046875
0 0.2359375 0.4140625 0.0734375 0.1109375
1 0.29296875 0.38125 0.034375 0.059375
0 0.30390625 0.3984375 0.1 0.10625
1 0.56953125 0.3140625 0.0390625 0.0671875
3 0.565625 0.34296875 0.096875 0.1484375
2 0.625 0.28359375 0.0359375 0.06875
3 0.62421875 0.321875 0.0796875 0.146875
3 0.69296875 0.3359375 0.0796875 0.1390625
1 0.7609375 0.309375 0.0296875 0.05625
3 0.75546875 0.3328125 0.0765625 0.1125
1 0.8328125 0.4578125 0.040625 0.0671875
1 0.7734375 0.4828125 0.040625 0.059375
3 0.82265625 0.48828125 0.090625 0.1734375
3 0.75390625 0.503125 0.10625 0.134375
3 0.9734375 0.63359375 0.053125 0.1296875
1 0.93125 0.43046875 0.0328125 0.05625
3 0.91015625 0.44921875 0.0859375 0.121875
1 0.86953125 0.2671875 0.025 0.046875
3 0.86015625 0.29140625 0.059375 0.1
2 0.815625 0.2140625 0.0265625 0.046875
3 0.81015625 0.26171875 0.075 0.1453125
1 0.7859375 0.14375 0.021875 0.0421875
0 0.7734375 0.1515625 0.05 0.0609375
1 0.73828125 0.06796875 0.0171875 0.0328125
3 0.73203125 0.0890625 0.05 0.075
1 0.69140625 0.0234375 0.0171875 0.0328125
3 0.6953125 0.03828125 0.0375 0.059375
2 0.63828125 0.003125 0.0140625 0.00625
3 0.640625 0.0203125 0.040625 0.040625
1 0.67109375 0.00703125 0.0140625 0.0140625
3 0.66875 0.0203125 0.0375 0.040625