3 0.115625 0.38828125 0.06875 0.096875
3 0.1234375 0.28046875 0.0609375 0.096875
3 0.16796875 0.15546875 0.034375 0.0546875
3 0.1984375 0.13984375 0.040625 0.0625
0 0.30703125 0.1296875 0.053125 0.0734375
3 0.35234375 0.10859375 0.059375 0.0890625
0 0.39296875 0.109375 0.0484375 0.0609375
3 0.37265625 0.0546875 0.0484375 0.0640625
3 0.4140625 0.04296875 0.0515625 0.075
3 0.45625 0.04609375 0.04375 0.05625
3 0.49140625 0.03515625 0.0515625 0.0703125
3 0.53515625 0.034375 0.0546875 0.06875
3 0.5140625 0.0890625 0.053125 0.08125
3 0.56640625 0.08203125 0.0734375 0.0953125
3 0.5984375 0.0796875 0.053125 0.090625
3 0.58515625 0.03984375 0.046875 0.0609375
3 0.3671875 0.25546875 0.0875 0.1140625
0 0.43828125 0.2484375 0.06875 0.0828125
3 0.496875 0.23515625 0.090625 0.115625
3 0.6671875 0.2453125 0.08125 0.1078125
3 0.72421875 0.24296875 0.075 0.1265625
3 0.76171875 0.340625 0.0828125 0.1234375
3 0.70234375 0.346875 0.0828125 0.15
3 0.63515625 0.33828125 0.0828125 0.15625
3 0.56953125 0.34609375 0.096875 0.153125
0 0.30703125 0.390625 0.1015625 0.115625
3 0.23984375 0.3921875 0.075 0.1265625
0 0.18515625 0.41953125 0.071875 0.1078125
3 0.74921875 0.49921875 0.0953125 0.1296875
3 0.8203125 0.49296875 0.0921875 0.171875
3 0.96796875 0.64609375 0.0640625 0.1296875
3 0.9046875 0.45546875 0.0796875 0.1265625
0 0.8328125 0.30234375 0.0625 0.10625
3 0.87265625 0.3015625 0.0515625 0.1109375
0 0.7859375 0.15859375 0.053125 0.0671875
3 0.746875 0.09765625 0.0484375 0.0828125
3 0.68671875 0.02265625 0.0359375 0.0453125
3 0.66171875 0.07109375 0.065625 0.140625
3 0.10625 0.6796875 0.125 0.25625
3 0.08671875 0.5625 0.09375 0.1875
2 0.0578125 0.5046875 0.03125 0.0546875
3 0.10859375 0.5140625 0.1015625 0.23125
1 0.103125 0.36953125 0.0296875 0.046875
1 0.11328125 0.26328125 0.0265625 0.0484375
3 0.1546875 0.19609375 0.04375 0.071875
3 0.18671875 0.20078125 0.05 0.0640625
1 0.14921875 0.18359375 0.021875 0.0359375
1 0.1796875 0.19296875 0.0234375 0.04375
1 0.16171875 0.14921875 0.01875 0.0328125
1 0.19140625 0.12890625 0.01875 0.0328125
1 0.3109375 0.121875 0.025 0.0421875
1 0.34296875 0.0953125 0.028125 0.04375
1 0.36875 0.040625 0.01875 0.034375
1 0.39140625 0.10390625 0.025 0.040625
2 0.4109375 0.02890625 0.0203125 0.0328125
1 0.45625 0.03515625 0.01875 0.0328125
1 0.51796875 0.07421875 0.025 0.040625
1 0.534375 0.02109375 0.021875 0.040625
1 0.58359375 0.02890625 0.021875 0.0375
2 0.56796875 0.0625 0.028125 0.046875
2 0.66015625 0.025 0.0234375 0.046875
1 0.59765625 0.0640625 0.025 0.0421875
3 0.7015625 0.11328125 0.075 0.15625
2 0.7046875 0.0625 0.0296875 0.05
1 0.728125 0.2140625 0.034375 0.0625
1 0.66953125 0.22109375 0.0328125 0.0546875
1 0.4921875 0.215625 0.0359375 0.0625
1 0.434375 0.24140625 0.034375 0.0578125
1 0.359375 0.23359375 0.0359375 0.0625
1 0.178125 0.41640625 0.0359375 0.05625
1 0.2265625 0.37421875 0.0375 0.0640625
1 0.29609375 0.37734375 0.0390625 0.06875
1 0.57578125 0.3203125 0.040625 0.078125
1 0.6328125 0.30078125 0.040625 0.0734375
1 0.69609375 0.31171875 0.0375 0.071875
1 0.7671875 0.3125 0.034375 0.0578125
1 0.83359375 0.475 0.04375 0.0765625
1 0.77109375 0.471875 0.0421875 0.06875
1 0.91953125 0.42734375 0.0328125 0.0609375
1 0.84453125 0.28671875 0.0296875 0.0546875
1 0.87578125 0.2734375 0.028125 0.0578125
1 0.79765625 0.15390625 0.025 0.0453125
1 0.75546875 0.08203125 0.0203125 0.040625
1 0.71171875 0.0359375 0.01875 0.0375
3 0.71484375 0.0390625 0.03125 0.05625
1 0.6875 0.0125 0.01875 0.025