0 0.15 0.315625 0.071875 0.078125
3 0.1703125 0.21328125 0.0546875 0.096875
3 0.21875 0.13828125 0.040625 0.0703125
3 0.25 0.14609375 0.046875 0.0625
3 0.23984375 0.09921875 0.0328125 0.0546875
3 0.27265625 0.0921875 0.0359375 0.0578125
3 0.38046875 0.09921875 0.046875 0.0765625
3 0.428125 0.0875 0.05625 0.0859375
0 0.4703125 0.0984375 0.046875 0.059375
3 0.4578125 0.040625 0.0484375 0.071875
3 0.50078125 0.04140625 0.0453125 0.0609375
3 0.54453125 0.0453125 0.0390625 0.0546875
3 0.5765625 0.046875 0.0453125 0.0671875
3 0.62265625 0.05078125 0.046875 0.065625
3 0.66875 0.06171875 0.0453125 0.0515625
3 0.6765625 0.1125 0.0515625 0.0890625
3 0.6390625 0.09921875 0.0484375 0.08125
3 0.5921875 0.0984375 0.0515625 0.0796875
3 0.41640625 0.23359375 0.08125 0.109375
3 0.48671875 0.24140625 0.0640625 0.0875
3 0.54609375 0.24609375 0.0875 0.109375
3 0.71171875 0.28046875 0.0765625 0.1078125
3 0.76875 0.28984375 0.0671875 0.1296875
3 0.78671875 0.39453125 0.078125 0.1234375
3 0.725 0.3890625 0.0734375 0.1484375
3 0.66171875 0.3546875 0.0734375 0.165625
3 0.59765625 0.3625 0.090625 0.15
0 0.32890625 0.35625 0.096875 0.1078125
3 0.27109375 0.340625 0.0609375 0.115625
0 0.21484375 0.36015625 0.0734375 0.1140625
3 0.73984375 0.55546875 0.096875 0.1296875
3 0.81328125 0.5578125 0.0859375 0.175
3 0.946875 0.7359375 0.0828125 0.125
3 0.90625 0.53359375 0.0765625 0.11875
0 0.865625 0.371875 0.059375 0.109375
3 0.903125 0.3765625 0.046875 0.1078125
0 0.8453125 0.22265625 0.0484375 0.0625
3 0.81953125 0.15390625 0.0484375 0.0796875
3 0.7953125 0.09609375 0.0375 0.0625
3 0.775 0.0640625 0.0359375 0.0578125
3 0.74375 0.05546875 0.0375 0.0578125
3 0.08046875 0.5515625 0.09375 0.275
3 0.12578125 0.4296875 0.084375 0.2328125
2 0.1125 0.34375 0.0296875 0.0625
2 0.08203125 0.40078125 0.028125 0.05625
1 0.134375 0.3109375 0.0296875 0.046875
1 0.165625 0.19375 0.025 0.0515625
1 0.2140625 0.12265625 0.01875 0.0359375
1 0.24375 0.1375 0.0203125 0.04375
1 0.23515625 0.09140625 0.0171875 0.0328125
1 0.26875 0.0796875 0.01875 0.0328125
1 0.38203125 0.08359375 0.021875 0.040625
1 0.42421875 0.07421875 0.025 0.0453125
1 0.4578125 0.02578125 0.01875 0.034375
1 0.4703125 0.08984375 0.0234375 0.0375
1 0.50078125 0.03046875 0.01875 0.0359375
1 0.5453125 0.03671875 0.01875 0.03125
1 0.62578125 0.03828125 0.021875 0.0390625
1 0.5984375 0.084375 0.0234375 0.0421875
1 0.671875 0.05390625 0.0203125 0.0375
1 0.67734375 0.0921875 0.021875 0.0421875
1 0.78359375 0.2609375 0.03125 0.0625
1 0.7171875 0.2609375 0.028125 0.053125
1 0.553125 0.23203125 0.0296875 0.0546875
1 0.4875 0.22890625 0.028125 0.0546875
1 0.4125 0.2109375 0.0328125 0.0609375
1 0.20703125 0.353125 0.03125 0.0578125
1 0.26015625 0.325 0.0296875 0.0609375
1 0.3234375 0.33984375 0.034375 0.0640625
1 0.60625 0.34609375 0.0375 0.0671875
1 0.6609375 0.31640625 0.0390625 0.0765625
1 0.72734375 0.35390625 0.034375 0.0703125
1 0.79921875 0.36875 0.0296875 0.0625
1 0.8328125 0.53203125 0.040625 0.0734375
1 0.7640625 0.54921875 0.0375 0.0671875
1 0.9265625 0.5109375 0.028125 0.0578125
1 0.8796875 0.35703125 0.0265625 0.0546875
1 0.91328125 0.35 0.0234375 0.0515625
1 0.8578125 0.21796875 0.021875 0.0421875
1 0.8296875 0.13828125 0.01875 0.040625
1 0.79453125 0.084375 0.01875 0.0359375
1 0.77890625 0.05390625 0.015625 0.0328125
2 0.75234375 0.04453125 0.0171875 0.0328125