0 0.13828125 0.340625 0.06640625 0.07421875
3 0.15078125 0.23671875 0.04765625 0.09453125
3 0.19453125 0.15859375 0.03515625 0.06875
3 0.22578125 0.1640625 0.04296875 0.06015625
3 0.2125 0.11796875 0.0296875 0.053125
3 0.24453125 0.109375 0.03203125 0.05546875
3 0.353125 0.10859375 0.0421875 0.07421875
3 0.39921875 0.09375 0.05078125 0.08203125
0 0.4421875 0.1015625 0.04296875 0.05625
3 0.42578125 0.04453125 0.04296875 0.06953125
3 0.46875 0.0421875 0.040625 0.05859375
3 0.5125 0.04296875 0.03515625 0.053125
3 0.54453125 0.04296875 0.04140625 0.0640625
3 0.590625 0.04296875 0.04296875 0.06328125
3 0.6375 0.05078125 0.0421875 0.04921875
3 0.64921875 0.10078125 0.04609375 0.08671875
3 0.6109375 0.090625 0.04375 0.078125
3 0.5640625 0.09296875 0.046875 0.0765625
3 0.39765625 0.23984375 0.07421875 0.10390625
3 0.46875 0.24296875 0.0578125 0.084375
3 0.528125 0.24375 0.0796875 0.10390625
3 0.69609375 0.26640625 0.06953125 0.10390625
3 0.753125 0.271875 0.05859375 0.1265625
3 0.77890625 0.375 0.06953125 0.11875
3 0.71640625 0.3734375 0.06328125 0.14453125
3 0.6515625 0.34375 0.06171875 0.16171875
3 0.5875 0.35625 0.08046875 0.1453125
0 0.31953125 0.36875 0.090625 0.1015625
3 0.26015625 0.35703125 0.053125 0.11171875
0 0.20546875 0.38046875 0.06640625 0.109375
3 0.74296875 0.53828125 0.0890625 0.1234375
3 0.81640625 0.5359375 0.075 0.16953125
3 0.9625 0.70390625 0.07421875 0.1203125
3 0.9078125 0.50546875 0.06796875 0.11484375
0 0.85546875 0.346875 0.0515625 0.10546875
3 0.89375 0.3484375 0.0390625 0.10546875
0 0.825 0.19921875 0.04453125 0.06015625
3 0.79453125 0.1328125 0.04296875 0.0765625
3 0.76640625 0.0765625 0.03359375 0.06015625
3 0.74375 0.04609375 0.0328125 0.05625
3 0.7125 0.03984375 0.03359375 0.05546875
3 0.08515625 0.58046875 0.07578125 0.2703125
3 0.121875 0.45625 0.06796875 0.22890625
2 0.10234375 0.37109375 0.02578125 0.0609375
2 0.07578125 0.43046875 0.025 0.05390625
1 0.121875 0.33671875 0.0265625 0.04453125
1 0.1453125 0.21796875 0.02109375 0.05
1 0.18828125 0.14375 0.015625 0.034375
1 0.21875 0.15625 0.0171875 0.04296875
1 0.20703125 0.1109375 0.01484375 0.03125
1 0.23984375 0.096875 0.0171875 0.03125
1 0.353125 0.09296875 0.01875 0.03984375
1 0.39453125 0.08046875 0.021875 0.04375
1 0.425 0.0296875 0.01640625 0.03359375
1 0.44140625 0.09296875 0.02109375 0.0359375
1 0.46796875 0.03125 0.01640625 0.034375
1 0.5125 0.034375 0.0171875 0.03046875
1 0.59296875 0.03046875 0.01953125 0.03828125
1 0.56953125 0.078125 0.02109375 0.040625
1 0.640625 0.04296875 0.0171875 0.0359375
1 0.6484375 0.08046875 0.01953125 0.04140625
1 0.76640625 0.24140625 0.02734375 0.06015625
1 0.7 0.24609375 0.02421875 0.05078125
1 0.534375 0.22890625 0.0265625 0.053125
1 0.46875 0.23046875 0.02421875 0.053125
1 0.3921875 0.21796875 0.028125 0.05859375
1 0.19765625 0.37421875 0.028125 0.05546875
1 0.2484375 0.3421875 0.02578125 0.05859375
1 0.3125 0.35234375 0.03046875 0.06171875
1 0.5953125 0.3390625 0.03359375 0.065625
1 0.64765625 0.30546875 0.03359375 0.07421875
1 0.71640625 0.33828125 0.03046875 0.06796875
1 0.7890625 0.3484375 0.02578125 0.0609375
1 0.834375 0.50859375 0.03515625 0.071875
1 0.7671875 0.53046875 0.03359375 0.065625
1 0.9265625 0.48125 0.02421875 0.05625
1 0.86875 0.33125 0.0234375 0.053125
1 0.9015625 0.321875 0.01953125 0.05078125
1 0.8375 0.19375 0.01953125 0.040625
1 0.80390625 0.11640625 0.01640625 0.0390625
1 0.76484375 0.06484375 0.015625 0.03515625
1 0.746875 0.0359375 0.01328125 0.03125
2 0.7203125 0.028125 0.01484375 0.03203125