3 0.11015625 0.40859375 0.0734375 0.0984375
3 0.1125 0.3 0.065625 0.0984375
3 0.15078125 0.1734375 0.0375 0.0546875
3 0.1796875 0.15546875 0.04375 0.0640625
0 0.28828125 0.13984375 0.05625 0.075
3 0.33203125 0.1171875 0.0625 0.090625
0 0.37265625 0.115625 0.05 0.0625
3 0.35 0.06171875 0.0515625 0.0671875
3 0.38984375 0.0484375 0.0546875 0.0765625
3 0.43203125 0.0484375 0.046875 0.0578125
3 0.46640625 0.0359375 0.0546875 0.071875
3 0.51015625 0.034375 0.0578125 0.06875
3 0.4921875 0.0890625 0.05625 0.0828125
3 0.54453125 0.07890625 0.078125 0.0984375
3 0.5765625 0.075 0.0578125 0.0921875
3 0.5609375 0.0359375 0.05 0.0625
3 0.3546875 0.26328125 0.0921875 0.1171875
0 0.425 0.25234375 0.071875 0.0859375
3 0.4828125 0.2359375 0.096875 0.11875
3 0.653125 0.23671875 0.0859375 0.1109375
3 0.71015625 0.23125 0.0796875 0.128125
3 0.75234375 0.3265625 0.0875 0.1265625
3 0.69375 0.33671875 0.0890625 0.153125
3 0.6265625 0.33203125 0.090625 0.1578125
3 0.5609375 0.3421875 0.1046875 0.15625
0 0.3015625 0.40078125 0.10625 0.11875
3 0.234375 0.40546875 0.0796875 0.128125
0 0.18203125 0.4359375 0.0765625 0.1109375
3 0.74921875 0.4859375 0.1015625 0.1328125
3 0.81953125 0.4765625 0.1015625 0.175
3 0.9703125 0.62109375 0.059375 0.1328125
3 0.9015625 0.434375 0.0859375 0.128125
0 0.82265625 0.28515625 0.0671875 0.1078125
3 0.86171875 0.28203125 0.05625 0.1109375
0 0.76796875 0.14375 0.05625 0.06875
3 0.725 0.08515625 0.053125 0.084375
3 0.6609375 0.01875 0.0375 0.0375
3 0.6390625 0.0671875 0.071875 0.134375
3 0.11640625 0.7 0.1375 0.259375
3 0.090625 0.584375 0.103125 0.190625
2 0.05859375 0.528125 0.034375 0.0546875
3 0.11015625 0.534375 0.1125 0.2328125
1 0.096875 0.390625 0.03125 0.0484375
1 0.1015625 0.28359375 0.028125 0.0484375
3 0.13984375 0.21484375 0.046875 0.0734375
3 0.171875 0.2171875 0.053125 0.065625
1 0.13359375 0.20234375 0.0234375 0.0375
1 0.1640625 0.21015625 0.025 0.04375
1 0.14375 0.16796875 0.0203125 0.0328125
1 0.17265625 0.1453125 0.0203125 0.0328125
1 0.29140625 0.13203125 0.0265625 0.04375
1 0.321875 0.10390625 0.0296875 0.0453125
1 0.3453125 0.0484375 0.0203125 0.034375
1 0.37109375 0.11015625 0.0265625 0.0421875
2 0.3859375 0.034375 0.021875 0.0328125
1 0.43203125 0.03828125 0.0203125 0.0328125
1 0.4953125 0.07421875 0.028125 0.0421875
1 0.50859375 0.0203125 0.025 0.040625
1 0.559375 0.02578125 0.0234375 0.0390625
2 0.5453125 0.059375 0.0296875 0.0484375
2 0.634375 0.0203125 0.025 0.040625
1 0.57421875 0.059375 0.0265625 0.0421875
3 0.68046875 0.103125 0.0828125 0.1578125
2 0.68125 0.05234375 0.03125 0.05
1 0.7125 0.20234375 0.0375 0.0640625
1 0.6546875 0.2125 0.034375 0.0546875
1 0.4765625 0.21640625 0.0375 0.0640625
1 0.42109375 0.2453125 0.0375 0.059375
1 0.34609375 0.24140625 0.0390625 0.0640625
1 0.17421875 0.43359375 0.0390625 0.0578125
1 0.2203125 0.3890625 0.0390625 0.0640625
1 0.28984375 0.38828125 0.0421875 0.0703125
1 0.565625 0.31640625 0.04375 0.078125
1 0.62265625 0.29453125 0.04375 0.075
1 0.6859375 0.3015625 0.040625 0.0734375
1 0.75703125 0.29921875 0.0359375 0.059375
1 0.83203125 0.45703125 0.046875 0.078125
1 0.76953125 0.4578125 0.0453125 0.0703125
1 0.91484375 0.40546875 0.0359375 0.0625
1 0.8328125 0.26953125 0.0328125 0.0546875
1 0.86328125 0.25390625 0.03125 0.059375
1 0.77890625 0.1390625 0.0265625 0.046875
1 0.73359375 0.06953125 0.0234375 0.040625
1 0.68671875 0.025 0.0203125 0.0390625
3 0.690625 0.028125 0.0328125 0.05625
1 0.66171875 0.0078125 0.0203125 0.015625