0 0.1375 0.34375 0.05546875 0.08203125
3 0.153125 0.23203125 0.04765625 0.09140625
3 0.2109375 0.11796875 0.028125 0.04921875
3 0.246875 0.1078125 0.03359375 0.05859375
3 0.35234375 0.10546875 0.0421875 0.07890625
3 0.39921875 0.09375 0.04921875 0.08046875
0 0.44296875 0.10625 0.04296875 0.065625
3 0.4296875 0.04140625 0.040625 0.06640625
3 0.46875 0.040625 0.04140625 0.059375
3 0.5125 0.04375 0.0390625 0.053125
3 0.54765625 0.0359375 0.0375 0.06875
3 0.59140625 0.04140625 0.04375 0.065625
3 0.56484375 0.09296875 0.04765625 0.08359375
3 0.61015625 0.09453125 0.05078125 0.08359375
3 0.65 0.0953125 0.0421875 0.0890625
3 0.63671875 0.0484375 0.03515625 0.04453125
3 0.39765625 0.240625 0.07421875 0.10546875
3 0.46953125 0.24296875 0.05859375 0.08359375
3 0.53125 0.2390625 0.07734375 0.10546875
3 0.69453125 0.25546875 0.065625 0.09453125
3 0.7515625 0.26796875 0.059375 0.10625
3 0.778125 0.37578125 0.06796875 0.11171875
3 0.71796875 0.371875 0.0640625 0.13828125
3 0.65390625 0.35625 0.06328125 0.1453125
3 0.58828125 0.35546875 0.08046875 0.14453125
0 0.32109375 0.36796875 0.08984375 0.1046875
3 0.265625 0.34453125 0.0609375 0.1359375
3 0.2171875 0.36171875 0.05078125 0.11015625
3 0.74609375 0.528125 0.0828125 0.125
3 0.81796875 0.53359375 0.0734375 0.16484375
3 0.9609375 0.7046875 0.07734375 0.121875
3 0.90703125 0.50546875 0.06640625 0.11875
0 0.85625 0.3484375 0.0515625 0.09453125
3 0.89453125 0.34921875 0.03984375 0.10546875
0 0.825 0.19765625 0.04609375 0.06171875
3 0.79453125 0.1328125 0.04140625 0.0765625
3 0.76796875 0.07578125 0.0296875 0.0609375
3 0.74296875 0.04609375 0.0328125 0.053125
3 0.71328125 0.03828125 0.03359375 0.05546875
3 0.0921875 0.62890625 0.09609375 0.2453125
3 0.11875 0.45390625 0.0734375 0.21796875
1 0.09765625 0.3796875 0.02734375 0.059375
1 0.1234375 0.34140625 0.02421875 0.0453125
1 0.146875 0.2109375 0.021875 0.04453125
3 0.19453125 0.159375 0.034375 0.06953125
1 0.18828125 0.14375 0.01640625 0.034375
3 0.22578125 0.16171875 0.04140625 0.05546875
1 0.21875 0.15546875 0.01796875 0.040625
1 0.20625 0.1109375 0.01640625 0.03125
1 0.2390625 0.0984375 0.015625 0.03046875
1 0.43203125 0.02421875 0.01484375 0.03046875
1 0.46875 0.02890625 0.0171875 0.03359375
1 0.35 0.08671875 0.01796875 0.04375
1 0.39375 0.07890625 0.02109375 0.04375
1 0.44140625 0.09375 0.02109375 0.03671875
1 0.51328125 0.03515625 0.01640625 0.03125
2 0.54921875 0.021875 0.01796875 0.03046875
1 0.59375 0.0296875 0.01953125 0.0390625
1 0.5671875 0.06953125 0.02109375 0.03984375
2 0.65078125 0.07421875 0.02109375 0.04140625
1 0.640625 0.04375 0.015625 0.03515625
1 0.5265625 0.215625 0.02578125 0.05390625
1 0.46875 0.2296875 0.02578125 0.05390625
1 0.39453125 0.21796875 0.02578125 0.05859375
1 0.20703125 0.33359375 0.028125 0.05390625
1 0.27109375 0.31171875 0.0265625 0.06796875
1 0.31328125 0.35390625 0.03125 0.0640625
1 0.59609375 0.334375 0.0328125 0.06875
1 0.65703125 0.3203125 0.03125 0.071875
1 0.7171875 0.3390625 0.03203125 0.065625
1 0.78828125 0.3484375 0.02578125 0.05859375
1 0.834375 0.515625 0.03359375 0.0703125
1 0.76796875 0.503125 0.0328125 0.06796875
1 0.92578125 0.48125 0.02421875 0.05859375
1 0.9015625 0.32109375 0.01875 0.05
1 0.86875 0.33046875 0.02265625 0.05
1 0.83828125 0.19296875 0.01875 0.0453125
1 0.803125 0.11796875 0.0171875 0.040625
1 0.76640625 0.0625 0.015625 0.03203125
3 0.73203125 0.1375 0.06875 0.1546875
1 0.74765625 0.03515625 0.01328125 0.03125
2 0.7203125 0.0265625 0.01484375 0.03046875