3 0.16484375 0.29140625 0.065625 0.09375
3 0.20625 0.1765625 0.0578125 0.09375
3 0.2515625 0.1171875 0.04375 0.0703125
3 0.2828125 0.12265625 0.0484375 0.0625
3 0.27578125 0.078125 0.0375 0.0578125
3 0.3109375 0.075 0.04375 0.0609375
3 0.4203125 0.08984375 0.0515625 0.075
3 0.46484375 0.08515625 0.0609375 0.084375
0 0.50546875 0.09765625 0.0515625 0.0625
3 0.50234375 0.04140625 0.0515625 0.0703125
3 0.54296875 0.04453125 0.046875 0.0578125
3 0.58125 0.0484375 0.04375 0.0640625
3 0.61875 0.05546875 0.053125 0.0640625
3 0.6625 0.05859375 0.05625 0.075
3 0.7046875 0.07578125 0.04375 0.0625
3 0.7109375 0.12421875 0.0546875 0.0953125
3 0.671875 0.1140625 0.05625 0.0796875
3 0.6265625 0.10859375 0.05625 0.0796875
3 0.51015625 0.23828125 0.0703125 0.09375
3 0.56953125 0.2515625 0.0921875 0.115625
3 0.72265625 0.28828125 0.0734375 0.1
3 0.78359375 0.30859375 0.0796875 0.115625
3 0.7921875 0.3890625 0.0734375 0.13125
3 0.73515625 0.39765625 0.084375 0.1515625
3 0.67578125 0.3859375 0.084375 0.1515625
3 0.60859375 0.371875 0.1015625 0.15625
0 0.3453125 0.3421875 0.1 0.115625
0 0.27890625 0.3375 0.06875 0.1171875
0 0.2265625 0.3359375 0.0796875 0.1171875
3 0.7375 0.57578125 0.1015625 0.121875
3 0.8078125 0.5890625 0.1 0.1703125
3 0.925 0.7734375 0.0921875 0.1296875
3 0.9015625 0.56953125 0.084375 0.1234375
0 0.87578125 0.40625 0.0640625 0.109375
3 0.9140625 0.41328125 0.0546875 0.1015625
3 0.865625 0.24453125 0.0578125 0.0796875
3 0.84921875 0.18046875 0.0453125 0.0703125
3 0.82890625 0.1203125 0.040625 0.0609375
3 0.8109375 0.0890625 0.0390625 0.05625
3 0.78203125 0.07734375 0.0375 0.0609375
1 0.15234375 0.2859375 0.0328125 0.0515625
1 0.20546875 0.1546875 0.0265625 0.0453125
1 0.24765625 0.10234375 0.0203125 0.0328125
1 0.2765625 0.1125 0.0234375 0.04375
1 0.2703125 0.0703125 0.01875 0.0328125
1 0.3046875 0.06328125 0.0203125 0.0328125
3 0.35859375 0.0671875 0.0671875 0.134375
1 0.46484375 0.03203125 0.0203125 0.034375
0 0.46171875 0.04140625 0.0484375 0.0640625
1 0.46015625 0.06875 0.028125 0.0421875
1 0.50234375 0.0265625 0.01875 0.0328125
1 0.50234375 0.08828125 0.0265625 0.040625
1 0.5453125 0.03671875 0.0203125 0.0328125
1 0.62265625 0.0453125 0.021875 0.0375
1 0.66484375 0.04453125 0.0234375 0.0375
1 0.71484375 0.103125 0.0265625 0.046875
1 0.678125 0.103125 0.0265625 0.0453125
1 0.6359375 0.09453125 0.028125 0.0390625
1 0.51171875 0.22421875 0.034375 0.0578125
1 0.578125 0.23046875 0.0359375 0.059375
1 0.7328125 0.2734375 0.03125 0.0546875
1 0.7984375 0.2875 0.0359375 0.0625
1 0.79765625 0.36015625 0.0328125 0.0640625
1 0.75234375 0.36328125 0.040625 0.071875
1 0.6859375 0.35234375 0.0375 0.0703125
1 0.33828125 0.3234375 0.0390625 0.0640625
1 0.2671875 0.33671875 0.0328125 0.053125
1 0.21875 0.321875 0.0359375 0.0578125
1 0.215625 0.4109375 0.0390625 0.071875
3 0.221875 0.45546875 0.0859375 0.1625
1 0.265625 0.4671875 0.04375 0.0765625
3 0.26875 0.5046875 0.1015625 0.15625
1 0.4296875 0.44375 0.0453125 0.0796875
3 0.42734375 0.484375 0.0921875 0.16875
1 0.76015625 0.58046875 0.0421875 0.0734375
1 0.82578125 0.58203125 0.0453125 0.0765625
1 0.9234375 0.54921875 0.03125 0.0578125
1 0.88984375 0.38828125 0.0296875 0.0515625
1 0.925 0.39375 0.028125 0.053125
1 0.87890625 0.2296875 0.025 0.040625
1 0.8578125 0.1671875 0.021875 0.040625
1 0.8296875 0.11015625 0.0203125 0.0359375
1 0.81640625 0.0796875 0.0171875 0.03125
2 0.78984375 0.06640625 0.01875 0.0328125