3 0.965625 0.70234375 0.06875 0.1359375
1 0.8359375 0.521875 0.03203125 0.06875
1 0.76875 0.53125 0.02890625 0.0640625
3 0.81796875 0.53125 0.08203125 0.14921875
3 0.7453125 0.54375 0.08828125 0.121875
1 0.925 0.48203125 0.02421875 0.05546875
3 0.90703125 0.50859375 0.06484375 0.109375
1 0.86953125 0.3296875 0.02109375 0.04609375
1 0.903125 0.3296875 0.0203125 0.04609375
3 0.89765625 0.34765625 0.03671875 0.09375
3 0.853125 0.34375 0.0578125 0.09296875
1 0.78671875 0.35625 0.02265625 0.053125
3 0.77578125 0.36875 0.05625 0.08125
1 0.6625 0.32421875 0.0265625 0.071875
1 0.72734375 0.328125 0.0265625 0.059375
3 0.71640625 0.35859375 0.0625 0.13125
3 0.65625 0.36015625 0.06796875 0.13671875
1 0.59453125 0.3234375 0.03046875 0.06953125
3 0.5875 0.35546875 0.07734375 0.13671875
1 0.7609375 0.24375 0.02421875 0.05703125
3 0.75 0.26875 0.0640625 0.11640625
1 0.69453125 0.23828125 0.021875 0.05
3 0.684375 0.2546875 0.05703125 0.08671875
1 0.5328125 0.21875 0.02421875 0.05
3 0.52890625 0.24375 0.07734375 0.0984375
1 0.4703125 0.21875 0.02265625 0.0484375
3 0.46640625 0.2359375 0.06015625 0.08359375
1 0.82578125 0.165625 0.01640625 0.03515625
3 0.815625 0.1828125 0.040625 0.0765625
1 0.80078125 0.11484375 0.01484375 0.03515625
3 0.79453125 0.12734375 0.03359375 0.0640625
1 0.64921875 0.07265625 0.0171875 0.04375
1 0.615625 0.09140625 0.01953125 0.0359375
1 0.56953125 0.078125 0.01796875 0.034375
3 0.6484375 0.09453125 0.040625 0.08984375
3 0.61015625 0.096875 0.04609375 0.06875
3 0.56484375 0.09375 0.0484375 0.071875
1 0.76640625 0.05859375 0.01328125 0.03125
3 0.76640625 0.07109375 0.028125 0.05546875
1 0.74765625 0.03515625 0.01484375 0.0296875
3 0.74296875 0.046875 0.0328125 0.05078125
2 0.71953125 0.0234375 0.0125 0.03046875
3 0.7125 0.03828125 0.0296875 0.05703125
3 0.7 0.01796875 0.0234375 0.03359375
1 0.4234375 0.45546875 0.03515625 0.06875
3 0.428125 0.49375 0.0703125 0.1515625
1 0.2640625 0.50859375 0.03515625 0.0765625
3 0.2734375 0.5421875 0.084375 0.14140625
2 0.20390625 0.490625 0.02734375 0.0640625
3 0.215625 0.53046875 0.07421875 0.15703125
1 0.440625 0.09375 0.01953125 0.03671875
0 0.44453125 0.09609375 0.04296875 0.05625
3 0.51328125 0.04765625 0.02890625 0.05625
1 0.64140625 0.04296875 0.01484375 0.03046875
3 0.63828125 0.053125 0.04609375 0.05390625
1 0.5953125 0.03125 0.01484375 0.034375
3 0.5921875 0.04375 0.04609375 0.06484375
1 0.55078125 0.03046875 0.01796875 0.03203125
3 0.5484375 0.04140625 0.04140625 0.05859375
3 0.57265625 0.01875 0.03359375 0.03515625
3 0.60078125 0.01875 0.03515625 0.03515625
3 0.50703125 0.01875 0.040625 0.03515625
1 0.4703125 0.0359375 0.01875 0.03046875
3 0.46953125 0.0421875 0.03828125 0.04921875
1 0.428125 0.0328125 0.01484375 0.03203125
3 0.4296875 0.04609375 0.040625 0.05703125
1 0.39375 0.0796875 0.0203125 0.0390625
3 0.4 0.09296875 0.0484375 0.07109375
1 0.39140625 0.04296875 0.01484375 0.02890625
3 0.38984375 0.0515625 0.0390625 0.05390625
1 0.35625 0.0921875 0.0171875 0.03203125
3 0.35390625 0.10625 0.046875 0.0640625
3 0.30703125 0.36640625 0.08828125 0.14609375
1 0.24375 0.33125 0.03125 0.0515625
3 0.253125 0.36640625 0.05546875 0.13515625
1 0.19296875 0.378125 0.0265625 0.046875
0 0.19921875 0.38203125 0.05703125 0.10546875
1 0.125 0.34296875 0.02578125 0.04140625
0 0.13515625 0.34296875 0.05546875 0.06796875
1 0.15 0.19921875 0.01953125 0.04375
3 0.15625 0.2234375 0.0421875 0.09375
1 0.21953125 0.15625 0.01796875 0.03984375
3 0.22734375 0.1640625 0.03984375 0.0515625
1 0.1890625 0.14609375 0.01484375 0.03359375
3 0.19375 0.16015625 0.03359375 0.06875
1 0.240625 0.09609375 0.015625 0.03203125
3 0.246875 0.1078125 0.03359375 0.05625
1 0.2078125 0.109375 0.01640625 0.03125
3 0.21171875 0.11875 0.0296875 0.04453125