3 0.1375 0.34296875 0.053125 0.08984375
3 0.15703125 0.228125 0.03828125 0.0890625
3 0.19453125 0.1609375 0.03046875 0.06953125
3 0.22578125 0.16484375 0.04140625 0.06328125
3 0.2109375 0.11796875 0.03046875 0.053125
3 0.24453125 0.109375 0.03359375 0.05546875
0 0.38828125 0.05546875 0.04140625 0.05625
0 0.4421875 0.10390625 0.03984375 0.05625
3 0.43046875 0.046875 0.0421875 0.06171875
0 0.35625 0.109375 0.04453125 0.06875
3 0.40078125 0.09609375 0.04765625 0.08046875
3 0.56328125 0.096875 0.04609375 0.06875
3 0.609375 0.08125 0.04453125 0.0984375
3 0.65 0.09453125 0.0421875 0.09140625
3 0.51328125 0.04375 0.034375 0.059375
3 0.54765625 0.0359375 0.04140625 0.06953125
3 0.5875 0.040625 0.0375 0.065625
3 0.63671875 0.04453125 0.03515625 0.05859375
3 0.4703125 0.04375 0.03828125 0.05390625
3 0.46953125 0.234375 0.05859375 0.09453125
3 0.52890625 0.24375 0.07578125 0.1015625
3 0.6859375 0.25703125 0.06015625 0.10078125
3 0.75 0.27265625 0.0671875 0.11953125
3 0.77890625 0.38046875 0.065625 0.11640625
3 0.71640625 0.36796875 0.06328125 0.14609375
3 0.6515625 0.36328125 0.06875 0.1359375
3 0.5828125 0.33046875 0.07734375 0.14296875
3 0.321875 0.36796875 0.08515625 0.11796875
0 0.25390625 0.378125 0.05859375 0.1296875
0 0.20078125 0.384375 0.05859375 0.10625
3 0.23203125 0.49375 0.05625 0.16328125
3 0.275 0.54375 0.08671875 0.14453125
3 0.428125 0.5015625 0.07109375 0.14609375
3 0.74375 0.53984375 0.0859375 0.11484375
3 0.81875 0.5390625 0.0765625 0.16015625
3 0.965625 0.7046875 0.06796875 0.11328125
0 0.85546875 0.35078125 0.06015625 0.09375
3 0.896875 0.3515625 0.03671875 0.096875
3 0.8203125 0.19375 0.04453125 0.06796875
3 0.7921875 0.13203125 0.03984375 0.08046875
3 0.7671875 0.071875 0.028125 0.0640625
3 0.71328125 0.03125 0.02890625 0.05546875
1 0.128125 0.3265625 0.02265625 0.04609375
1 0.1484375 0.20625 0.01953125 0.04140625
1 0.190625 0.1484375 0.01484375 0.034375
1 0.21484375 0.1546875 0.01796875 0.040625
1 0.20625 0.1109375 0.01640625 0.03359375
1 0.23984375 0.0984375 0.01640625 0.03203125
1 0.39296875 0.04609375 0.01640625 0.03359375
1 0.359375 0.09921875 0.01875 0.0390625
1 0.39375 0.08125 0.02265625 0.040625
1 0.42734375 0.03515625 0.01484375 0.03359375
1 0.4703125 0.03359375 0.01640625 0.03125
1 0.44140625 0.09375 0.02109375 0.0359375
1 0.546875 0.01875 0.01953125 0.03515625
1 0.59375 0.0265625 0.01796875 0.03671875
1 0.65 0.075 0.0203125 0.04453125
1 0.57109375 0.08515625 0.02109375 0.0390625
1 0.47265625 0.21640625 0.0265625 0.05703125
1 0.53671875 0.22421875 0.028125 0.05625
1 0.69609375 0.2375 0.02578125 0.05078125
1 0.76328125 0.24453125 0.02578125 0.059375
1 0.7859375 0.35390625 0.02578125 0.06015625
1 0.7265625 0.32890625 0.03203125 0.06796875
1 0.65234375 0.33046875 0.03125 0.06640625
1 0.59140625 0.296875 0.03125 0.059375
1 0.3109375 0.3453125 0.03203125 0.06640625
1 0.2546875 0.36328125 0.02890625 0.05546875
1 0.19296875 0.37578125 0.02734375 0.05390625
1 0.21953125 0.45 0.03046875 0.06640625
1 0.26640625 0.5140625 0.03359375 0.06953125
1 0.4234375 0.471875 0.03515625 0.07890625
1 0.76875 0.53125 0.03359375 0.0703125
1 0.83828125 0.528125 0.0375 0.071875
1 0.87421875 0.33671875 0.02421875 0.04921875
1 0.903125 0.32890625 0.02109375 0.05078125
1 0.83125 0.18203125 0.0203125 0.04296875
1 0.80234375 0.1140625 0.01640625 0.03828125
1 0.76640625 0.059375 0.01484375 0.034375
3 0.7359375 0.1140625 0.05078125 0.16953125
2 0.71796875 0.021875 0.0140625 0.03125