3 0.1359375 0.34609375 0.053125 0.0859375
3 0.159375 0.2265625 0.0453125 0.08828125
3 0.19453125 0.1609375 0.034375 0.06640625
3 0.2265625 0.1609375 0.03984375 0.05703125
3 0.2125 0.11875 0.0296875 0.053125
3 0.246875 0.11015625 0.0359375 0.05546875
3 0.35703125 0.10703125 0.04140625 0.06875
3 0.40078125 0.09609375 0.04921875 0.078125
0 0.4421875 0.1015625 0.04296875 0.05625
3 0.43046875 0.046875 0.0421875 0.0640625
3 0.47109375 0.04375 0.0390625 0.0515625
3 0.509375 0.04140625 0.034375 0.059375
3 0.54765625 0.0421875 0.04375 0.05859375
3 0.59140625 0.03828125 0.04609375 0.06875
3 0.6359375 0.04921875 0.03515625 0.05703125
3 0.64921875 0.09609375 0.040625 0.08984375
3 0.609375 0.0921875 0.0453125 0.0734375
3 0.5640625 0.09375 0.04453125 0.07421875
3 0.46875 0.23984375 0.0578125 0.08515625
3 0.5296875 0.24375 0.07734375 0.1046875
3 0.68671875 0.25625 0.059375 0.09140625
3 0.75 0.26640625 0.06328125 0.10703125
3 0.77109375 0.34453125 0.0546875 0.1234375
3 0.71640625 0.3625 0.0625 0.14375
3 0.65546875 0.36015625 0.0625 0.14296875
3 0.5875 0.35625 0.08046875 0.1453125
0 0.32265625 0.36796875 0.08515625 0.103125
0 0.25625 0.37421875 0.0515625 0.11015625
0 0.20390625 0.38046875 0.06328125 0.10859375
3 0.74609375 0.5375 0.08515625 0.11015625
3 0.81796875 0.53984375 0.07578125 0.1609375
3 0.9625 0.70390625 0.07421875 0.1203125
3 0.9078125 0.50546875 0.06796875 0.11484375
0 0.85625 0.3484375 0.04921875 0.103125
3 0.8953125 0.34921875 0.03984375 0.09609375
3 0.82109375 0.190625 0.04765625 0.0734375
3 0.79453125 0.1296875 0.03515625 0.06640625
3 0.765625 0.0734375 0.03203125 0.05625
3 0.74296875 0.0453125 0.03125 0.0515625
3 0.7125 0.03828125 0.0296875 0.05703125
1 0.1234375 0.34296875 0.025 0.0484375
1 0.1546875 0.2046875 0.01953125 0.04296875
1 0.18828125 0.146875 0.01640625 0.03125
1 0.21875 0.15234375 0.0171875 0.04140625
1 0.20625 0.11171875 0.01484375 0.03046875
1 0.2390625 0.09921875 0.01640625 0.03125
3 0.29140625 0.08046875 0.04296875 0.159375
1 0.3921875 0.04296875 0.015625 0.03203125
0 0.390625 0.053125 0.0390625 0.05859375
1 0.39296875 0.08046875 0.021875 0.03984375
1 0.428125 0.03203125 0.0140625 0.03125
1 0.43828125 0.09296875 0.02109375 0.03828125
1 0.471875 0.03515625 0.01484375 0.03125
1 0.55 0.03203125 0.0171875 0.03515625
1 0.59140625 0.02421875 0.01875 0.03515625
1 0.65 0.07421875 0.0203125 0.04453125
1 0.6140625 0.08046875 0.01953125 0.04296875
1 0.57109375 0.078125 0.02265625 0.0359375
1 0.46875 0.22578125 0.0265625 0.0546875
1 0.53515625 0.221875 0.02734375 0.05546875
1 0.69453125 0.23984375 0.02421875 0.0515625
1 0.76171875 0.24375 0.0265625 0.059375
1 0.771875 0.315625 0.02421875 0.0609375
1 0.728125 0.32578125 0.0296875 0.06875
1 0.66015625 0.325 0.02734375 0.06640625
1 0.3125 0.35078125 0.0296875 0.0609375
1 0.24453125 0.375 0.02578125 0.05
1 0.19453125 0.36796875 0.028125 0.05390625
1 0.20546875 0.45625 0.02890625 0.06796875
3 0.21796875 0.49921875 0.06171875 0.1546875
1 0.26328125 0.50390625 0.03359375 0.071875
3 0.27265625 0.540625 0.07890625 0.14609375
1 0.421875 0.45546875 0.034375 0.075
3 0.42578125 0.49609375 0.06875 0.16015625
1 0.76953125 0.5390625 0.03203125 0.06875
1 0.834375 0.53046875 0.03515625 0.071875
1 0.92578125 0.48203125 0.02265625 0.0546875
1 0.86796875 0.32890625 0.02265625 0.04921875
1 0.903125 0.32890625 0.0203125 0.05078125
1 0.83203125 0.1734375 0.01875 0.03828125
1 0.8015625 0.115625 0.015625 0.0390625
1 0.76484375 0.06328125 0.01484375 0.03359375
1 0.746875 0.03515625 0.01328125 0.0296875
2 0.71875 0.0265625 0.0140625 0.03046875