3 0.13203125 0.35546875 0.05625 0.0921875
3 0.14765625 0.240625 0.040625 0.090625
3 0.1828125 0.171875 0.0328125 0.0703125
3 0.2140625 0.175 0.04375 0.0640625
3 0.19765625 0.128125 0.0328125 0.0546875
3 0.23125 0.11875 0.0359375 0.05625
0 0.37265625 0.059375 0.04375 0.0578125
0 0.428125 0.10625 0.0421875 0.0578125
3 0.41484375 0.04921875 0.04375 0.0625
0 0.34296875 0.11484375 0.046875 0.0703125
3 0.38671875 0.1 0.05 0.0828125
3 0.54921875 0.09453125 0.0484375 0.0703125
3 0.59453125 0.07734375 0.0484375 0.1
3 0.6359375 0.08984375 0.0453125 0.0921875
3 0.49765625 0.04375 0.0359375 0.0609375
3 0.53125 0.034375 0.04375 0.06875
3 0.57109375 0.0375 0.0390625 0.0671875
3 0.62109375 0.03984375 0.0375 0.059375
3 0.4546875 0.0453125 0.040625 0.0546875
3 0.46015625 0.2359375 0.0625 0.096875
3 0.5203125 0.24296875 0.0796875 0.1046875
3 0.67734375 0.25078125 0.0640625 0.103125
3 0.7421875 0.2640625 0.071875 0.121875
3 0.77421875 0.37109375 0.0703125 0.11875
3 0.71171875 0.36015625 0.06875 0.1484375
3 0.646875 0.3578125 0.0734375 0.1375
3 0.5765625 0.32734375 0.0828125 0.1453125
3 0.3171875 0.37421875 0.0890625 0.1203125
0 0.25 0.38671875 0.0625 0.13125
0 0.196875 0.39453125 0.0625 0.1078125
3 0.23203125 0.503125 0.0625 0.165625
3 0.2765625 0.5515625 0.0921875 0.146875
3 0.428125 0.50390625 0.0765625 0.1484375
3 0.7453125 0.53125 0.090625 0.1171875
3 0.81953125 0.528125 0.0828125 0.1625
3 0.96796875 0.6875 0.0640625 0.115625
0 0.85 0.33828125 0.0640625 0.0953125
3 0.89140625 0.3375 0.040625 0.0984375
3 0.809375 0.1828125 0.046875 0.06875
3 0.77890625 0.121875 0.0421875 0.08125
3 0.75234375 0.0625 0.0296875 0.065625
3 0.696875 0.02578125 0.03125 0.0515625
1 0.12265625 0.33984375 0.025 0.046875
1 0.13828125 0.21875 0.0203125 0.0421875
1 0.17890625 0.159375 0.015625 0.034375
1 0.203125 0.16484375 0.01875 0.040625
1 0.19296875 0.12109375 0.0171875 0.034375
1 0.22578125 0.1078125 0.0171875 0.0328125
1 0.37734375 0.05 0.0171875 0.034375
1 0.3453125 0.1046875 0.0203125 0.0390625
1 0.37890625 0.08515625 0.0234375 0.040625
1 0.4109375 0.03828125 0.015625 0.034375
1 0.45390625 0.03515625 0.0171875 0.03125
1 0.42734375 0.09609375 0.021875 0.0359375
1 0.52890625 0.0171875 0.0203125 0.034375
1 0.57734375 0.0234375 0.01875 0.0375
1 0.63515625 0.0703125 0.021875 0.0453125
1 0.55625 0.0828125 0.021875 0.0390625
1 0.4625 0.2171875 0.028125 0.0578125
1 0.52734375 0.2234375 0.0296875 0.0578125
1 0.68671875 0.23046875 0.028125 0.0515625
1 0.75390625 0.23515625 0.028125 0.0609375
1 0.78046875 0.34375 0.028125 0.0609375
1 0.7203125 0.32109375 0.034375 0.06875
1 0.64609375 0.325 0.0328125 0.0671875
1 0.584375 0.29375 0.0328125 0.0609375
1 0.30546875 0.35234375 0.034375 0.0671875
1 0.25 0.371875 0.03125 0.05625
1 0.1890625 0.38671875 0.0296875 0.0546875
1 0.21796875 0.46015625 0.0328125 0.0671875
1 0.2671875 0.521875 0.0359375 0.0703125
1 0.42265625 0.47421875 0.0375 0.0796875
1 0.76953125 0.521875 0.0359375 0.071875
1 0.8390625 0.51640625 0.040625 0.0734375
1 0.86796875 0.3234375 0.0265625 0.05
1 0.896875 0.31484375 0.0234375 0.0515625
1 0.8203125 0.1703125 0.021875 0.04375
1 0.7890625 0.10390625 0.0171875 0.0390625
1 0.75078125 0.05 0.015625 0.034375
3 0.72265625 0.10625 0.05625 0.171875
2 0.7 0.01484375 0.015625 0.0296875