3 0.975 0.58359375 0.05 0.1484375
1 0.83125 0.43984375 0.0484375 0.075
1 0.76796875 0.465625 0.04375 0.06875
3 0.81640625 0.453125 0.115625 0.1640625
3 0.7484375 0.4828125 0.115625 0.1390625
1 0.9078125 0.3796875 0.0375 0.059375
3 0.896875 0.41015625 0.0890625 0.121875
1 0.8171875 0.2453125 0.03125 0.05
1 0.85 0.2375 0.03125 0.05
3 0.84921875 0.25625 0.0578125 0.1
3 0.8046875 0.26328125 0.078125 0.1046875
1 0.74375 0.29140625 0.034375 0.05625
3 0.7359375 0.30625 0.075 0.0921875
1 0.61484375 0.28984375 0.04375 0.0765625
1 0.67890625 0.278125 0.040625 0.0640625
3 0.67578125 0.31015625 0.0921875 0.1421875
3 0.61796875 0.3265625 0.0984375 0.1484375
1 0.54921875 0.30546875 0.046875 0.075
3 0.55 0.33828125 0.1078125 0.1515625
1 0.69140625 0.18828125 0.0375 0.0609375
3 0.68671875 0.21484375 0.090625 0.128125
1 0.62578125 0.19921875 0.0328125 0.053125
3 0.61953125 0.2171875 0.0765625 0.0984375
1 0.4640625 0.21953125 0.0359375 0.0546875
3 0.46640625 0.24453125 0.0984375 0.1140625
1 0.403125 0.234375 0.034375 0.053125
3 0.40390625 0.2515625 0.078125 0.0953125
1 0.73515625 0.096875 0.025 0.0375
3 0.7296875 0.115625 0.0578125 0.084375
1 0.6984375 0.05390625 0.0234375 0.0375
3 0.6953125 0.0671875 0.0484375 0.0703125
1 0.54140625 0.04921875 0.0265625 0.046875
1 0.51328125 0.07578125 0.028125 0.0390625
1 0.465625 0.07421875 0.025 0.0375
3 0.54609375 0.0703125 0.0609375 0.096875
3 0.509375 0.08203125 0.0609375 0.078125
3 0.46484375 0.08984375 0.0640625 0.08125
1 0.65078125 0.01171875 0.0203125 0.0234375
3 0.6546875 0.025 0.040625 0.05
3 0.625 0.01484375 0.04375 0.0296875
3 0.59453125 0.015625 0.0421875 0.03125
1 0.41484375 0.475 0.05 0.075
3 0.42890625 0.5109375 0.1046875 0.1640625
1 0.2734375 0.565625 0.053125 0.0828125
3 0.290625 0.59609375 0.115625 0.1578125
2 0.21015625 0.5625 0.0421875 0.06875
3 0.23125 0.5984375 0.109375 0.1703125
1 0.34375 0.1203125 0.028125 0.040625
0 0.3484375 0.121875 0.0546875 0.065625
3 0.403125 0.0578125 0.0421875 0.0609375
1 0.5265625 0.02265625 0.021875 0.0328125
3 0.52578125 0.0328125 0.0578125 0.0640625
1 0.47890625 0.021875 0.0234375 0.0375
3 0.47890625 0.0359375 0.0609375 0.071875
1 0.4359375 0.03203125 0.025 0.0359375
3 0.4359375 0.04296875 0.0546875 0.0671875
3 0.453125 0.01796875 0.040625 0.0359375
3 0.48046875 0.01484375 0.0421875 0.0296875
3 0.390625 0.03125 0.0484375 0.04375
1 0.35859375 0.05703125 0.025 0.034375
3 0.359375 0.06328125 0.0484375 0.05625
1 0.3171875 0.0640625 0.021875 0.034375
3 0.321875 0.0765625 0.053125 0.065625
1 0.2953125 0.11796875 0.0296875 0.0421875
3 0.3046875 0.12890625 0.0640625 0.08125
1 0.284375 0.0828125 0.021875 0.03125
3 0.284375 0.09140625 0.0515625 0.0625
1 0.26171875 0.1390625 0.025 0.0359375
3 0.26328125 0.153125 0.0609375 0.0734375
3 0.28046875 0.4171875 0.1203125 0.1625
1 0.21015625 0.3984375 0.0421875 0.0578125
3 0.228125 0.43046875 0.0859375 0.1453125
1 0.17265625 0.45625 0.0375 0.0515625
0 0.1796875 0.45859375 0.08125 0.115625
1 0.0984375 0.43828125 0.034375 0.046875
0 0.1078125 0.4359375 0.0703125 0.0796875
1 0.0875 0.29296875 0.0296875 0.046875
3 0.09921875 0.31484375 0.0640625 0.1015625
1 0.14453125 0.234375 0.0265625 0.04375
3 0.15390625 0.23984375 0.0515625 0.059375
1 0.1125 0.23203125 0.021875 0.0359375
3 0.1203125 0.24453125 0.05 0.075
1 0.15078125 0.17109375 0.0234375 0.034375
3 0.159375 0.18046875 0.046875 0.0625
1 0.121875 0.19140625 0.0234375 0.034375
3 0.128125 0.2 0.0390625 0.05