1 0.83515625 0.4625 0.0453125 0.0703125
1 0.7703125 0.47890625 0.0453125 0.06875
3 0.74609375 0.48359375 0.10625 0.1203125
3 0.821875 0.4828125 0.1078125 0.1796875
3 0.9765625 0.6125 0.046875 0.140625
1 0.91953125 0.3984375 0.0328125 0.059375
3 0.90234375 0.42734375 0.0875 0.1234375
1 0.75703125 0.3109375 0.0328125 0.0546875
3 0.753125 0.32890625 0.084375 0.1109375
1 0.6921875 0.28828125 0.0421875 0.0671875
3 0.6890625 0.32890625 0.0890625 0.146875
1 0.62109375 0.2953125 0.040625 0.0734375
3 0.62578125 0.32890625 0.0875 0.1453125
1 0.5515625 0.27734375 0.0359375 0.0578125
3 0.55078125 0.315625 0.103125 0.1515625
1 0.834375 0.265625 0.0296875 0.0515625
1 0.86328125 0.25546875 0.0265625 0.046875
3 0.86171875 0.275 0.0578125 0.1
0 0.82109375 0.28359375 0.071875 0.103125
1 0.709375 0.1984375 0.034375 0.0609375
3 0.70078125 0.22421875 0.090625 0.125
1 0.640625 0.20234375 0.03125 0.046875
3 0.63515625 0.225 0.078125 0.109375
1 0.76328125 0.1234375 0.025 0.0421875
3 0.7546875 0.1375 0.053125 0.06875
1 0.72421875 0.06484375 0.0203125 0.0375
3 0.71796875 0.078125 0.04375 0.065625
1 0.565625 0.05546875 0.0234375 0.0390625
1 0.53671875 0.078125 0.025 0.0375
1 0.48984375 0.075 0.0234375 0.034375
3 0.5671875 0.07265625 0.05625 0.0875
0 0.52734375 0.08046875 0.0578125 0.0734375
3 0.4859375 0.0921875 0.0546875 0.0765625
1 0.67734375 0.015625 0.0203125 0.03125
3 0.678125 0.0296875 0.040625 0.059375
1 0.6546875 0.00625 0.01875 0.0125
3 0.65078125 0.01640625 0.0390625 0.0328125
3 0.6171875 0.015625 0.040625 0.03125
1 0.41875 0.4875 0.0421875 0.0734375
3 0.4328125 0.51875 0.1078125 0.15625
3 0.47890625 0.24140625 0.0953125 0.1078125
1 0.28359375 0.3828125 0.0390625 0.0609375
3 0.30078125 0.4046875 0.0984375 0.1265625
1 0.3640625 0.1125 0.025 0.0375
0 0.3671875 0.11484375 0.046875 0.05
1 0.31484375 0.10859375 0.0265625 0.0421875
3 0.32265625 0.11953125 0.0609375 0.078125
0 0.284375 0.13984375 0.0546875 0.06875
3 0.4234375 0.0546875 0.046875 0.0609375
1 0.50234375 0.02109375 0.021875 0.034375
1 0.5484375 0.0234375 0.0203125 0.0328125
3 0.553125 0.034375 0.0546875 0.0640625
3 0.503125 0.0328125 0.059375 0.0625
0 0.4625 0.04453125 0.0515625 0.05625
1 0.46640625 0.040625 0.0203125 0.0328125
3 0.50625 0.01484375 0.04375 0.0296875
3 0.47890625 0.01640625 0.0421875 0.0328125
1 0.38125 0.0453125 0.021875 0.0359375
3 0.38359375 0.05625 0.046875 0.0578125
3 0.41484375 0.02421875 0.0453125 0.0375
1 0.340625 0.05703125 0.0203125 0.0328125
3 0.34453125 0.06796875 0.05 0.0671875
1 0.30703125 0.07265625 0.0203125 0.0296875
3 0.30625 0.08203125 0.0484375 0.0609375
1 0.2671875 0.5515625 0.0453125 0.0734375
3 0.2875 0.5828125 0.1140625 0.1390625
1 0.215625 0.4875 0.0390625 0.059375
3 0.2234375 0.546875 0.1046875 0.1875
1 0.23125 0.3921875 0.0328125 0.053125
3 0.23359375 0.40859375 0.0765625 0.115625
1 0.175 0.43984375 0.0328125 0.053125
0 0.184375 0.44140625 0.078125 0.115625
1 0.09921875 0.37890625 0.0328125 0.04375
3 0.1140625 0.39296875 0.06875 0.0890625
1 0.15234375 0.21640625 0.025 0.0359375
1 0.10078125 0.275 0.0265625 0.0390625
3 0.11171875 0.29140625 0.065625 0.0890625
1 0.12734375 0.209375 0.021875 0.0328125
3 0.13203125 0.22109375 0.0453125 0.0671875
1 0.16640625 0.15078125 0.0203125 0.03125
3 0.17421875 0.16171875 0.0453125 0.065625
1 0.1375 0.171875 0.021875 0.034375
3 0.14453125 0.18046875 0.040625 0.0546875
3 0.41796875 0.25546875 0.0734375 0.0828125
1 0.41875 0.246875 0.0359375 0.0578125
1 0.48046875 0.2171875 0.0390625 0.0578125