3 0.1359375 0.34296875 0.05234375 0.08828125
3 0.1546875 0.23125 0.04140625 0.084375
3 0.19453125 0.1609375 0.03359375 0.06953125
3 0.22578125 0.16484375 0.040625 0.059375
3 0.21015625 0.11796875 0.03046875 0.0546875
3 0.24453125 0.10859375 0.03203125 0.05546875
0 0.38828125 0.05625 0.040625 0.0546875
3 0.43046875 0.04453125 0.0421875 0.06171875
3 0.35390625 0.10625 0.04140625 0.06953125
3 0.39765625 0.09921875 0.04453125 0.08046875
0 0.4421875 0.10546875 0.04375 0.05546875
3 0.46953125 0.04296875 0.03828125 0.05625
0 0.51171875 0.04375 0.03359375 0.05390625
3 0.5484375 0.04375 0.04140625 0.0703125
3 0.565625 0.09375 0.04921875 0.078125
3 0.590625 0.0390625 0.0421875 0.065625
3 0.646875 0.09296875 0.0421875 0.08046875
0 0.63359375 0.05390625 0.03515625 0.05078125
3 0.7046875 0.15546875 0.05546875 0.09453125
3 0.64375 0.146875 0.0578125 0.103125
0 0.465625 0.246875 0.05546875 0.08046875
0 0.5328125 0.24375 0.07265625 0.09609375
3 0.68515625 0.25625 0.05859375 0.09921875
3 0.74921875 0.26796875 0.0640625 0.1234375
0 0.77890625 0.38984375 0.06796875 0.1015625
3 0.715625 0.36875 0.06171875 0.140625
3 0.6515625 0.35625 0.06953125 0.1390625
3 0.584375 0.33125 0.078125 0.1453125
3 0.31953125 0.3671875 0.08671875 0.115625
0 0.2546875 0.3734375 0.06015625 0.12109375
0 0.19765625 0.38125 0.06171875 0.11328125
3 0.234375 0.4828125 0.05703125 0.1640625
3 0.2734375 0.5375 0.09296875 0.14375
3 0.42421875 0.51796875 0.08671875 0.16328125
3 0.74609375 0.52421875 0.0828125 0.11875
0 0.81953125 0.54140625 0.07890625 0.15546875
1 0.965625 0.7046875 0.06875 0.1125
0 0.8546875 0.34765625 0.06484375 0.09375
3 0.896875 0.34921875 0.03828125 0.09453125
3 0.821875 0.19375 0.0453125 0.06875
3 0.79296875 0.13046875 0.0421875 0.078125
3 0.76953125 0.08046875 0.034375 0.0640625
3 0.7140625 0.03203125 0.02890625 0.053125
1 0.121875 0.33125 0.02421875 0.046875
1 0.14453125 0.2171875 0.02109375 0.0453125
1 0.18828125 0.146875 0.015625 0.03046875
1 0.215625 0.1546875 0.01796875 0.040625
1 0.20703125 0.109375 0.01640625 0.03046875
1 0.2375 0.0984375 0.01640625 0.03125
3 0.30625 0.08046875 0.0421875 0.159375
1 0.39296875 0.0484375 0.01484375 0.03046875
1 0.35625 0.09375 0.01796875 0.040625
1 0.39609375 0.08984375 0.0234375 0.040625
1 0.44453125 0.10234375 0.01875 0.034375
1 0.428125 0.03046875 0.015625 0.03125
1 0.471875 0.03125 0.01796875 0.034375
1 0.51796875 0.0421875 0.0171875 0.03203125
1 0.590625 0.0265625 0.01796875 0.03828125
1 0.571875 0.08046875 0.0203125 0.040625
1 0.63984375 0.04375 0.0171875 0.03515625
1 0.67578125 0.03359375 0.02109375 0.04453125
3 0.665625 0.071875 0.05078125 0.11953125
1 0.6515625 0.11953125 0.02265625 0.04375
1 0.7 0.13359375 0.0234375 0.05
1 0.7625 0.24375 0.02734375 0.059375
1 0.696875 0.240625 0.02421875 0.04921875
1 0.53125 0.23984375 0.02734375 0.05
1 0.4625 0.24296875 0.028125 0.05390625
1 0.1875 0.36875 0.02890625 0.05390625
1 0.253125 0.365625 0.0296875 0.0515625
1 0.3140625 0.34375 0.03203125 0.06640625
1 0.59140625 0.29296875 0.03125 0.05625
1 0.65390625 0.3296875 0.02890625 0.071875
1 0.728125 0.33125 0.03359375 0.06875
1 0.79140625 0.37421875 0.03046875 0.05546875
1 0.8359375 0.53671875 0.034375 0.06953125
1 0.7671875 0.5171875 0.03203125 0.06796875
1 0.42890625 0.48046875 0.03828125 0.08359375
1 0.265625 0.5109375 0.0328125 0.0703125
1 0.87265625 0.334375 0.02265625 0.05
1 0.90390625 0.33125 0.01875 0.04921875
1 0.83125 0.18046875 0.0203125 0.0390625
1 0.80390625 0.11328125 0.01796875 0.03828125
1 0.76953125 0.06796875 0.01484375 0.034375
3 0.7296875 0.0765625 0.04140625 0.07421875
3 0.74609375 0.04453125 0.02890625 0.059375
1 0.746875 0.034375 0.01328125 0.03125
1 0.71875 0.02421875 0.01484375 0.03046875