3 0.14921875 0.31796875 0.0578125 0.0890625
3 0.171875 0.2171875 0.046875 0.0828125
3 0.21796875 0.14609375 0.0375 0.0625
3 0.25234375 0.14921875 0.04375 0.0640625
3 0.2375 0.0984375 0.034375 0.0578125
3 0.27265625 0.09375 0.0375 0.0578125
3 0.31640625 0.0421875 0.0359375 0.065625
0 0.38125 0.09609375 0.0484375 0.06875
0 0.46328125 0.09765625 0.05 0.0625
3 0.421875 0.090625 0.0515625 0.084375
0 0.428125 0.04765625 0.0390625 0.05625
3 0.4640625 0.04453125 0.04375 0.059375
3 0.5015625 0.04296875 0.040625 0.0578125
3 0.5078125 0.0796875 0.05625 0.0796875
3 0.54140625 0.04140625 0.04375 0.0640625
3 0.57890625 0.046875 0.0484375 0.06875
0 0.6 0.1 0.0546875 0.075
0 0.621875 0.0609375 0.0421875 0.05625
3 0.66875 0.06171875 0.0421875 0.059375
3 0.68203125 0.1078125 0.05 0.090625
3 0.7234375 0.18359375 0.0640625 0.0875
3 0.67265625 0.159375 0.05625 0.096875
3 0.5984375 0.1625 0.059375 0.09375
3 0.4203125 0.234375 0.0796875 0.1078125
3 0.48828125 0.2421875 0.0625 0.0796875
3 0.546875 0.2453125 0.084375 0.1015625
3 0.7109375 0.25703125 0.0734375 0.1171875
3 0.76953125 0.28984375 0.071875 0.1234375
0 0.78125 0.40390625 0.0609375 0.109375
0 0.72734375 0.396875 0.071875 0.1
3 0.6671875 0.36796875 0.075 0.15
3 0.59921875 0.3625 0.0890625 0.1546875
3 0.33203125 0.35546875 0.0921875 0.1125
0 0.2625 0.3515625 0.071875 0.1171875
0 0.20859375 0.3640625 0.06875 0.109375
3 0.14453125 0.53046875 0.084375 0.1359375
3 0.2125 0.4984375 0.0765625 0.159375
3 0.2796875 0.47734375 0.1 0.18125
3 0.4234375 0.5109375 0.0984375 0.18125
3 0.671875 0.54296875 0.1 0.1875
3 0.7484375 0.5578125 0.0859375 0.1234375
0 0.81171875 0.565625 0.0875 0.171875
3 0.95078125 0.73984375 0.0734375 0.1234375
3 0.90234375 0.52109375 0.075 0.1203125
0 0.865625 0.38046875 0.0640625 0.0875
3 0.909375 0.384375 0.0484375 0.1015625
3 0.8015625 0.18125 0.05625 0.0984375
3 0.840625 0.203125 0.040625 0.0734375
3 0.7921875 0.1 0.034375 0.0625
3 0.7609375 0.09765625 0.0421875 0.071875
3 0.7453125 0.0515625 0.0328125 0.0703125
1 0.16484375 0.19921875 0.0234375 0.0453125
1 0.2125 0.1328125 0.01875 0.034375
1 0.24453125 0.13671875 0.0234375 0.0421875
1 0.23359375 0.08984375 0.01875 0.0328125
1 0.265625 0.08515625 0.0171875 0.0375
1 0.425 0.03828125 0.0203125 0.0359375
1 0.3828125 0.08359375 0.021875 0.040625
1 0.4109375 0.07421875 0.025 0.0421875
1 0.46484375 0.02734375 0.01875 0.034375
1 0.4671875 0.090625 0.025 0.0421875
1 0.503125 0.03046875 0.01875 0.0359375
1 0.54609375 0.02734375 0.0171875 0.0328125
1 0.57734375 0.03515625 0.021875 0.0375
1 0.5984375 0.0875 0.0234375 0.0421875
1 0.62578125 0.05234375 0.021875 0.040625
1 0.6734375 0.05234375 0.0203125 0.0390625
1 0.6828125 0.08984375 0.0234375 0.0421875
1 0.7265625 0.16875 0.0265625 0.046875
1 0.67890625 0.140625 0.0265625 0.05
2 0.59375 0.146875 0.0296875 0.053125
1 0.4203125 0.21171875 0.0328125 0.0625
1 0.484375 0.2390625 0.034375 0.05625
1 0.55390625 0.23359375 0.0328125 0.0609375
1 0.778125 0.26171875 0.0328125 0.0609375
1 0.79375 0.3921875 0.0296875 0.0578125
1 0.73984375 0.3953125 0.0359375 0.0703125
2 0.67265625 0.33046875 0.0359375 0.071875
1 0.60625 0.33828125 0.0359375 0.065625
1 0.328125 0.33203125 0.0359375 0.065625
1 0.2625 0.3515625 0.0328125 0.05625
1 0.203125 0.35703125 0.0328125 0.0546875
1 0.13359375 0.5046875 0.0328125 0.065625
1 0.2796875 0.4375 0.0390625 0.071875
1 0.68203125 0.51875 0.0421875 0.0796875
1 0.76875 0.55 0.0390625 0.0703125
1 0.83125 0.546875 0.040625 0.071875
1 0.06640625 0.66171875 0.0390625 0.0765625
1 0.1078125 0.63828125 0.0453125 0.0875
3 0.0796875 0.6953125 0.08125 0.1734375
3 0.134375 0.6875 0.1125 0.1875
1 0.925 0.49921875 0.03125 0.0609375
1 0.88359375 0.3703125 0.025 0.0515625
1 0.915625 0.3671875 0.025 0.0515625
1 0.8484375 0.1921875 0.0203125 0.0421875
1 0.81796875 0.15546875 0.0234375 0.0453125
1 0.8296875 0.13984375 0.01875 0.040625
1 0.7703125 0.0796875 0.01875 0.03125
1 0.77890625 0.0515625 0.015625 0.0328125
1 0.75 0.0375 0.01875 0.03125