0 0.13828125 0.34296875 0.04765625 0.07890625
3 0.153125 0.24140625 0.04140625 0.075
3 0.19375 0.16875 0.0328125 0.06484375
3 0.22734375 0.1640625 0.03984375 0.06171875
3 0.21015625 0.11796875 0.03203125 0.05078125
3 0.24453125 0.109375 0.03359375 0.05546875
3 0.28125 0.05234375 0.03984375 0.065625
0 0.3953125 0.05390625 0.03671875 0.0515625
0 0.4375 0.1015625 0.04765625 0.05390625
0 0.35390625 0.10625 0.04296875 0.065625
0 0.39375 0.09296875 0.0453125 0.06953125
3 0.43203125 0.04296875 0.03984375 0.06015625
0 0.5125 0.03671875 0.03359375 0.059375
3 0.546875 0.03671875 0.04140625 0.05625
3 0.590625 0.04375 0.03984375 0.059375
3 0.6375 0.0484375 0.0359375 0.05625
3 0.65390625 0.09765625 0.04453125 0.08046875
0 0.571875 0.09375 0.04609375 0.06875
3 0.703125 0.16875 0.05546875 0.08203125
3 0.65 0.14609375 0.04765625 0.096875
0 0.46875 0.24296875 0.05703125 0.06953125
3 0.5296875 0.24375 0.07421875 0.1
3 0.69453125 0.26484375 0.06484375 0.11484375
3 0.753125 0.26796875 0.06328125 0.1234375
0 0.775 0.3875 0.05546875 0.10625
0 0.71875 0.38046875 0.0640625 0.09453125
3 0.65390625 0.346875 0.06640625 0.11953125
3 0.58828125 0.35703125 0.07890625 0.146875
2 0.66640625 0.43203125 0.03828125 0.08671875
3 0.321875 0.36953125 0.08671875 0.11640625
0 0.2546875 0.36875 0.06015625 0.121875
0 0.20078125 0.38203125 0.059375 0.103125
3 0.20703125 0.521875 0.05546875 0.13125
3 0.27265625 0.53359375 0.08515625 0.13828125
3 0.42578125 0.52421875 0.09140625 0.15390625
3 0.74765625 0.53828125 0.08203125 0.11328125
3 0.815625 0.54296875 0.07578125 0.16484375
3 0.7140625 0.03046875 0.028125 0.05703125
3 0.7453125 0.04296875 0.02734375 0.04921875
0 0.73203125 0.08046875 0.040625 0.06640625
3 0.76328125 0.08125 0.03125 0.05625
3 0.77890625 0.1578125 0.04140625 0.096875
3 0.82421875 0.19296875 0.03515625 0.06015625
0 0.85546875 0.353125 0.05859375 0.08046875
0 0.9015625 0.3609375 0.040625 0.09140625
3 0.96640625 0.70625 0.065625 0.10859375
3 0.0921875 0.72421875 0.06171875 0.16953125
1 0.07890625 0.6875 0.03125 0.075
3 0.1515625 0.71875 0.10234375 0.1796875
1 0.1171875 0.66796875 0.03515625 0.07890625
0 0.1484375 0.5546875 0.07890625 0.11328125
1 0.13203125 0.5328125 0.02578125 0.06015625
1 0.19375 0.5015625 0.028125 0.06171875
1 0.26484375 0.50390625 0.0359375 0.06875
1 0.1234375 0.3359375 0.021875 0.04453125
1 0.14453125 0.22265625 0.01796875 0.04375
1 0.18828125 0.15390625 0.01484375 0.0296875
1 0.21875 0.15390625 0.01640625 0.04140625
1 0.2046875 0.10703125 0.01328125 0.028125
1 0.2390625 0.096875 0.01484375 0.03046875
2 0.27890625 0.03046875 0.01484375 0.028125
1 0.39296875 0.04453125 0.0140625 0.0296875
1 0.4296875 0.03125 0.01484375 0.03203125
1 0.38203125 0.08046875 0.02109375 0.040625
1 0.35546875 0.09375 0.01640625 0.0390625
1 0.44375 0.09609375 0.02109375 0.03984375
3 0.48203125 0.08125 0.04765625 0.09921875
1 0.5109375 0.021875 0.01640625 0.03125
1 0.54453125 0.03046875 0.015625 0.0359375
1 0.571875 0.08046875 0.02109375 0.03671875
1 0.5953125 0.03359375 0.01875 0.03984375
1 0.64296875 0.040625 0.0171875 0.034375
1 0.65390625 0.0765625 0.01953125 0.040625
1 0.703125 0.153125 0.0203125 0.04375
2 0.65 0.12109375 0.021875 0.04375
0 0.56875 0.1703125 0.04765625 0.08359375
3 0.403125 0.24140625 0.07265625 0.10625
1 0.39765625 0.21875 0.02578125 0.0609375
1 0.4640625 0.23984375 0.028125 0.05390625
1 0.53671875 0.221875 0.02578125 0.05546875
1 0.76328125 0.2359375 0.02734375 0.05546875
1 0.78828125 0.3734375 0.025 0.05625
1 0.73125 0.37734375 0.03125 0.065625
1 0.659375 0.321875 0.0296875 0.06875
1 0.59375 0.33046875 0.0296875 0.06171875
1 0.315625 0.34609375 0.0296875 0.0640625
1 0.2546875 0.365625 0.02265625 0.0515625
1 0.19453125 0.37890625 0.02578125 0.0546875
1 0.41953125 0.49296875 0.03359375 0.08515625
3 0.6671875 0.51015625 0.08671875 0.24453125
1 0.7734375 0.52421875 0.03046875 0.06484375
1 0.83203125 0.52578125 0.03359375 0.06796875
1 0.921875 0.43515625 0.02265625 0.05546875
3 0.9015625 0.47734375 0.06328125 0.13984375
1 0.87265625 0.34296875 0.02265625 0.05078125
1 0.90703125 0.34375 0.02109375 0.04609375
1 0.8296875 0.18359375 0.01875 0.03984375
2 0.78515625 0.13046875 0.01796875 0.040625
1 0.80390625 0.11640625 0.01484375 0.03671875
1 0.74375 0.0640625 0.01640625 0.03125
1 0.76953125 0.06875 0.015625 0.03125
1 0.746875 0.034375 0.01171875 0.03046875
2 0.71484375 0.01875 0.01328125 0.03125