3 0.1359375 0.34375 0.05546875 0.090625
3 0.153125 0.24296875 0.0421875 0.07578125
3 0.19375 0.16640625 0.03359375 0.06015625
3 0.228125 0.1671875 0.0390625 0.06171875
3 0.21015625 0.11796875 0.03125 0.05625
3 0.24453125 0.109375 0.03359375 0.05546875
3 0.2828125 0.05546875 0.03828125 0.06484375
0 0.35390625 0.10625 0.04296875 0.0640625
0 0.43515625 0.1015625 0.04609375 0.06015625
3 0.3921875 0.09375 0.04453125 0.07578125
0 0.396875 0.05390625 0.03515625 0.05390625
3 0.4328125 0.046875 0.03984375 0.05625
3 0.46953125 0.04375 0.03671875 0.05546875
3 0.48125 0.0890625 0.05390625 0.07109375
3 0.51171875 0.03828125 0.0359375 0.06171875
3 0.546875 0.0421875 0.04453125 0.065625
0 0.5734375 0.09296875 0.046875 0.07109375
0 0.590625 0.053125 0.0390625 0.053125
3 0.6375 0.04921875 0.03828125 0.05625
3 0.653125 0.0984375 0.04296875 0.08203125
3 0.70078125 0.16875 0.05859375 0.084375
3 0.65 0.1484375 0.0484375 0.09453125
0 0.57265625 0.17890625 0.053125 0.06796875
3 0.40234375 0.240625 0.0734375 0.103125
3 0.47265625 0.23046875 0.05703125 0.10390625
3 0.52890625 0.24375 0.07578125 0.0984375
3 0.6859375 0.2421875 0.07578125 0.115625
3 0.753125 0.27265625 0.0640625 0.11953125
0 0.775 0.38046875 0.0546875 0.10546875
0 0.7203125 0.38125 0.06484375 0.0953125
3 0.6578125 0.35625 0.06484375 0.1453125
3 0.58828125 0.35625 0.07890625 0.14921875
3 0.32265625 0.36796875 0.08515625 0.10625
0 0.253125 0.36875 0.0640625 0.11328125
0 0.2 0.38359375 0.0609375 0.10546875
0 0.146875 0.559375 0.06328125 0.09375
3 0.20390625 0.5390625 0.06640625 0.11171875
3 0.271875 0.52578125 0.08515625 0.17109375
3 0.4234375 0.51796875 0.08984375 0.14375
3 0.67421875 0.53125 0.08828125 0.18125
3 0.75078125 0.5359375 0.078125 0.11875
0 0.815625 0.54375 0.07578125 0.16640625
3 0.96640625 0.7078125 0.06484375 0.11953125
3 0.903125 0.49296875 0.0671875 0.11640625
0 0.85625 0.35546875 0.0578125 0.084375
3 0.9 0.35625 0.04140625 0.09921875
3 0.78515625 0.16640625 0.04453125 0.08984375
3 0.82578125 0.18046875 0.05078125 0.09453125
3 0.76328125 0.0796875 0.03203125 0.06484375
3 0.73203125 0.08046875 0.0375 0.06875
3 0.71328125 0.03046875 0.028125 0.05546875
1 0.1234375 0.33046875 0.025 0.046875
1 0.14296875 0.22421875 0.0203125 0.04375
1 0.18828125 0.153125 0.01640625 0.03046875
1 0.21875 0.15625 0.01796875 0.03984375
1 0.20390625 0.10625 0.015625 0.02890625
1 0.240625 0.09453125 0.015625 0.03046875
1 0.3921875 0.046875 0.01640625 0.03046875
1 0.35390625 0.09375 0.01875 0.0390625
1 0.38125 0.08046875 0.02109375 0.0390625
1 0.43203125 0.03203125 0.015625 0.034375
1 0.43671875 0.09140625 0.0203125 0.03671875
1 0.46953125 0.03046875 0.01640625 0.03359375
1 0.47890625 0.07265625 0.02109375 0.04375
1 0.509375 0.02109375 0.01796875 0.03046875
1 0.54609375 0.02890625 0.0171875 0.034375
1 0.59453125 0.04453125 0.01796875 0.03671875
1 0.64140625 0.04140625 0.01640625 0.03515625
1 0.65390625 0.078125 0.01953125 0.04140625
1 0.64921875 0.128125 0.0234375 0.04921875
1 0.703125 0.153125 0.02265625 0.0453125
1 0.4 0.21796875 0.03046875 0.05859375
1 0.53828125 0.23125 0.028125 0.0546875
1 0.52890625 0.28125 0.02109375 0.02890625
1 0.76171875 0.24296875 0.02734375 0.05703125
1 0.78828125 0.37421875 0.02578125 0.05625
1 0.73203125 0.37890625 0.03125 0.06796875
2 0.659375 0.32109375 0.0328125 0.06953125
1 0.59375 0.33046875 0.03046875 0.06484375
1 0.68125 0.5046875 0.04140625 0.078125
1 0.771875 0.52890625 0.03671875 0.06796875
1 0.83125 0.528125 0.03671875 0.071875
3 0.0921875 0.7234375 0.06484375 0.16953125
3 0.15234375 0.7171875 0.09609375 0.1953125
1 0.078125 0.69296875 0.03203125 0.0734375
1 0.12578125 0.6640625 0.0375 0.08515625
1 0.9234375 0.46875 0.02421875 0.05703125
1 0.87265625 0.34375 0.02421875 0.05
1 0.90390625 0.3390625 0.021875 0.0515625
1 0.82265625 0.159375 0.02109375 0.04375
1 0.75625 0.06640625 0.0140625 0.034375
1 0.740625 0.0625 0.01640625 0.03046875
1 0.746875 0.0359375 0.0140625 0.03046875
1 0.71328125 0.021875 0.01640625 0.03046875
1 0.19375 0.37890625 0.0296875 0.053125
1 0.25234375 0.36640625 0.03046875 0.053125
1 0.3171875 0.34609375 0.03203125 0.065625