0 0.14375 0.31875 0.05 0.0859375
3 0.184375 0.27109375 0.0734375 0.2046875
3 0.21796875 0.14609375 0.0375 0.0671875
3 0.25078125 0.15 0.04375 0.0640625
3 0.2375 0.0984375 0.0359375 0.0546875
3 0.27265625 0.08984375 0.0375 0.0609375
0 0.4234375 0.04921875 0.0453125 0.0578125
0 0.46640625 0.09453125 0.053125 0.059375
0 0.38125 0.096875 0.0484375 0.0671875
3 0.4234375 0.090625 0.0484375 0.0828125
3 0.4640625 0.040625 0.0453125 0.0625
3 0.51171875 0.0609375 0.0578125 0.121875
0 0.5453125 0.0390625 0.0296875 0.0703125
3 0.57578125 0.04765625 0.05 0.0578125
0 0.621875 0.05390625 0.0453125 0.053125
3 0.66875 0.06015625 0.040625 0.0578125
3 0.68125 0.1109375 0.05 0.084375
0 0.6015625 0.1 0.053125 0.078125
3 0.72578125 0.18359375 0.0640625 0.0890625
3 0.671875 0.1625 0.059375 0.1
0 0.48671875 0.24609375 0.0609375 0.071875
3 0.54921875 0.246875 0.0796875 0.1046875
3 0.7109375 0.27734375 0.0671875 0.109375
3 0.76953125 0.2890625 0.0703125 0.1234375
3 0.7859375 0.39765625 0.075 0.1265625
0 0.7265625 0.3828125 0.06875 0.1078125
3 0.6640625 0.35859375 0.0703125 0.121875
3 0.5984375 0.3625 0.0890625 0.1515625
3 0.33125 0.35703125 0.0921875 0.1203125
0 0.26328125 0.3515625 0.0703125 0.1203125
0 0.20859375 0.36328125 0.0671875 0.109375
3 0.20703125 0.5015625 0.075 0.134375
3 0.27265625 0.515625 0.09375 0.153125
3 0.42265625 0.48515625 0.1109375 0.1859375
3 0.7453125 0.54765625 0.075 0.1296875
3 0.809375 0.56328125 0.09375 0.1703125
3 0.75390625 0.109375 0.0609375 0.1640625
3 0.7921875 0.1 0.0375 0.059375
3 0.81796875 0.15234375 0.04375 0.0734375
3 0.85 0.21640625 0.0265625 0.0640625
0 0.86484375 0.378125 0.0625 0.0828125
3 0.9078125 0.38359375 0.046875 0.1015625
3 0.9515625 0.7375 0.071875 0.1140625
1 0.13515625 0.3046875 0.0265625 0.046875
1 0.21328125 0.13203125 0.0171875 0.03125
1 0.24375 0.13671875 0.01875 0.040625
1 0.23203125 0.0875 0.015625 0.0296875
1 0.26953125 0.0765625 0.015625 0.03125
1 0.425 0.03984375 0.015625 0.03125
1 0.38515625 0.084375 0.0203125 0.0375
1 0.4171875 0.0734375 0.0234375 0.0421875
1 0.46484375 0.0265625 0.0171875 0.0328125
1 0.4671875 0.090625 0.021875 0.040625
1 0.5453125 0.0234375 0.0171875 0.03125
1 0.58046875 0.0390625 0.01875 0.0328125
1 0.62734375 0.05078125 0.0203125 0.0375
1 0.60390625 0.0875 0.0234375 0.0390625
1 0.67265625 0.05234375 0.01875 0.0359375
1 0.6828125 0.08984375 0.021875 0.040625
3 0.590625 0.159375 0.065625 0.090625
1 0.728125 0.16484375 0.0234375 0.0453125
1 0.48359375 0.24453125 0.0296875 0.05625
1 0.55390625 0.2265625 0.03125 0.0578125
1 0.72109375 0.25546875 0.028125 0.0515625
1 0.7796875 0.26171875 0.0296875 0.0578125
1 0.79765625 0.36484375 0.028125 0.0625
1 0.67109375 0.3359375 0.0328125 0.071875
1 0.60703125 0.3375 0.0359375 0.065625
1 0.32734375 0.33515625 0.034375 0.0703125
1 0.26328125 0.346875 0.0296875 0.0546875
1 0.203125 0.35625 0.0296875 0.053125
3 0.15234375 0.49375 0.071875 0.128125
1 0.26640625 0.47734375 0.0390625 0.0734375
1 0.1890625 0.47578125 0.03125 0.0578125
1 0.42421875 0.43515625 0.0421875 0.08125
2 0.68515625 0.428125 0.040625 0.0875
3 0.67578125 0.49140625 0.1109375 0.2171875
1 0.759375 0.521875 0.0359375 0.0703125
1 0.8296875 0.54921875 0.0390625 0.071875
1 0.06640625 0.6609375 0.0359375 0.0765625
3 0.07421875 0.696875 0.0640625 0.171875
3 0.13671875 0.7609375 0.1203125 0.2765625
3 0.9109375 0.50703125 0.0828125 0.1484375
1 0.8828125 0.36796875 0.025 0.0515625
1 0.91484375 0.36015625 0.0234375 0.05
1 0.853125 0.2046875 0.0203125 0.0421875
0 0.81640625 0.20234375 0.0578125 0.071875
1 0.834375 0.19453125 0.0234375 0.0453125
1 0.828125 0.1390625 0.0171875 0.0375
1 0.79921875 0.0875 0.0171875 0.034375
1 0.74921875 0.03515625 0.0171875 0.03125