0 0.17890625 0.27109375 0.0625 0.0875
3 0.21484375 0.175 0.05625 0.08125
3 0.26953125 0.1125 0.0453125 0.0703125
3 0.303125 0.11484375 0.0515625 0.06875
3 0.29609375 0.06640625 0.0421875 0.05625
3 0.33125 0.06484375 0.04375 0.0609375
3 0.378125 0.02578125 0.053125 0.0515625
0 0.490625 0.0421875 0.046875 0.0578125
0 0.521875 0.09765625 0.0578125 0.0625
0 0.4390625 0.084375 0.05625 0.0734375
0 0.48046875 0.0796875 0.059375 0.078125
3 0.52890625 0.0390625 0.0515625 0.0671875
0 0.60859375 0.04921875 0.0453125 0.065625
3 0.6421875 0.05625 0.0515625 0.0640625
3 0.68359375 0.07265625 0.0515625 0.065625
3 0.728125 0.08671875 0.046875 0.0625
3 0.734375 0.13828125 0.0609375 0.0875
0 0.6546875 0.1171875 0.059375 0.0765625
3 0.7671875 0.21796875 0.071875 0.0921875
3 0.7203125 0.18515625 0.0671875 0.1046875
0 0.52265625 0.2421875 0.0703125 0.0796875
3 0.58203125 0.25546875 0.09375 0.1125
3 0.7390625 0.31015625 0.0875 0.1265625
3 0.79609375 0.32578125 0.0875 0.134375
0 0.7921875 0.446875 0.0765625 0.115625
0 0.7390625 0.42890625 0.0828125 0.10625
3 0.68203125 0.38203125 0.0890625 0.13125
3 0.61640625 0.378125 0.1078125 0.159375
2 0.6765625 0.46796875 0.05625 0.0921875
3 0.353125 0.33515625 0.109375 0.13125
0 0.2875 0.3203125 0.084375 0.13125
0 0.23203125 0.32265625 0.0796875 0.1125
3 0.20859375 0.46015625 0.08125 0.140625
3 0.2703125 0.4859375 0.1125 0.153125
3 0.42265625 0.50859375 0.121875 0.1703125
3 0.734375 0.5890625 0.103125 0.128125
3 0.8 0.6078125 0.1078125 0.1765625
3 0.80703125 0.08515625 0.0390625 0.0609375
3 0.83515625 0.10390625 0.0375 0.053125
0 0.8140625 0.1375 0.053125 0.0734375
3 0.84453125 0.1453125 0.0421875 0.0609375
3 0.84375 0.2234375 0.0609375 0.103125
3 0.88125 0.2671875 0.046875 0.065625
0 0.878125 0.43046875 0.0734375 0.090625
0 0.921875 0.44765625 0.059375 0.0984375
3 0.91328125 0.7984375 0.0875 0.1203125
3 0.0546875 0.634375 0.0953125 0.178125
1 0.04921875 0.59609375 0.046875 0.0796875
3 0.1140625 0.64140625 0.1375 0.196875
1 0.090625 0.584375 0.0515625 0.084375
0 0.14453125 0.48046875 0.1 0.1265625
1 0.13359375 0.45546875 0.0375 0.0640625
1 0.2 0.4375 0.040625 0.065625
1 0.26953125 0.4546875 0.05 0.075
1 0.165625 0.2609375 0.03125 0.0484375
1 0.21015625 0.1546875 0.0265625 0.046875
1 0.2671875 0.096875 0.0203125 0.0328125
1 0.296875 0.103125 0.025 0.04375
1 0.29296875 0.05390625 0.01875 0.0296875
1 0.32890625 0.0515625 0.0203125 0.0328125
2 0.38046875 0.0046875 0.0203125 0.009375
1 0.48984375 0.03203125 0.0203125 0.03125
1 0.52890625 0.0265625 0.021875 0.034375
1 0.471875 0.06484375 0.0296875 0.04375
1 0.44296875 0.07265625 0.0234375 0.0421875
1 0.52890625 0.09296875 0.0296875 0.04375
3 0.56953125 0.08671875 0.0671875 0.10625
1 0.61015625 0.034375 0.021875 0.034375
1 0.64140625 0.05 0.0234375 0.0390625
1 0.6578125 0.1046875 0.028125 0.040625
1 0.68984375 0.06328125 0.0265625 0.0421875
1 0.73515625 0.08046875 0.0234375 0.0375
1 0.73828125 0.11796875 0.028125 0.04375
1 0.77109375 0.203125 0.0296875 0.046875
2 0.72578125 0.1609375 0.03125 0.046875
0 0.6359375 0.1921875 0.0640625 0.0921875
3 0.459375 0.2265625 0.09375 0.11875
1 0.45859375 0.20390625 0.0375 0.065625
1 0.51875 0.23828125 0.0390625 0.0578125
1 0.59375 0.2359375 0.0375 0.059375
1 0.8125 0.29609375 0.0375 0.059375
1 0.80859375 0.4359375 0.0359375 0.0609375
1 0.7515625 0.428125 0.04375 0.0703125
1 0.69296875 0.35859375 0.04375 0.0734375
1 0.6265625 0.35390625 0.0421875 0.0671875
1 0.3515625 0.3109375 0.0421875 0.06875
1 0.28828125 0.3171875 0.0328125 0.0546875
1 0.2265625 0.31796875 0.0359375 0.059375
1 0.42265625 0.4765625 0.05 0.090625
3 0.66171875 0.54453125 0.1359375 0.2578125
1 0.7625 0.58046875 0.04375 0.0703125
1 0.81953125 0.59453125 0.046875 0.0734375
1 0.92578125 0.52421875 0.034375 0.059375
3 0.89765625 0.56171875 0.090625 0.15
1 0.896875 0.42421875 0.0328125 0.0546875
1 0.93046875 0.43203125 0.0296875 0.05
1 0.88828125 0.259375 0.0265625 0.0421875
2 0.85546875 0.19765625 0.0265625 0.04375
1 0.87734375 0.18828125 0.021875 0.0390625
1 0.82890625 0.12421875 0.021875 0.034375
1 0.853125 0.134375 0.021875 0.034375
1 0.83828125 0.09609375 0.0171875 0.0328125
2 0.81015625 0.07421875 0.01875 0.0328125