0 0.1625 0.29453125 0.059375 0.0875
3 0.203125 0.18125 0.0546875 0.1
3 0.24296875 0.1265625 0.040625 0.065625
3 0.2765625 0.13359375 0.0484375 0.0671875
3 0.2671875 0.08125 0.0390625 0.0578125
3 0.3015625 0.07421875 0.0421875 0.0625
0 0.45546875 0.04453125 0.05 0.059375
0 0.49609375 0.0921875 0.0515625 0.0609375
0 0.409375 0.08984375 0.053125 0.071875
0 0.4546875 0.0875 0.053125 0.075
3 0.49609375 0.04140625 0.0484375 0.065625
3 0.53359375 0.04375 0.04375 0.05625
0 0.575 0.0421875 0.04375 0.0734375
3 0.6078125 0.05 0.053125 0.0671875
3 0.68203125 0.12890625 0.065625 0.1703125
3 0.62421875 0.09453125 0.0671875 0.0890625
3 0.75 0.1921875 0.071875 0.1125
3 0.69921875 0.18125 0.0625 0.090625
0 0.5046875 0.2453125 0.065625 0.0765625
3 0.56640625 0.25078125 0.0875 0.115625
3 0.725 0.296875 0.0734375 0.11875
3 0.78125 0.30703125 0.075 0.121875
3 0.79453125 0.4078125 0.084375 0.128125
3 0.73203125 0.3984375 0.08125 0.1546875
3 0.671875 0.365625 0.084375 0.1296875
3 0.5984375 0.34296875 0.1109375 0.1609375
3 0.33984375 0.34375 0.1 0.11875
0 0.27421875 0.3359375 0.075 0.1234375
0 0.21875 0.33984375 0.075 0.109375
3 0.228125 0.4578125 0.0796875 0.1625
3 0.2671875 0.51015625 0.103125 0.1609375
3 0.42578125 0.50546875 0.1015625 0.153125
3 0.746875 0.5640625 0.0984375 0.228125
3 0.8078125 0.5828125 0.096875 0.16875
3 0.77421875 0.071875 0.0375 0.059375
3 0.8046875 0.08359375 0.0375 0.0546875
0 0.78046875 0.11328125 0.0453125 0.078125
3 0.825 0.12265625 0.04375 0.0703125
3 0.8421875 0.17578125 0.0484375 0.075
0 0.840625 0.2265625 0.0609375 0.075
0 0.871875 0.4015625 0.0703125 0.0875
3 0.91484375 0.4109375 0.053125 0.103125
3 0.93359375 0.76796875 0.0796875 0.11875
1 0.15078125 0.2875 0.028125 0.046875
1 0.2 0.15546875 0.025 0.040625
1 0.23984375 0.11328125 0.01875 0.0328125
1 0.26953125 0.11953125 0.021875 0.0421875
1 0.26171875 0.06953125 0.0171875 0.028125
1 0.29921875 0.06171875 0.0171875 0.03125
1 0.4578125 0.03671875 0.01875 0.0328125
1 0.4140625 0.0765625 0.021875 0.0375
1 0.49765625 0.02578125 0.01875 0.0328125
1 0.49609375 0.0859375 0.0265625 0.0390625
1 0.534375 0.03046875 0.01875 0.0328125
1 0.57734375 0.028125 0.01875 0.0328125
1 0.6125 0.03984375 0.0203125 0.0359375
1 0.62734375 0.07890625 0.0265625 0.0421875
3 0.71953125 0.103125 0.0546875 0.1171875
1 0.71484375 0.06640625 0.025 0.040625
1 0.71171875 0.1609375 0.0265625 0.046875
1 0.79609375 0.28125 0.034375 0.0578125
1 0.73828125 0.2703125 0.0328125 0.05
1 0.57421875 0.22734375 0.034375 0.0578125
1 0.5015625 0.2390625 0.0328125 0.0546875
1 0.2125 0.3375 0.034375 0.05625
1 0.27421875 0.33203125 0.0328125 0.05625
1 0.3359375 0.31953125 0.0375 0.065625
3 0.17890625 0.4859375 0.115625 0.1546875
1 0.2265625 0.41015625 0.0328125 0.059375
1 0.2640625 0.47265625 0.0390625 0.0703125
1 0.41953125 0.47421875 0.04375 0.084375
3 0.6734375 0.50546875 0.1109375 0.2125
2 0.7671875 0.4921875 0.040625 0.075
1 0.83046875 0.5703125 0.04375 0.0734375
3 0.06640625 0.665625 0.0875 0.1765625
1 0.05546875 0.62890625 0.040625 0.0734375
3 0.13046875 0.6484375 0.1171875 0.2171875
2 0.11015625 0.5875 0.0453125 0.0875
3 0.909375 0.52578125 0.0890625 0.1515625
1 0.890625 0.39609375 0.0296875 0.053125
1 0.9234375 0.3890625 0.0265625 0.0484375
1 0.8546875 0.2203125 0.0265625 0.0453125
1 0.8734375 0.23984375 0.0234375 0.04375
1 0.8515625 0.16171875 0.0203125 0.0359375
1 0.78046875 0.09375 0.021875 0.0328125
2 0.8359375 0.109375 0.01875 0.0359375
1 0.78203125 0.06328125 0.0171875 0.03125
1 0.8078125 0.0734375 0.0171875 0.0328125