3 0.17265625 0.27734375 0.071875 0.1
3 0.20859375 0.18125 0.05625 0.0828125
3 0.26328125 0.1140625 0.04375 0.065625
3 0.296875 0.12109375 0.05 0.06875
3 0.28828125 0.06953125 0.0421875 0.0609375
3 0.3234375 0.06796875 0.04375 0.0609375
3 0.371875 0.028125 0.05 0.05625
0 0.43203125 0.0859375 0.0546875 0.0703125
0 0.5125 0.096875 0.05625 0.0671875
3 0.471875 0.08046875 0.0578125 0.0828125
0 0.48359375 0.0421875 0.0453125 0.059375
3 0.5203125 0.0421875 0.05 0.0625
3 0.55703125 0.04609375 0.046875 0.0609375
3 0.56015625 0.09296875 0.0671875 0.0796875
3 0.59921875 0.04921875 0.046875 0.0671875
3 0.63359375 0.059375 0.05625 0.0734375
0 0.65 0.11484375 0.059375 0.078125
0 0.67421875 0.07890625 0.0484375 0.059375
3 0.72109375 0.08359375 0.0484375 0.0625
3 0.7265625 0.13515625 0.0578125 0.0890625
3 0.76015625 0.21328125 0.0734375 0.09375
3 0.7140625 0.18359375 0.065625 0.1015625
0 0.6328125 0.1984375 0.065625 0.0765625
3 0.45390625 0.2265625 0.0921875 0.115625
3 0.52421875 0.23046875 0.0765625 0.1125
3 0.57734375 0.25390625 0.09375 0.1109375
3 0.73203125 0.28203125 0.096875 0.128125
3 0.7921875 0.325 0.0859375 0.1296875
0 0.79296875 0.43515625 0.0734375 0.1140625
0 0.7390625 0.42578125 0.08125 0.10625
3 0.68203125 0.3890625 0.090625 0.1546875
3 0.6140625 0.37578125 0.10625 0.1609375
3 0.35078125 0.33671875 0.103125 0.1203125
0 0.2828125 0.32421875 0.084375 0.1234375
0 0.22734375 0.328125 0.0796875 0.115625
0 0.1421875 0.490625 0.0796875 0.1046875
3 0.2015625 0.48203125 0.0859375 0.121875
3 0.27109375 0.48203125 0.115625 0.184375
3 0.42109375 0.503125 0.115625 0.1578125
3 0.66484375 0.5640625 0.121875 0.1953125
3 0.7390625 0.5828125 0.1 0.13125
0 0.8015625 0.603125 0.10625 0.178125
3 0.91796875 0.79296875 0.0859375 0.1296875
3 0.896875 0.5703125 0.0875 0.1265625
0 0.87734375 0.42578125 0.0734375 0.09375
3 0.9203125 0.43515625 0.059375 0.1046875
3 0.84375 0.2265625 0.0609375 0.096875
3 0.88046875 0.2484375 0.0671875 0.103125
3 0.83828125 0.1375 0.04375 0.0703125
3 0.8078125 0.1328125 0.05 0.075
3 0.79921875 0.0796875 0.0375 0.059375
1 0.1625 0.26171875 0.0328125 0.0515625
1 0.20234375 0.1609375 0.028125 0.046875
1 0.26015625 0.1 0.021875 0.0328125
1 0.28984375 0.10859375 0.025 0.0421875
1 0.284375 0.05703125 0.0203125 0.03125
1 0.32265625 0.05234375 0.021875 0.0328125
1 0.48046875 0.034375 0.021875 0.0328125
1 0.434375 0.0734375 0.0265625 0.0421875
1 0.46328125 0.065625 0.028125 0.0421875
1 0.52265625 0.02734375 0.021875 0.0375
1 0.515625 0.08671875 0.0265625 0.040625
1 0.559375 0.03359375 0.021875 0.0359375
1 0.5609375 0.0765625 0.0296875 0.046875
1 0.60078125 0.03203125 0.0234375 0.0328125
1 0.63515625 0.04609375 0.0234375 0.0375
1 0.6796875 0.07109375 0.025 0.0390625
1 0.7265625 0.0765625 0.0234375 0.0375
1 0.73125 0.115625 0.0265625 0.04375
1 0.7171875 0.16328125 0.0328125 0.053125
1 0.765625 0.1984375 0.03125 0.0484375
1 0.45546875 0.20390625 0.040625 0.0640625
1 0.5890625 0.24375 0.0375 0.059375
1 0.5703125 0.290625 0.0265625 0.0328125
1 0.80625 0.29765625 0.0375 0.0609375
1 0.80703125 0.43125 0.0359375 0.059375
1 0.75078125 0.42578125 0.04375 0.0734375
2 0.690625 0.3546875 0.0453125 0.075
1 0.62421875 0.3515625 0.0421875 0.06875
1 0.67734375 0.5390625 0.05625 0.084375
1 0.76171875 0.58046875 0.0484375 0.0734375
1 0.81953125 0.590625 0.05 0.078125
3 0.05703125 0.64140625 0.0953125 0.178125
3 0.1171875 0.646875 0.13125 0.209375
1 0.04921875 0.60859375 0.0453125 0.078125
1 0.1015625 0.58984375 0.053125 0.090625
1 0.921875 0.55 0.034375 0.0609375
1 0.8953125 0.41796875 0.0328125 0.053125
1 0.92734375 0.41875 0.03125 0.0546875
1 0.88203125 0.22734375 0.0296875 0.046875
1 0.834375 0.1234375 0.0203125 0.0359375
1 0.81953125 0.11640625 0.021875 0.0328125
1 0.83125 0.09140625 0.0203125 0.0328125
1 0.80078125 0.07109375 0.021875 0.0328125
1 0.22265625 0.32265625 0.0390625 0.0578125
1 0.28203125 0.321875 0.040625 0.0578125
1 0.35 0.3140625 0.04375 0.0703125