3 0.18203125 0.265625 0.0703125 0.0953125
3 0.2203125 0.16953125 0.059375 0.0875
3 0.2765625 0.10625 0.046875 0.065625
3 0.31015625 0.11484375 0.0515625 0.06875
3 0.30390625 0.0625 0.04375 0.0625
3 0.33828125 0.06328125 0.0453125 0.0609375
3 0.38984375 0.02734375 0.0453125 0.0546875
0 0.4453125 0.0828125 0.0578125 0.075
0 0.5265625 0.096875 0.0578125 0.06875
3 0.4875 0.08359375 0.0625 0.0890625
0 0.5 0.0421875 0.046875 0.0609375
3 0.53515625 0.04453125 0.0515625 0.0640625
3 0.57265625 0.0484375 0.0484375 0.0625
3 0.5734375 0.0859375 0.0671875 0.0859375
3 0.6125 0.05390625 0.053125 0.06875
3 0.6484375 0.06484375 0.0578125 0.0734375
0 0.66171875 0.1203125 0.0640625 0.08125
0 0.68828125 0.0859375 0.05 0.0609375
3 0.73515625 0.09296875 0.05 0.0640625
3 0.740625 0.14140625 0.0625 0.0953125
3 0.7703125 0.22265625 0.0765625 0.0953125
3 0.7234375 0.190625 0.0703125 0.103125
3 0.65078125 0.18203125 0.0734375 0.1
3 0.46328125 0.225 0.0953125 0.1171875
3 0.52890625 0.24375 0.071875 0.0859375
3 0.5859375 0.25625 0.096875 0.1125
3 0.746875 0.29296875 0.090625 0.125
3 0.7984375 0.33515625 0.0890625 0.13125
0 0.79296875 0.44921875 0.0765625 0.115625
0 0.740625 0.43359375 0.084375 0.1078125
3 0.6859375 0.3953125 0.0953125 0.15625
3 0.61875 0.3796875 0.1109375 0.1625
3 0.35703125 0.33046875 0.10625 0.1234375
0 0.2890625 0.31640625 0.0875 0.125
0 0.23359375 0.31953125 0.0828125 0.1171875
3 0.14453125 0.475 0.103125 0.1453125
3 0.21640625 0.45390625 0.1 0.1671875
3 0.2859375 0.44375 0.125 0.190625
3 0.42265625 0.49921875 0.1234375 0.190625
3 0.6625 0.56953125 0.1265625 0.196875
3 0.7359375 0.59609375 0.103125 0.1328125
0 0.79765625 0.61328125 0.1109375 0.1796875
3 0.9078125 0.80703125 0.090625 0.13125
3 0.89453125 0.58359375 0.0921875 0.128125
0 0.8796875 0.4390625 0.075 0.0953125
3 0.921875 0.45 0.0625 0.10625
3 0.84765625 0.23203125 0.06875 0.103125
3 0.8828125 0.26015625 0.05 0.078125
3 0.85078125 0.15078125 0.04375 0.065625
3 0.8203125 0.14375 0.0515625 0.075
3 0.8125 0.09609375 0.0421875 0.071875
1 0.215625 0.15078125 0.0296875 0.046875
1 0.2734375 0.0921875 0.0234375 0.0359375
1 0.30390625 0.1015625 0.0296875 0.04375
1 0.30078125 0.053125 0.0234375 0.034375
1 0.33359375 0.053125 0.021875 0.0390625
1 0.4984375 0.03203125 0.025 0.0375
1 0.44921875 0.0703125 0.028125 0.04375
1 0.478125 0.065625 0.03125 0.0453125
1 0.5390625 0.028125 0.0234375 0.0359375
1 0.53203125 0.090625 0.0296875 0.04375
1 0.5765625 0.03671875 0.0234375 0.0375
1 0.61953125 0.03984375 0.021875 0.034375
1 0.64921875 0.053125 0.0265625 0.0390625
1 0.66171875 0.1078125 0.0296875 0.0453125
1 0.69453125 0.07734375 0.028125 0.0421875
1 0.740625 0.08515625 0.0265625 0.040625
1 0.74453125 0.1234375 0.0296875 0.0453125
1 0.77578125 0.20859375 0.0328125 0.05
1 0.7328125 0.17265625 0.034375 0.053125
2 0.64765625 0.16640625 0.0359375 0.0546875
1 0.46640625 0.203125 0.040625 0.065625
1 0.52578125 0.23984375 0.0421875 0.059375
1 0.59453125 0.2453125 0.040625 0.0640625
1 0.81171875 0.30859375 0.040625 0.0640625
1 0.80703125 0.4390625 0.0375 0.059375
1 0.753125 0.434375 0.046875 0.0734375
2 0.696875 0.359375 0.046875 0.075
1 0.6296875 0.35703125 0.0453125 0.06875
1 0.35703125 0.30703125 0.0453125 0.06875
1 0.2890625 0.31640625 0.040625 0.059375
1 0.22890625 0.3125 0.040625 0.0578125
1 0.1375 0.44765625 0.0421875 0.06875
1 0.2921875 0.40390625 0.05 0.0765625
1 0.6765625 0.546875 0.053125 0.0828125
1 0.7578125 0.59140625 0.05 0.0734375
1 0.81953125 0.59765625 0.05 0.075
1 0.046875 0.59140625 0.05 0.08125
1 0.09140625 0.57578125 0.0578125 0.090625
3 0.0546875 0.62734375 0.10625 0.1796875
3 0.109375 0.628125 0.1390625 0.1984375
1 0.9203125 0.565625 0.0390625 0.0640625
1 0.89921875 0.43203125 0.03125 0.053125
1 0.93125 0.43359375 0.03125 0.0546875
1 0.8921875 0.25078125 0.0265625 0.04375
1 0.86796875 0.209375 0.0296875 0.046875
1 0.88203125 0.19609375 0.0234375 0.0421875
1 0.8328125 0.12734375 0.0234375 0.0328125
1 0.8453125 0.10078125 0.0203125 0.034375
1 0.81953125 0.08203125 0.0234375 0.0328125