3 0.12578125 0.36953125 0.0609375 0.09375
3 0.1359375 0.26796875 0.046875 0.078125
3 0.17109375 0.18828125 0.0375 0.0625
3 0.20546875 0.18671875 0.04375 0.0640625
3 0.184375 0.1390625 0.034375 0.0578125
3 0.21796875 0.128125 0.0375 0.0578125
3 0.25234375 0.071875 0.0421875 0.0671875
0 0.3265625 0.1171875 0.046875 0.0671875
0 0.4078125 0.10703125 0.05 0.0625
3 0.3640625 0.10234375 0.05 0.078125
0 0.365625 0.0625 0.0390625 0.05625
3 0.4015625 0.05234375 0.04375 0.059375
3 0.4375 0.046875 0.040625 0.0578125
3 0.45234375 0.09140625 0.059375 0.075
3 0.4796875 0.03828125 0.040625 0.0640625
3 0.51484375 0.03984375 0.0484375 0.06875
0 0.54453125 0.0890625 0.0515625 0.0734375
0 0.559375 0.04765625 0.0421875 0.05625
3 0.60546875 0.040625 0.0421875 0.059375
3 0.625 0.0890625 0.0484375 0.084375
3 0.67734375 0.15546875 0.0640625 0.0875
3 0.625 0.1390625 0.0546875 0.0984375
0 0.55 0.175 0.0578125 0.071875
3 0.384375 0.2484375 0.0796875 0.1078125
3 0.45390625 0.2328125 0.0640625 0.1078125
3 0.5109375 0.2421875 0.0828125 0.103125
3 0.6671875 0.2296875 0.084375 0.1203125
3 0.73671875 0.25546875 0.071875 0.1234375
0 0.765625 0.36171875 0.0625 0.109375
0 0.71171875 0.36640625 0.071875 0.1
3 0.64765625 0.3453125 0.075 0.15
3 0.578125 0.35078125 0.0890625 0.1546875
3 0.3140625 0.38046875 0.0921875 0.1125
0 0.24453125 0.3859375 0.071875 0.1171875
0 0.19296875 0.4046875 0.06875 0.109375
0 0.1515625 0.58359375 0.0703125 0.0984375
3 0.20703125 0.559375 0.0734375 0.115625
3 0.27421875 0.54140625 0.096875 0.1765625
3 0.425 0.5234375 0.1 0.15
3 0.67578125 0.51875 0.1 0.1875
3 0.75234375 0.51796875 0.0859375 0.1234375
0 0.81796875 0.521875 0.0875 0.171875
3 0.97109375 0.67421875 0.0578125 0.1234375
3 0.9015625 0.46484375 0.075 0.1203125
0 0.8453125 0.33125 0.0640625 0.0875
3 0.8890625 0.32890625 0.0484375 0.1015625
3 0.7609375 0.14765625 0.05 0.0921875
3 0.80234375 0.15859375 0.0578125 0.0984375
3 0.73359375 0.0625 0.0359375 0.0671875
3 0.70234375 0.065625 0.0421875 0.071875
3 0.6796875 0.02265625 0.03125 0.0453125
1 0.1125 0.35703125 0.028125 0.0484375
1 0.12421875 0.25 0.0234375 0.0453125
1 0.16484375 0.17578125 0.01875 0.03125
1 0.1953125 0.1765625 0.0203125 0.040625
1 0.17734375 0.128125 0.0171875 0.0296875
1 0.21328125 0.11328125 0.0171875 0.03125
1 0.3609375 0.05546875 0.01875 0.03125
1 0.32578125 0.1046875 0.021875 0.040625
1 0.35234375 0.08984375 0.0234375 0.040625
1 0.39921875 0.03828125 0.01875 0.0359375
1 0.40859375 0.096875 0.0234375 0.0375
1 0.43671875 0.03359375 0.01875 0.034375
1 0.44921875 0.075 0.0234375 0.0453125
1 0.47578125 0.021875 0.0203125 0.03125
1 0.51328125 0.0265625 0.0203125 0.0359375
1 0.5625 0.0390625 0.0203125 0.0375
1 0.609375 0.0328125 0.01875 0.0359375
1 0.62421875 0.06875 0.021875 0.0421875
1 0.62265625 0.11875 0.0265625 0.05
1 0.678125 0.13984375 0.025 0.046875
1 0.38046875 0.22578125 0.034375 0.0609375
1 0.51953125 0.22890625 0.03125 0.05625
1 0.51328125 0.2796875 0.0234375 0.0296875
1 0.74296875 0.225 0.03125 0.059375
1 0.77890625 0.3546875 0.0296875 0.0578125
1 0.72265625 0.36328125 0.0359375 0.0703125
2 0.646875 0.31015625 0.0375 0.071875
1 0.58203125 0.32421875 0.034375 0.0671875
1 0.68125 0.4921875 0.046875 0.08125
1 0.7734375 0.51015625 0.040625 0.0703125
1 0.83203125 0.5046875 0.0421875 0.075
3 0.10859375 0.7515625 0.0765625 0.1734375
3 0.16796875 0.740625 0.109375 0.2015625
1 0.09296875 0.721875 0.0375 0.075
1 0.13828125 0.68984375 0.04375 0.0875
1 0.9203125 0.4390625 0.028125 0.0578125
1 0.8609375 0.31796875 0.028125 0.0515625
1 0.89140625 0.3109375 0.025 0.053125
1 0.7984375 0.1375 0.0234375 0.0453125
1 0.725 0.04921875 0.0171875 0.0359375
1 0.709375 0.046875 0.01875 0.03125
1 0.7140625 0.01953125 0.015625 0.03125
1 0.6796875 0.01171875 0.01875 0.0234375
1 0.1859375 0.40078125 0.0328125 0.0546875
1 0.24375 0.384375 0.034375 0.0546875
1 0.30703125 0.359375 0.0359375 0.0671875