0 0.1390625 0.34375 0.046875 0.08125
3 0.153125 0.24140625 0.0421875 0.07890625
3 0.19375 0.165625 0.034375 0.0609375
3 0.22734375 0.16640625 0.03984375 0.06171875
3 0.2109375 0.11875 0.03203125 0.05
3 0.24453125 0.10703125 0.034375 0.05546875
3 0.2828125 0.053125 0.0375 0.07109375
0 0.3953125 0.05390625 0.03515625 0.0515625
3 0.43828125 0.09296875 0.04453125 0.06796875
0 0.353125 0.10625 0.04296875 0.065625
3 0.39296875 0.09375 0.0453125 0.0734375
3 0.43203125 0.046875 0.03828125 0.05546875
3 0.46640625 0.04296875 0.03046875 0.05
3 0.51171875 0.03828125 0.0328125 0.06328125
3 0.546875 0.0421875 0.0453125 0.06015625
3 0.5921875 0.04296875 0.04609375 0.065625
3 0.6375 0.0484375 0.03671875 0.05625
3 0.65390625 0.09765625 0.04453125 0.08203125
0 0.5734375 0.09375 0.04609375 0.06875
3 0.703125 0.17109375 0.05703125 0.08046875
3 0.6515625 0.1515625 0.04453125 0.1
3 0.46875 0.24140625 0.05859375 0.0796875
3 0.5296875 0.24453125 0.07421875 0.109375
3 0.69453125 0.25078125 0.06015625 0.1109375
3 0.7515625 0.271875 0.065625 0.11875
0 0.77421875 0.38671875 0.0546875 0.10546875
0 0.72109375 0.38125 0.0609375 0.0953125
3 0.6578125 0.35859375 0.06640625 0.14453125
3 0.5890625 0.35703125 0.08046875 0.15
3 0.32265625 0.36796875 0.08515625 0.10859375
0 0.25546875 0.3671875 0.05859375 0.115625
0 0.2 0.38203125 0.0609375 0.1015625
3 0.2078125 0.51875 0.05859375 0.13046875
3 0.2734375 0.53125 0.08671875 0.15078125
3 0.42578125 0.53046875 0.08984375 0.140625
3 0.75234375 0.53671875 0.0765625 0.10703125
3 0.81640625 0.54296875 0.075 0.16484375
3 0.7109375 0.0359375 0.03125 0.05546875
3 0.74375 0.04375 0.0328125 0.05625
0 0.73125 0.08125 0.0390625 0.06015625
3 0.76953125 0.08125 0.03125 0.05625
3 0.79375 0.13046875 0.03984375 0.0796875
3 0.8234375 0.19296875 0.04453125 0.065625
0 0.85390625 0.35234375 0.06171875 0.0859375
3 0.896875 0.346875 0.03828125 0.09453125
3 0.96875 0.7046875 0.0625 0.128125
3 0.09453125 0.7265625 0.06640625 0.17421875
1 0.078125 0.6859375 0.0296875 0.06875
3 0.1515625 0.70546875 0.09765625 0.19453125
1 0.121875 0.65078125 0.03515625 0.08046875
0 0.1453125 0.553125 0.075 0.10703125
1 0.134375 0.53671875 0.02734375 0.05703125
1 0.1921875 0.49296875 0.028125 0.0640625
1 0.41640625 0.50546875 0.03515625 0.08828125
1 0.12578125 0.3375 0.02109375 0.04375
1 0.19296875 0.37734375 0.0265625 0.053125
1 0.253125 0.36640625 0.0296875 0.05
1 0.14140625 0.22421875 0.01875 0.04453125
1 0.31640625 0.34375 0.03125 0.0640625
1 0.18828125 0.153125 0.015625 0.03046875
1 0.21953125 0.15546875 0.01640625 0.0390625
1 0.20390625 0.10703125 0.01328125 0.02890625
1 0.23828125 0.0984375 0.01484375 0.03046875
2 0.28125 0.03125 0.01484375 0.02890625
3 0.33828125 0.0390625 0.04296875 0.0765625
1 0.39375 0.04609375 0.01484375 0.03046875
1 0.4328125 0.034375 0.01484375 0.03125
1 0.35546875 0.09375 0.0171875 0.03984375
1 0.4375 0.08046875 0.01953125 0.04296875
1 0.38203125 0.08046875 0.021875 0.040625
3 0.48359375 0.08125 0.0453125 0.0953125
1 0.4703125 0.03125 0.015625 0.03046875
1 0.51015625 0.02109375 0.01640625 0.03046875
1 0.546875 0.0296875 0.0171875 0.03359375
1 0.58984375 0.03046875 0.01640625 0.0359375
1 0.6421875 0.04140625 0.01640625 0.034375
1 0.65390625 0.078125 0.01796875 0.03828125
1 0.575 0.090625 0.02109375 0.03671875
1 0.4703125 0.23125 0.02734375 0.0546875
1 0.4 0.21640625 0.02734375 0.05703125
3 0.403125 0.240625 0.0703125 0.1046875
1 0.53515625 0.21796875 0.02578125 0.053125
3 0.56953125 0.1546875 0.05234375 0.10546875
1 0.65078125 0.125 0.01953125 0.04453125
1 0.703125 0.15234375 0.0203125 0.04140625
1 0.7625 0.2421875 0.02421875 0.05625
1 0.59375 0.33046875 0.0296875 0.06171875
1 0.659375 0.32265625 0.03046875 0.06953125
1 0.73125 0.38046875 0.03203125 0.0640625
1 0.78828125 0.3734375 0.025 0.0546875
1 0.83203125 0.52734375 0.034375 0.065625
1 0.7734375 0.521875 0.03125 0.0640625
3 0.6734375 0.53359375 0.08671875 0.178125
1 0.68203125 0.503125 0.0375 0.07421875