3 0.16015625 0.28359375 0.0546875 0.0953125
3 0.18125 0.19453125 0.053125 0.0953125
3 0.23046875 0.1359375 0.0390625 0.0640625
3 0.2625 0.1328125 0.04375 0.065625
3 0.25234375 0.08984375 0.0375 0.059375
3 0.28671875 0.0859375 0.0375 0.0578125
3 0.32421875 0.03828125 0.0453125 0.0671875
0 0.3953125 0.0953125 0.05 0.06875
0 0.47578125 0.09921875 0.0453125 0.0578125
3 0.43828125 0.0921875 0.05 0.0796875
0 0.4390625 0.046875 0.0453125 0.0578125
3 0.47890625 0.04296875 0.0453125 0.059375
3 0.51796875 0.04296875 0.0421875 0.0546875
3 0.52421875 0.0890625 0.0609375 0.0765625
3 0.55859375 0.04453125 0.040625 0.0640625
3 0.5921875 0.05 0.0484375 0.0625
0 0.6109375 0.10390625 0.05 0.0703125
0 0.63671875 0.06484375 0.04375 0.05625
3 0.6953125 0.11640625 0.0515625 0.0875
3 0.7390625 0.1953125 0.0703125 0.0921875
3 0.6828125 0.1734375 0.0578125 0.1125
3 0.43125 0.23515625 0.0828125 0.10625
3 0.496875 0.2390625 0.0640625 0.0890625
3 0.55546875 0.2484375 0.0875 0.10625
3 0.715625 0.26171875 0.0734375 0.1265625
3 0.77421875 0.296875 0.075 0.125
3 0.78671875 0.40546875 0.0671875 0.1109375
0 0.73125 0.40625 0.075 0.1015625
3 0.67109375 0.371875 0.084375 0.16875
3 0.603125 0.36640625 0.09375 0.15625
3 0.3375 0.35078125 0.1 0.1390625
0 0.2671875 0.35546875 0.0734375 0.1359375
0 0.21484375 0.35390625 0.0703125 0.1125
0 0.14453125 0.51640625 0.0859375 0.1109375
3 0.22421875 0.46953125 0.0765625 0.1734375
3 0.26953125 0.51171875 0.0984375 0.1578125
3 0.42421875 0.51640625 0.090625 0.1359375
3 0.66796875 0.55 0.10625 0.1890625
0 0.81328125 0.5671875 0.0921875 0.1578125
3 0.9421875 0.75390625 0.0765625 0.125
3 0.9015625 0.53515625 0.0796875 0.1234375
0 0.8703125 0.39375 0.065625 0.1
3 0.9125 0.40078125 0.0515625 0.103125
3 0.8078125 0.19375 0.0609375 0.1046875
3 0.846875 0.21796875 0.046875 0.078125
3 0.775 0.10703125 0.04375 0.071875
3 0.76171875 0.05625 0.0359375 0.0625
3 0.0703125 0.6828125 0.078125 0.178125
3 0.12734375 0.68046875 0.1234375 0.1859375
3 0.7453125 0.55703125 0.0859375 0.121875
3 0.79609375 0.14453125 0.0484375 0.08125
3 0.78984375 0.07421875 0.0359375 0.059375
1 0.1546875 0.2640625 0.028125 0.0484375
1 0.2265625 0.12265625 0.021875 0.034375
1 0.25546875 0.12421875 0.021875 0.0421875
1 0.24765625 0.08125 0.0171875 0.0328125
1 0.28125 0.0734375 0.01875 0.0328125
2 0.3203125 0.0234375 0.0203125 0.0328125
1 0.44140625 0.03984375 0.01875 0.0328125
1 0.396875 0.0828125 0.021875 0.040625
1 0.48046875 0.0296875 0.0171875 0.03125
1 0.478125 0.090625 0.025 0.0390625
1 0.4390625 0.07734375 0.0265625 0.046875
1 0.5234375 0.07421875 0.025 0.0453125
1 0.5171875 0.03515625 0.0171875 0.03125
1 0.559375 0.02890625 0.0203125 0.0328125
1 0.59296875 0.0390625 0.0203125 0.0375
3 0.60859375 0.165625 0.06875 0.1
1 0.61015625 0.0953125 0.025 0.0421875
1 0.64140625 0.059375 0.025 0.0375
3 0.68203125 0.06640625 0.0421875 0.059375
1 0.68828125 0.0578125 0.021875 0.0375
1 0.69609375 0.0953125 0.025 0.04375
1 0.74140625 0.17734375 0.028125 0.0484375
1 0.61171875 0.14296875 0.0296875 0.0515625
3 0.37421875 0.215625 0.0890625 0.1390625
1 0.42734375 0.2140625 0.0328125 0.059375
1 0.48828125 0.2234375 0.0328125 0.05625
1 0.56640625 0.2296875 0.034375 0.0578125
1 0.78671875 0.2703125 0.034375 0.0578125
1 0.80390625 0.384375 0.0328125 0.059375
1 0.74296875 0.40625 0.0375 0.06875
2 0.6734375 0.32578125 0.0359375 0.0734375
1 0.61171875 0.3390625 0.0390625 0.06875
1 0.8328125 0.565625 0.0421875 0.0703125
1 0.76875 0.546875 0.0375 0.071875
2 0.68515625 0.509375 0.046875 0.090625
1 0.68671875 0.69375 0.05625 0.0828125
3 0.659375 0.72109375 0.128125 0.1875
1 0.0625 0.646875 0.040625 0.0796875
1 0.09765625 0.62890625 0.040625 0.0828125
1 0.92265625 0.51328125 0.03125 0.059375
1 0.9203125 0.38203125 0.025 0.053125
1 0.88984375 0.37890625 0.028125 0.05
1 0.85234375 0.203125 0.021875 0.0421875
1 0.821875 0.16484375 0.0265625 0.04375
1 0.8421875 0.15390625 0.0203125 0.040625
1 0.8078125 0.13046875 0.0234375 0.046875
1 0.78671875 0.09609375 0.0203125 0.0328125
1 0.79453125 0.0625 0.0171875 0.03125
2 0.76484375 0.04375 0.0171875 0.034375
1 0.41796875 0.5 0.0484375 0.096875
1 0.2640625 0.4765625 0.0421875 0.08125
1 0.221875 0.421875 0.0359375 0.0625
1 0.13203125 0.5046875 0.034375 0.0640625
1 0.20859375 0.34921875 0.0328125 0.05625
1 0.25546875 0.3421875 0.0359375 0.0578125
1 0.328125 0.321875 0.0390625 0.071875