3 0.13125 0.33828125 0.06171875 0.10078125
3 0.153125 0.24296875 0.0421875 0.07578125
3 0.19375 0.16640625 0.03359375 0.06015625
3 0.22578125 0.1578125 0.03828125 0.06171875
3 0.21015625 0.11796875 0.03125 0.05625
3 0.24453125 0.109375 0.03359375 0.05625
3 0.28203125 0.05546875 0.03359375 0.0609375
0 0.35390625 0.11171875 0.04375 0.06953125
0 0.43671875 0.103125 0.03984375 0.0546875
0 0.39765625 0.0984375 0.04296875 0.06953125
0 0.3921875 0.05625 0.040625 0.0515625
3 0.43203125 0.0484375 0.040625 0.05625
3 0.4703125 0.04296875 0.0375 0.0546875
3 0.48125 0.09296875 0.05390625 0.07109375
3 0.5109375 0.0421875 0.03515625 0.06015625
3 0.546875 0.0421875 0.04453125 0.065625
0 0.56796875 0.096875 0.0421875 0.06875
0 0.590625 0.053125 0.0390625 0.053125
3 0.63828125 0.053125 0.03828125 0.05625
3 0.65390625 0.09765625 0.04453125 0.08203125
3 0.70703125 0.16875 0.06015625 0.09296875
3 0.6515625 0.15625 0.04921875 0.08828125
3 0.58125 0.15625 0.07734375 0.103125
3 0.40390625 0.24296875 0.06953125 0.0984375
3 0.46953125 0.24140625 0.05703125 0.08125
3 0.52890625 0.24296875 0.07578125 0.09921875
3 0.67265625 0.24140625 0.09140625 0.1203125
3 0.753125 0.27109375 0.0640625 0.11953125
3 0.77578125 0.38046875 0.05859375 0.1390625
0 0.7203125 0.38125 0.06484375 0.0953125
3 0.659375 0.35703125 0.0640625 0.1453125
3 0.5875 0.35703125 0.07890625 0.14921875
3 0.32265625 0.3671875 0.08515625 0.10625
0 0.253125 0.38046875 0.06015625 0.12578125
0 0.2015625 0.384375 0.06015625 0.10625
0 0.1484375 0.553125 0.07578125 0.103125
3 0.2234375 0.5 0.0625 0.16875
3 0.271875 0.5390625 0.0828125 0.15
3 0.4203125 0.50625 0.07890625 0.17109375
3 0.671875 0.53046875 0.08828125 0.18125
0 0.81875 0.540625 0.0796875 0.15390625
3 0.96640625 0.70625 0.06484375 0.11953125
3 0.903125 0.49296875 0.0671875 0.11640625
0 0.85703125 0.35 0.05390625 0.08125
3 0.90078125 0.35859375 0.04296875 0.10078125
3 0.790625 0.1734375 0.0421875 0.10625
3 0.82265625 0.184375 0.03046875 0.0765625
3 0.73203125 0.07890625 0.0375 0.06875
3 0.71328125 0.0390625 0.03046875 0.0640625
3 0.09140625 0.7265625 0.06015625 0.1734375
3 0.14453125 0.73046875 0.10546875 0.17578125
3 0.75 0.53046875 0.075 0.11484375
3 0.75859375 0.10703125 0.0421875 0.07890625
3 0.74375 0.046875 0.03046875 0.05625
1 0.14453125 0.225 0.02109375 0.04453125
1 0.18828125 0.153125 0.01796875 0.03046875
1 0.21640625 0.15078125 0.01796875 0.03828125
1 0.20625 0.10546875 0.01640625 0.0296875
1 0.23828125 0.09375 0.015625 0.03046875
1 0.3921875 0.04453125 0.015625 0.03046875
1 0.353125 0.10078125 0.01953125 0.0390625
1 0.39140625 0.09375 0.02265625 0.03984375
1 0.434375 0.0953125 0.01953125 0.03671875
1 0.43203125 0.034375 0.01796875 0.03046875
1 0.48125 0.078125 0.0234375 0.03984375
1 0.46875 0.03125 0.01640625 0.03125
1 0.51015625 0.02578125 0.01796875 0.03046875
1 0.54375 0.03203125 0.01796875 0.03515625
1 0.59453125 0.04609375 0.01796875 0.0359375
1 0.56953125 0.08671875 0.01953125 0.04140625
1 0.64140625 0.040625 0.01796875 0.03515625
1 0.65390625 0.078125 0.01953125 0.04296875
1 0.35078125 0.18828125 0.02578125 0.05546875
3 0.35078125 0.22109375 0.06484375 0.12421875
1 0.39921875 0.2203125 0.0296875 0.059375
1 0.465625 0.228125 0.02578125 0.0515625
1 0.5375 0.221875 0.02734375 0.05546875
1 0.19453125 0.38046875 0.02578125 0.04921875
1 0.24453125 0.36796875 0.02734375 0.053125
1 0.31640625 0.34453125 0.03125 0.0640625
1 0.59375 0.328125 0.0328125 0.06796875
2 0.6609375 0.31875 0.03203125 0.06953125
1 0.73203125 0.38125 0.02890625 0.06796875
1 0.7609375 0.24296875 0.02890625 0.05703125
1 0.7828125 0.34375 0.02578125 0.06328125
1 0.8375 0.53046875 0.0359375 0.06640625
1 0.76953125 0.5109375 0.034375 0.06875
2 0.690625 0.4890625 0.04453125 0.08828125
3 0.68203125 0.70546875 0.11328125 0.20390625
1 0.07890625 0.69375 0.03359375 0.07578125
1 0.11484375 0.68828125 0.0390625 0.08125
1 0.13203125 0.54375 0.028125 0.06328125
1 0.21484375 0.45078125 0.02734375 0.06171875
1 0.2625 0.4984375 0.0359375 0.07890625
1 0.41875 0.4625 0.04296875 0.08046875
1 0.9234375 0.46875 0.02421875 0.0609375
1 0.9046875 0.3375 0.02109375 0.0546875
1 0.82265625 0.16875 0.01796875 0.0390625
1 0.79765625 0.14375 0.02109375 0.04296875
1 0.76796875 0.090625 0.0203125 0.040625
1 0.74140625 0.06328125 0.01875 0.03046875
1 0.7453125 0.03515625 0.01328125 0.03125
1 0.715625 0.0234375 0.01640625 0.03125