3 0.1375 0.34375 0.05546875 0.08515625
3 0.153125 0.24296875 0.0421875 0.07578125
3 0.19375 0.16640625 0.03359375 0.06015625
3 0.228125 0.1671875 0.0390625 0.06171875
3 0.21015625 0.11796875 0.03125 0.05625
3 0.24453125 0.10859375 0.03359375 0.05546875
3 0.27265625 0.06796875 0.03515625 0.06171875
0 0.35390625 0.10546875 0.04375 0.06640625
0 0.43828125 0.10078125 0.04453125 0.05625
3 0.3953125 0.0890625 0.04609375 0.08828125
3 0.43203125 0.0484375 0.040625 0.05625
3 0.4703125 0.04296875 0.0375 0.0546875
3 0.48125 0.09296875 0.05390625 0.07109375
3 0.5109375 0.0421875 0.03515625 0.06015625
3 0.546875 0.0421875 0.04453125 0.065625
0 0.590625 0.053125 0.0390625 0.053125
3 0.6375 0.04296875 0.03828125 0.05625
3 0.65390625 0.0984375 0.04375 0.08046875
3 0.70703125 0.1671875 0.06015625 0.09921875
3 0.65 0.15625 0.05390625 0.09921875
3 0.571875 0.15546875 0.0609375 0.09609375
3 0.40234375 0.240625 0.0734375 0.103125
3 0.4703125 0.24375 0.05703125 0.07890625
3 0.52890625 0.24296875 0.07734375 0.10078125
3 0.690625 0.24296875 0.06171875 0.12109375
3 0.75078125 0.271875 0.06328125 0.11953125
0 0.775 0.38515625 0.0546875 0.10546875
0 0.7203125 0.38125 0.06484375 0.0953125
3 0.6578125 0.359375 0.06484375 0.14375
3 0.58984375 0.35625 0.07890625 0.14921875
3 0.32265625 0.3671875 0.08515625 0.10625
0 0.253125 0.36875 0.0640625 0.11484375
0 0.20078125 0.38203125 0.06015625 0.10546875
0 0.1484375 0.553125 0.07578125 0.103125
3 0.2234375 0.49296875 0.0625 0.17109375
3 0.271875 0.52265625 0.0828125 0.19375
3 0.41953125 0.51171875 0.09296875 0.159375
3 0.671875 0.53046875 0.08828125 0.18125
3 0.82265625 0.53828125 0.06875 0.15546875
3 0.96640625 0.70625 0.06484375 0.11953125
3 0.903125 0.49296875 0.0671875 0.11640625
0 0.85625 0.35546875 0.0578125 0.084375
3 0.9 0.35625 0.04140625 0.09921875
3 0.78828125 0.17734375 0.053125 0.08828125
3 0.8265625 0.184375 0.03203125 0.0796875
3 0.71328125 0.0390625 0.03046875 0.0640625
3 0.09140625 0.7265625 0.06015625 0.1734375
3 0.15234375 0.71875 0.1046875 0.17578125
1 0.12578125 0.33046875 0.02265625 0.05
1 0.14453125 0.225 0.02109375 0.04453125
1 0.18828125 0.1546875 0.01796875 0.03359375
1 0.21953125 0.15625 0.01796875 0.04140625
1 0.2046875 0.109375 0.01484375 0.03125
1 0.2375 0.0984375 0.01640625 0.03125
2 0.39375 0.03671875 0.01640625 0.03125
1 0.4296875 0.03359375 0.015625 0.03515625
1 0.35390625 0.09375 0.02109375 0.03984375
1 0.39375 0.06796875 0.02265625 0.04140625
1 0.43828125 0.09296875 0.01953125 0.03984375
1 0.48203125 0.07890625 0.02109375 0.04296875
1 0.46875 0.03203125 0.01796875 0.03359375
1 0.5109375 0.02890625 0.015625 0.03125
1 0.54453125 0.03359375 0.01796875 0.03515625
1 0.59453125 0.0453125 0.01796875 0.0390625
0 0.56875 0.09375 0.04453125 0.06796875
1 0.56953125 0.0828125 0.021875 0.03984375
1 0.65390625 0.07890625 0.02109375 0.040625
2 0.70703125 0.14296875 0.025 0.05078125
1 0.31015625 0.14765625 0.03359375 0.05625
3 0.3171875 0.20546875 0.084375 0.1703125
1 0.4 0.21796875 0.0296875 0.06015625
1 0.46640625 0.2390625 0.02890625 0.05546875
1 0.53515625 0.23125 0.02734375 0.0546875
1 0.76171875 0.24296875 0.02890625 0.05703125
1 0.78828125 0.375 0.02734375 0.05546875
1 0.73125 0.37890625 0.03046875 0.06796875
2 0.66015625 0.321875 0.03203125 0.06953125
1 0.59375 0.3296875 0.03203125 0.06875
1 0.3171875 0.34453125 0.03125 0.06171875
1 0.25078125 0.36875 0.03125 0.0546875
1 0.19375 0.37734375 0.028125 0.053125
1 0.13515625 0.54296875 0.03046875 0.06015625
1 0.2125 0.44375 0.02890625 0.0609375
1 0.08125 0.69375 0.03046875 0.07578125
1 0.11875 0.67265625 0.03671875 0.08046875
1 0.41796875 0.4765625 0.04453125 0.08125
1 0.68203125 0.48671875 0.03828125 0.09140625
1 0.74765625 0.5578125 0.04609375 0.08203125
3 0.75703125 0.65 0.09453125 0.2703125
1 0.83515625 0.52265625 0.03671875 0.06953125
1 0.92265625 0.46796875 0.02578125 0.05859375
1 0.87265625 0.34296875 0.02421875 0.0515625
1 0.903125 0.33828125 0.02265625 0.05078125
1 0.82734375 0.16796875 0.01796875 0.03984375
1 0.803125 0.11796875 0.01875 0.0390625
1 0.765625 0.06875 0.02109375 0.040625
3 0.74921875 0.13203125 0.05390625 0.171875
1 0.7453125 0.0359375 0.01328125 0.03203125
1 0.71640625 0.02265625 0.015625 0.03046875