3 0.171875 0.26640625 0.059375 0.096875
3 0.19765625 0.178125 0.0578125 0.096875
3 0.25 0.12265625 0.0421875 0.0640625
3 0.2828125 0.1203125 0.046875 0.0671875
3 0.27421875 0.07734375 0.0390625 0.0609375
3 0.30859375 0.075 0.0390625 0.059375
3 0.34765625 0.03203125 0.0484375 0.0640625
0 0.4171875 0.090625 0.053125 0.0703125
0 0.496875 0.0984375 0.046875 0.059375
3 0.46015625 0.0890625 0.053125 0.08125
0 0.46328125 0.04375 0.0484375 0.0609375
3 0.503125 0.0421875 0.0484375 0.0625
3 0.5421875 0.04453125 0.0453125 0.05625
3 0.54609375 0.09140625 0.0640625 0.078125
3 0.5828125 0.04765625 0.04375 0.065625
3 0.615625 0.05546875 0.0515625 0.0640625
0 0.63125 0.11015625 0.053125 0.071875
0 0.659375 0.07265625 0.046875 0.0578125
3 0.71484375 0.12734375 0.05625 0.0890625
3 0.7546875 0.2078125 0.0734375 0.09375
3 0.7 0.18359375 0.0640625 0.1140625
3 0.4453125 0.23203125 0.0875 0.1078125
3 0.51015625 0.2390625 0.0671875 0.090625
3 0.56875 0.2515625 0.0921875 0.109375
3 0.728125 0.2734375 0.0796875 0.1296875
3 0.784375 0.31171875 0.08125 0.128125
3 0.79140625 0.4203125 0.0734375 0.1125
0 0.7359375 0.41875 0.0796875 0.1046875
3 0.678125 0.38125 0.0921875 0.171875
3 0.609375 0.371875 0.1015625 0.159375
3 0.3453125 0.34296875 0.10625 0.14375
0 0.275 0.34296875 0.0796875 0.1375
0 0.22265625 0.3390625 0.0765625 0.1140625
0 0.14453125 0.49765625 0.090625 0.1140625
3 0.2265625 0.4546875 0.084375 0.1765625
3 0.26875 0.5 0.1046875 0.1609375
3 0.4234375 0.5125 0.096875 0.1390625
3 0.66484375 0.55859375 0.115625 0.1921875
0 0.809375 0.58359375 0.1 0.1609375
3 0.928125 0.7765625 0.0828125 0.128125
3 0.89921875 0.55625 0.084375 0.125
0 0.875 0.41328125 0.0703125 0.103125
3 0.9171875 0.421875 0.05625 0.1046875
3 0.8234375 0.21015625 0.0671875 0.10625
3 0.8609375 0.23671875 0.0515625 0.0796875
3 0.7953125 0.121875 0.0484375 0.0734375
3 0.784375 0.0703125 0.0390625 0.0640625
3 0.0609375 0.66015625 0.0859375 0.18125
3 0.11875 0.6609375 0.13125 0.190625
3 0.7421875 0.5703125 0.0921875 0.125
3 0.8140625 0.1609375 0.053125 0.0828125
3 0.81171875 0.08984375 0.0390625 0.0609375
1 0.16796875 0.24609375 0.0296875 0.05
1 0.24609375 0.10859375 0.0234375 0.034375
1 0.275 0.11171875 0.0234375 0.0421875
1 0.2703125 0.06875 0.01875 0.0328125
1 0.30390625 0.0625 0.0203125 0.0328125
2 0.3453125 0.01484375 0.021875 0.0296875
1 0.465625 0.0375 0.0203125 0.0328125
1 0.41875 0.078125 0.025 0.040625
1 0.5046875 0.0296875 0.01875 0.0328125
1 0.49921875 0.08984375 0.0265625 0.0390625
1 0.46171875 0.075 0.0296875 0.046875
1 0.54609375 0.07578125 0.028125 0.0453125
1 0.54140625 0.03671875 0.01875 0.0328125
1 0.584375 0.0328125 0.0203125 0.0328125
1 0.6171875 0.04453125 0.021875 0.0375
3 0.6265625 0.171875 0.071875 0.1015625
1 0.63125 0.1015625 0.0265625 0.04375
1 0.6640625 0.0671875 0.0265625 0.0390625
3 0.7046875 0.0765625 0.0453125 0.0609375
1 0.71171875 0.06875 0.0234375 0.0390625
1 0.7171875 0.10625 0.0265625 0.04375
1 0.7578125 0.190625 0.03125 0.05
1 0.6296875 0.14921875 0.0328125 0.053125
3 0.3890625 0.209375 0.0953125 0.1421875
1 0.4421875 0.2109375 0.0359375 0.0609375
1 0.50234375 0.2234375 0.0359375 0.05625
1 0.58046875 0.23359375 0.0375 0.059375
1 0.7984375 0.28515625 0.0375 0.059375
1 0.809375 0.4 0.034375 0.059375
1 0.74765625 0.41875 0.040625 0.0703125
2 0.68203125 0.33515625 0.0390625 0.0734375
1 0.6203125 0.3453125 0.0421875 0.0703125
1 0.82890625 0.5828125 0.0453125 0.071875
1 0.765625 0.5609375 0.040625 0.0734375
2 0.684375 0.51875 0.0515625 0.0921875
1 0.6765625 0.70390625 0.059375 0.0859375
3 0.646875 0.72890625 0.1375 0.1921875
1 0.05546875 0.6234375 0.04375 0.08125
1 0.09140625 0.6078125 0.04375 0.084375
1 0.921875 0.53515625 0.034375 0.0609375
1 0.92578125 0.4046875 0.028125 0.053125
1 0.8953125 0.4 0.03125 0.0515625
1 0.8671875 0.221875 0.0234375 0.0421875
1 0.8390625 0.18203125 0.028125 0.04375
1 0.859375 0.17265625 0.021875 0.040625
1 0.8265625 0.146875 0.0265625 0.046875
1 0.8078125 0.1109375 0.021875 0.034375
1 0.81640625 0.07890625 0.01875 0.0328125
2 0.78828125 0.05859375 0.01875 0.0359375
1 0.41875 0.49609375 0.053125 0.0984375
1 0.265625 0.46484375 0.046875 0.0828125
1 0.2265625 0.4078125 0.0390625 0.0640625
1 0.13203125 0.48515625 0.0375 0.0640625
1 0.2171875 0.334375 0.0359375 0.05625
1 0.2640625 0.3296875 0.0390625 0.059375
1 0.3375 0.3125 0.0421875 0.0734375