3 0.1375 0.34296875 0.04921875 0.08046875
3 0.15078125 0.2421875 0.04296875 0.0765625
3 0.19375 0.165625 0.0328125 0.06484375
3 0.22578125 0.16171875 0.04140625 0.06953125
3 0.21015625 0.11796875 0.03203125 0.05625
3 0.24375 0.1109375 0.0359375 0.05546875
3 0.27890625 0.065625 0.03828125 0.04921875
3 0.3953125 0.053125 0.0375 0.06328125
0 0.4390625 0.10625 0.04453125 0.04921875
0 0.35390625 0.109375 0.04375 0.05625
0 0.39609375 0.0984375 0.0421875 0.06953125
3 0.43203125 0.046875 0.03984375 0.05625
3 0.46953125 0.04375 0.0375 0.05390625
3 0.5078125 0.04296875 0.03828125 0.05625
3 0.55 0.04296875 0.0421875 0.05859375
0 0.59140625 0.04296875 0.04375 0.05859375
3 0.6375 0.05078125 0.04296875 0.06328125
3 0.6546875 0.09609375 0.04296875 0.08046875
0 0.56796875 0.09296875 0.0453125 0.06171875
3 0.70625 0.171875 0.05859375 0.08046875
3 0.65703125 0.1640625 0.046875 0.1015625
0 0.46640625 0.2484375 0.05390625 0.0796875
3 0.5265625 0.240625 0.07265625 0.09609375
3 0.69375 0.25546875 0.0546875 0.11328125
3 0.74765625 0.26796875 0.05859375 0.12421875
0 0.77265625 0.384375 0.05859375 0.10625
0 0.7203125 0.39296875 0.06640625 0.11015625
3 0.65625 0.35859375 0.06328125 0.15546875
3 0.5890625 0.35546875 0.08046875 0.14609375
3 0.321875 0.36875 0.0828125 0.109375
0 0.25078125 0.37578125 0.06171875 0.11171875
0 0.19765625 0.384375 0.059375 0.11875
3 0.43125 0.50390625 0.07734375 0.14453125
3 0.75078125 0.5328125 0.07890625 0.1140625
3 0.81875 0.54296875 0.07265625 0.16796875
3 0.7125 0.03671875 0.02890625 0.06015625
3 0.74453125 0.04375 0.02890625 0.0515625
3 0.73203125 0.0796875 0.040625 0.06484375
3 0.7984375 0.1265625 0.0375 0.059375
3 0.81953125 0.1765625 0.02578125 0.08828125
0 0.853125 0.3515625 0.0609375 0.103125
3 0.89921875 0.35 0.03984375 0.08125
3 0.96953125 0.70703125 0.06015625 0.09296875
3 0.48203125 0.09140625 0.05078125 0.06796875
3 0.56953125 0.15546875 0.06328125 0.08671875
3 0.35078125 0.23125 0.05859375 0.1265625
3 0.40859375 0.24375 0.07109375 0.0984375
3 0.67578125 0.5359375 0.0875 0.18125
3 0.08828125 0.71796875 0.07421875 0.16953125
3 0.15703125 0.7484375 0.09921875 0.16796875
3 0.90546875 0.49296875 0.06640625 0.1140625
3 0.7859375 0.1796875 0.046875 0.078125
3 0.7609375 0.11796875 0.04140625 0.0765625
1 0.08515625 0.69296875 0.03359375 0.06875
1 0.1296875 0.71796875 0.03828125 0.08359375
0 0.15078125 0.55234375 0.078125 0.1140625
1 0.134375 0.53828125 0.0265625 0.05546875
1 0.12578125 0.32890625 0.02265625 0.04609375
1 0.14375 0.2234375 0.01953125 0.04375
1 0.18828125 0.14921875 0.01484375 0.03046875
1 0.21875 0.1484375 0.0140625 0.04375
1 0.20546875 0.109375 0.01328125 0.03125
1 0.234375 0.10078125 0.01484375 0.03125
1 0.27578125 0.03046875 0.01484375 0.03671875
1 0.3953125 0.03671875 0.015625 0.03046875
1 0.35390625 0.10546875 0.01875 0.0390625
1 0.396875 0.08515625 0.0203125 0.04453125
1 0.4296875 0.03046875 0.01484375 0.03125
1 0.44375 0.10546875 0.02109375 0.03515625
1 0.46953125 0.03125 0.01484375 0.03203125
1 0.48203125 0.08046875 0.01953125 0.03359375
1 0.51640625 0.03203125 0.01796875 0.034375
1 0.55 0.03203125 0.0171875 0.03125
1 0.59453125 0.03828125 0.01796875 0.03828125
1 0.56875 0.08125 0.01875 0.03671875
1 0.63828125 0.0359375 0.01484375 0.03125
1 0.66015625 0.0796875 0.01875 0.040625
2 0.66015625 0.134375 0.02109375 0.04453125
1 0.7046875 0.15546875 0.01953125 0.046875
1 0.5734375 0.140625 0.02421875 0.0484375
1 0.34765625 0.19609375 0.025 0.06171875
1 0.40390625 0.21796875 0.02578125 0.05859375
1 0.46875 0.24140625 0.02734375 0.05546875
1 0.52265625 0.21796875 0.025 0.05625
1 0.7 0.22890625 0.02578125 0.05
1 0.759375 0.23203125 0.028125 0.05546875
1 0.7875 0.3765625 0.02421875 0.05078125
2 0.66015625 0.31875 0.03046875 0.0703125
1 0.59453125 0.328125 0.03046875 0.0609375
1 0.3140625 0.3515625 0.03125 0.06015625
1 0.246875 0.37421875 0.02578125 0.05625
1 0.18828125 0.365625 0.02890625 0.05703125
3 0.665625 0.709375 0.1046875 0.19453125
1 0.69453125 0.65546875 0.04140625 0.08515625
1 0.6859375 0.50390625 0.03515625 0.075
1 0.77265625 0.52421875 0.03203125 0.06640625
1 0.8359375 0.51796875 0.034375 0.07109375
1 0.92578125 0.47890625 0.02265625 0.0546875
1 0.86953125 0.3296875 0.02421875 0.0515625
1 0.90546875 0.33203125 0.01953125 0.0515625
1 0.82109375 0.15234375 0.0171875 0.03984375
1 0.80078125 0.16328125 0.01953125 0.04453125
1 0.80625 0.11640625 0.01640625 0.03515625
2 0.76875 0.1015625 0.01796875 0.040625
1 0.74375 0.06640625 0.01640625 0.034375
1 0.746875 0.0328125 0.01171875 0.02890625
2 0.71640625 0.021875 0.0125 0.03125
0 0.36640625 0.021875 0.03515625 0.04140625