3 0.140625 0.3375 0.0515625 0.0875
3 0.15546875 0.234375 0.04375 0.0765625
3 0.2 0.16015625 0.034375 0.065625
3 0.23359375 0.16171875 0.040625 0.0625
3 0.2171875 0.11328125 0.0328125 0.05625
3 0.2515625 0.10703125 0.034375 0.05625
3 0.28671875 0.059375 0.0359375 0.0515625
3 0.4015625 0.05234375 0.0421875 0.0609375
0 0.4453125 0.10546875 0.0453125 0.05
0 0.36015625 0.1046875 0.0453125 0.0640625
0 0.40234375 0.096875 0.04375 0.0703125
3 0.43984375 0.04609375 0.040625 0.05625
3 0.47734375 0.0421875 0.0390625 0.0546875
3 0.51953125 0.04140625 0.034375 0.059375
3 0.5578125 0.04375 0.04375 0.05625
0 0.59921875 0.04453125 0.0453125 0.059375
3 0.6453125 0.04609375 0.040625 0.071875
3 0.6609375 0.10078125 0.0453125 0.08125
0 0.575 0.0953125 0.046875 0.0625
3 0.71171875 0.171875 0.059375 0.090625
3 0.66171875 0.171875 0.04375 0.0984375
0 0.47109375 0.2453125 0.0546875 0.0765625
3 0.53203125 0.24375 0.071875 0.10625
3 0.6984375 0.25859375 0.06875 0.115625
3 0.7578125 0.27109375 0.0625 0.1296875
0 0.77578125 0.38046875 0.05625 0.0828125
0 0.7203125 0.3984375 0.0640625 0.1125
3 0.659375 0.359375 0.0671875 0.1515625
3 0.59140625 0.35703125 0.0828125 0.146875
3 0.325 0.365625 0.0859375 0.1109375
0 0.2546875 0.37265625 0.059375 0.1171875
0 0.20234375 0.3875 0.0609375 0.0984375
3 0.42578125 0.5140625 0.071875 0.1421875
0 0.7515625 0.5375 0.08125 0.115625
3 0.81796875 0.54921875 0.078125 0.1671875
3 0.72109375 0.03828125 0.0296875 0.0625
3 0.7515625 0.0453125 0.028125 0.0453125
0 0.7390625 0.084375 0.0421875 0.065625
3 0.771875 0.07421875 0.0328125 0.0546875
3 0.80703125 0.1359375 0.0421875 0.065625
3 0.82734375 0.1921875 0.028125 0.0703125
3 0.89921875 0.35078125 0.04375 0.0875
3 0.9640625 0.7171875 0.065625 0.0953125
3 0.4890625 0.09140625 0.0515625 0.06875
3 0.57265625 0.15703125 0.0546875 0.090625
3 0.353125 0.24140625 0.0640625 0.134375
3 0.41171875 0.2328125 0.065625 0.1203125
3 0.675 0.5390625 0.090625 0.18125
3 0.08671875 0.70703125 0.075 0.1984375
3 0.1546875 0.74296875 0.103125 0.1703125
3 0.9046875 0.50078125 0.06875 0.1078125
3 0.79296875 0.1828125 0.04375 0.084375
3 0.7671875 0.12578125 0.0421875 0.0765625
1 0.08515625 0.65 0.0328125 0.075
1 0.125 0.70703125 0.0390625 0.08125
0 0.15 0.54453125 0.078125 0.1125
1 0.128125 0.3203125 0.025 0.046875
1 0.14921875 0.2140625 0.0203125 0.040625
1 0.19453125 0.38125 0.0296875 0.05625
1 0.246875 0.3703125 0.0296875 0.05625
1 0.31640625 0.34765625 0.0328125 0.0625
1 0.19453125 0.14375 0.015625 0.03125
1 0.22578125 0.15 0.0171875 0.04375
1 0.21171875 0.1015625 0.015625 0.0328125
1 0.2421875 0.09453125 0.015625 0.03125
1 0.284375 0.02734375 0.0125 0.0328125
1 0.4015625 0.0390625 0.0171875 0.0328125
1 0.36171875 0.0921875 0.01875 0.0390625
1 0.3984375 0.0890625 0.021875 0.0390625
1 0.4515625 0.1046875 0.021875 0.0359375
1 0.43828125 0.03046875 0.015625 0.03125
1 0.48828125 0.078125 0.0203125 0.0375
1 0.47734375 0.0296875 0.015625 0.0296875
1 0.521875 0.0296875 0.015625 0.034375
1 0.55703125 0.0328125 0.0171875 0.0328125
1 0.60234375 0.0375 0.01875 0.0421875
1 0.57578125 0.08515625 0.01875 0.0375
1 0.64921875 0.03046875 0.0171875 0.0390625
1 0.6671875 0.084375 0.0203125 0.0421875
2 0.7140625 0.153125 0.021875 0.0453125
1 0.66640625 0.14609375 0.0203125 0.04375
1 0.57890625 0.140625 0.025 0.0484375
1 0.4015625 0.20234375 0.028125 0.0578125
1 0.47109375 0.24296875 0.03125 0.0546875
1 0.5328125 0.22265625 0.028125 0.05625
1 0.71171875 0.234375 0.025 0.0546875
1 0.76796875 0.23515625 0.0265625 0.05625
1 0.78984375 0.37578125 0.025 0.0546875
2 0.66328125 0.32109375 0.0296875 0.0703125
1 0.5984375 0.32890625 0.0296875 0.0640625
1 0.13359375 0.53359375 0.03125 0.059375
1 0.41640625 0.484375 0.034375 0.08125
1 0.68828125 0.50859375 0.0390625 0.078125
1 0.77421875 0.534375 0.034375 0.0640625
1 0.83671875 0.5265625 0.0375 0.0671875
1 0.92578125 0.48671875 0.0234375 0.05625
2 0.903125 0.33046875 0.0203125 0.046875
3 0.84765625 0.38203125 0.0640625 0.18125
1 0.86328125 0.32265625 0.025 0.0609375
1 0.825 0.1765625 0.0171875 0.040625
2 0.803125 0.16171875 0.01875 0.0421875
1 0.8140625 0.12109375 0.01875 0.0375
1 0.77421875 0.109375 0.01875 0.040625
1 0.75078125 0.0703125 0.0171875 0.03125
1 0.7546875 0.040625 0.0140625 0.03125
2 0.725 0.0265625 0.0140625 0.03125
0 0.37578125 0.01953125 0.0359375 0.0390625