1 0.725 0.70234375 0.046875 0.0734375
3 0.70625 0.7296875 0.140625 0.18125
1 0.684375 0.48359375 0.046875 0.0734375
3 0.684375 0.5046875 0.096875 0.1390625
1 0.6296875 0.475 0.04375 0.0796875
3 0.61171875 0.50234375 0.1203125 0.15625
1 0.7734375 0.48046875 0.0390625 0.0640625
3 0.7546875 0.49609375 0.0890625 0.1265625
1 0.8359375 0.484375 0.0375 0.0671875
3 0.8265625 0.4984375 0.0921875 0.1578125
3 0.975 0.63828125 0.05 0.1203125
3 0.90234375 0.440625 0.08125 0.1265625
1 0.640625 0.359375 0.0359375 0.0546875
1 0.71484375 0.359375 0.0359375 0.065625
1 0.75859375 0.3015625 0.03125 0.05625
3 0.7578125 0.33359375 0.0765625 0.1375
1 0.87890625 0.27578125 0.025 0.0484375
1 0.83046875 0.2671875 0.0265625 0.0453125
3 0.87265625 0.3015625 0.05625 0.1046875
3 0.82734375 0.29609375 0.0640625 0.109375
3 0.70859375 0.1984375 0.0875 0.15625
1 0.7890625 0.17265625 0.0265625 0.0453125
1 0.828125 0.190625 0.021875 0.040625
3 0.81953125 0.20703125 0.04375 0.0765625
3 0.775 0.19765625 0.06875 0.09375
3 0.65625 0.21640625 0.0640625 0.11875
1 0.50078125 0.21484375 0.034375 0.05
1 0.60625 0.12265625 0.028125 0.046875
2 0.6515625 0.11796875 0.0265625 0.04375
3 0.6546875 0.14140625 0.0671875 0.0921875
3 0.60859375 0.1421875 0.0515625 0.0859375
1 0.55703125 0.0984375 0.0265625 0.046875
3 0.5640625 0.1265625 0.05625 0.1046875
3 0.5234375 0.1484375 0.078125 0.0984375
1 0.75390625 0.12578125 0.021875 0.0390625
1 0.77421875 0.11484375 0.0234375 0.0390625
3 0.74765625 0.14375 0.0515625 0.0890625
1 0.74765625 0.07578125 0.0171875 0.0359375
1 0.71328125 0.0671875 0.01875 0.0390625
3 0.7453125 0.0875 0.040625 0.0640625
3 0.7078125 0.0859375 0.05625 0.0859375
1 0.68125 0.00546875 0.015625 0.0109375
3 0.6765625 0.0171875 0.03125 0.034375
1 0.68515625 0.04140625 0.01875 0.0328125
0 0.67890625 0.05078125 0.0390625 0.0484375
1 0.65 0.00625 0.01875 0.0125
3 0.6484375 0.0171875 0.0375 0.034375
3 0.63203125 0.00625 0.0328125 0.0125
3 0.603125 0.01328125 0.034375 0.0265625
1 0.59609375 0.06015625 0.025 0.0421875
3 0.59609375 0.0765625 0.0625 0.0828125
1 0.57265625 0.028125 0.0171875 0.028125
1 0.5359375 0.034375 0.0203125 0.0328125
3 0.57421875 0.040625 0.0453125 0.05
3 0.53046875 0.03828125 0.0515625 0.0609375
1 0.584375 0.0046875 0.01875 0.009375
1 0.54375 0.0046875 0.01875 0.009375
3 0.5796875 0.015625 0.04375 0.03125
3 0.54140625 0.0140625 0.0421875 0.028125
1 0.4578125 0.13359375 0.028125 0.0484375
3 0.459375 0.14921875 0.0578125 0.0875
3 0.4859375 0.41640625 0.0359375 0.0265625
1 0.47890625 0.31953125 0.034375 0.0640625
3 0.48984375 0.35625 0.0875 0.1421875
1 0.57421875 0.340625 0.0375 0.0625
3 0.5640625 0.34609375 0.0953125 0.14375
1 0.41484375 0.5171875 0.040625 0.0828125
3 0.4328125 0.53984375 0.0984375 0.146875
3 0.35859375 0.5515625 0.09375 0.184375
1 0.27421875 0.6 0.040625 0.065625
0 0.2828125 0.6125 0.109375 0.1296875
1 0.2046875 0.534375 0.0375 0.0640625
3 0.22421875 0.5578125 0.0875 0.1359375
1 0.42421875 0.3140625 0.0328125 0.059375
3 0.4296875 0.33828125 0.0765625 0.1234375
3 0.36328125 0.35078125 0.103125 0.15
1 0.28046875 0.3703125 0.0375 0.0625
3 0.29453125 0.39765625 0.0921875 0.134375
1 0.22265625 0.38515625 0.0359375 0.059375
3 0.23671875 0.4046875 0.071875 0.115625
1 0.43359375 0.25 0.03125 0.0578125
0 0.43125 0.25078125 0.0734375 0.0875
1 0.36640625 0.23828125 0.034375 0.059375
3 0.3734375 0.26796875 0.0828125 0.1125
1 0.30078125 0.24375 0.0328125 0.0546875
3 0.30625 0.26875 0.084375 0.1140625
1 0.2015625 0.28359375 0.0296875 0.0515625
3 0.2140625 0.30625 0.0796875 0.1109375
1 0.22109375 0.21640625 0.028125 0.04375
0 0.22265625 0.22890625 0.0515625 0.078125
3 0.2625 0.2140625 0.0625 0.1
1 0.30625 0.19296875 0.0234375 0.040625
0 0.3109375 0.19140625 0.0546875 0.0703125
3 0.35703125 0.1703125 0.06875 0.1015625
1 0.3953125 0.1390625 0.028125 0.0453125
3 0.403125 0.165625 0.0734375 0.1171875
1 0.14609375 0.60625 0.0375 0.05625
3 0.15703125 0.6078125 0.0828125 0.103125
1 0.17578125 0.42421875 0.0359375 0.0515625
3 0.18671875 0.4296875 0.071875 0.1125
1 0.0890625 0.37578125 0.025 0.0453125
3 0.11171875 0.39375 0.0734375 0.090625
2 0.1109375 0.24453125 0.021875 0.0390625
1 0.13359375 0.2453125 0.025 0.046875
3 0.15 0.2640625 0.0578125 0.0921875
3 0.11875 0.2703125 0.0484375 0.103125
1 0.1625 0.1875 0.021875 0.0328125
3 0.17734375 0.19765625 0.053125 0.065625
1 0.1375 0.20390625 0.021875 0.0328125
3 0.14609375 0.21171875 0.040625 0.059375
1 0.4875 0.0265625 0.021875 0.0375
3 0.484375 0.04140625 0.0515625 0.065625
1 0.44296875 0.02265625 0.0203125 0.03125
3 0.44609375 0.04140625 0.05 0.075
1 0.403125 0.03203125 0.0203125 0.0328125
3 0.4078125 0.04453125 0.05 0.0609375
1 0.36328125 0.05 0.01875 0.0328125
3 0.3671875 0.0578125 0.046875 0.0515625
1 0.290625 0.13671875 0.0265625 0.0328125
1 0.3359375 0.096875 0.0265625 0.040625
3 0.33984375 0.11171875 0.0609375 0.0828125
1 0.1546875 0.153125 0.021875 0.0328125
3 0.16171875 0.16171875 0.040625 0.05
1 0.17890625 0.13828125 0.021875 0.0328125
3 0.18984375 0.14921875 0.040625 0.0546875
1 0.21484375 0.1046875 0.01875 0.028125
0 0.2203125 0.10625 0.0484375 0.05
1 0.23671875 0.053125 0.015625 0.021875
1 0.21328125 0.06953125 0.0203125 0.0328125
3 0.24609375 0.0625 0.0390625 0.0546875
0 0.2171875 0.0765625 0.0375 0.0453125
3 0.30625 0.04140625 0.0375 0.0390625
3 0.3375 0.0359375 0.0359375 0.0390625
3 0.496875 0.23125 0.0796875 0.103125
3 0.425 0.09921875 0.05625 0.065625
1 0.4296875 0.0890625 0.025 0.0421875
0 0.465625 0.09765625 0.0640625 0.075
1 0.47109375 0.0890625 0.0265625 0.0421875
0 0.5125 0.0875 0.0578125 0.0765625
1 0.50703125 0.07734375 0.025 0.040625
1 0.91796875 0.409375 0.0328125 0.0640625