3 0.190625 0.2546875 0.06875 0.090625
3 0.2296875 0.1609375 0.0609375 0.084375
3 0.290625 0.09765625 0.0484375 0.071875
3 0.32265625 0.10234375 0.0578125 0.078125
3 0.31875 0.05625 0.0453125 0.0625
3 0.353125 0.0578125 0.0484375 0.0625
3 0.3984375 0.02578125 0.05 0.0515625
3 0.51484375 0.04140625 0.053125 0.0703125
0 0.54296875 0.10390625 0.05625 0.059375
0 0.46015625 0.08515625 0.05625 0.065625
0 0.50390625 0.08515625 0.059375 0.078125
3 0.5515625 0.04453125 0.053125 0.0640625
3 0.58828125 0.0515625 0.05 0.0625
3 0.62578125 0.0609375 0.0515625 0.0640625
3 0.66640625 0.07109375 0.05625 0.0671875
0 0.70625 0.08203125 0.0578125 0.0671875
3 0.74921875 0.1015625 0.0578125 0.071875
3 0.75390625 0.15 0.0625 0.0890625
0 0.67109375 0.12421875 0.059375 0.071875
3 0.784375 0.23671875 0.078125 0.0921875
3 0.73828125 0.21640625 0.071875 0.1109375
0 0.5328125 0.2484375 0.0734375 0.090625
3 0.59296875 0.25625 0.0953125 0.1109375
3 0.75078125 0.3140625 0.0828125 0.1234375
3 0.79921875 0.33984375 0.0890625 0.134375
0 0.79296875 0.45859375 0.084375 0.1171875
0 0.740625 0.45390625 0.0921875 0.1234375
3 0.6875 0.40390625 0.1015625 0.1671875
3 0.6234375 0.38359375 0.115625 0.1625
3 0.36171875 0.32734375 0.1078125 0.1265625
0 0.29140625 0.315625 0.0890625 0.1234375
0 0.2375 0.31015625 0.0875 0.1296875
3 0.4328125 0.4859375 0.1125 0.159375
3 0.73359375 0.596875 0.10625 0.13125
3 0.796875 0.62421875 0.1140625 0.18125
3 0.825 0.1078125 0.04375 0.065625
3 0.85390625 0.12265625 0.040625 0.0578125
3 0.8328125 0.15390625 0.05625 0.0734375
3 0.88515625 0.21640625 0.0515625 0.0671875
3 0.8921875 0.2703125 0.0484375 0.0921875
0 0.8796875 0.44765625 0.0859375 0.115625
3 0.92421875 0.45859375 0.059375 0.0890625
3 0.9 0.821875 0.0828125 0.1046875
3 0.58828125 0.10078125 0.0671875 0.078125
3 0.65625 0.18515625 0.0828125 0.1
3 0.42578125 0.2015625 0.0890625 0.1375
3 0.478125 0.22890625 0.09375 0.1140625
3 0.66015625 0.58046875 0.13125 0.1984375
3 0.0515625 0.60390625 0.103125 0.1828125
3 0.1046875 0.6515625 0.1390625 0.1875
3 0.89375 0.5984375 0.09375 0.128125
3 0.859375 0.26484375 0.065625 0.0875
3 0.85078125 0.1984375 0.059375 0.084375
1 0.04921875 0.57890625 0.05 0.075
1 0.0859375 0.61484375 0.059375 0.090625
0 0.14921875 0.46015625 0.1046875 0.1296875
1 0.13671875 0.4421875 0.040625 0.0609375
1 0.1828125 0.2375 0.034375 0.05
1 0.22734375 0.140625 0.0296875 0.046875
1 0.28984375 0.08046875 0.021875 0.0328125
1 0.31953125 0.0875 0.025 0.0453125
1 0.31640625 0.04609375 0.0203125 0.034375
1 0.346875 0.0453125 0.021875 0.034375
1 0.40390625 0.00390625 0.0234375 0.0078125
1 0.51875 0.02578125 0.0234375 0.0328125
1 0.4609375 0.08125 0.028125 0.0421875
1 0.5078125 0.07265625 0.03125 0.0484375
1 0.55390625 0.028125 0.021875 0.034375
1 0.54765625 0.1046875 0.0296875 0.0390625
1 0.5921875 0.0390625 0.021875 0.034375
1 0.59140625 0.08984375 0.028125 0.0375
1 0.63671875 0.05234375 0.0265625 0.0375
1 0.66953125 0.0609375 0.025 0.034375
1 0.7109375 0.078125 0.0265625 0.0421875
1 0.675 0.11328125 0.028125 0.040625
1 0.75390625 0.0875 0.021875 0.034375
1 0.76328125 0.13515625 0.028125 0.04375
2 0.74921875 0.18828125 0.03125 0.0484375
1 0.78671875 0.2203125 0.03125 0.05
1 0.6640625 0.171875 0.0359375 0.053125
1 0.43125 0.1671875 0.040625 0.065625
1 0.48046875 0.20234375 0.040625 0.0625
1 0.53671875 0.2421875 0.040625 0.0609375
1 0.59453125 0.23359375 0.0390625 0.0609375
1 0.76328125 0.28984375 0.0375 0.0546875
1 0.81953125 0.30859375 0.0421875 0.0609375
1 0.809375 0.45546875 0.0359375 0.0546875
2 0.7015625 0.36640625 0.046875 0.0765625
1 0.6359375 0.35859375 0.0453125 0.0671875
1 0.35859375 0.30859375 0.0453125 0.065625
1 0.28828125 0.31328125 0.0390625 0.0609375
1 0.23359375 0.28984375 0.0421875 0.0625
3 0.60546875 0.7453125 0.1515625 0.215625
1 0.64765625 0.70078125 0.0625 0.09375
1 0.67890625 0.5515625 0.053125 0.08125
1 0.75703125 0.59375 0.0484375 0.071875
1 0.81953125 0.6046875 0.0515625 0.078125
1 0.91640625 0.58984375 0.0359375 0.059375
1 0.90078125 0.43125 0.0375 0.05625
1 0.93515625 0.44296875 0.0328125 0.0546875
1 0.9 0.24765625 0.0265625 0.0421875
1 0.87734375 0.25234375 0.0296875 0.0484375
1 0.8953125 0.20859375 0.025 0.0375
2 0.8625 0.184375 0.028125 0.04375
1 0.84765625 0.14453125 0.025 0.0375
1 0.859375 0.1125 0.01875 0.03125
2 0.8328125 0.09453125 0.0203125 0.0328125
0 0.49453125 0.0140625 0.0453125 0.028125