3 0.1375 0.34375 0.05078125 0.08671875
3 0.15078125 0.240625 0.04296875 0.0765625
3 0.19375 0.165625 0.0328125 0.06484375
3 0.22734375 0.16640625 0.03984375 0.06171875
3 0.21015625 0.11796875 0.03203125 0.05625
3 0.24453125 0.11171875 0.03359375 0.05625
3 0.27890625 0.06328125 0.03515625 0.05078125
3 0.39375 0.05390625 0.04140625 0.06015625
0 0.43828125 0.10625 0.04453125 0.04921875
0 0.353125 0.10703125 0.04453125 0.0640625
0 0.3953125 0.0984375 0.04296875 0.0703125
3 0.43203125 0.046875 0.03984375 0.05625
3 0.46953125 0.04296875 0.0375 0.0546875
3 0.51171875 0.04140625 0.03359375 0.059375
3 0.55 0.04296875 0.0421875 0.05625
0 0.59140625 0.04296875 0.04375 0.05859375
3 0.6375 0.04375 0.0390625 0.071875
3 0.65390625 0.09765625 0.04453125 0.08046875
0 0.56796875 0.09375 0.0453125 0.06171875
3 0.70625 0.16796875 0.0578125 0.08984375
3 0.65625 0.16875 0.0421875 0.0984375
0 0.46640625 0.24609375 0.05390625 0.07578125
3 0.52734375 0.24296875 0.0703125 0.1046875
3 0.69453125 0.25546875 0.06640625 0.11484375
3 0.75390625 0.26640625 0.06015625 0.128125
0 0.7734375 0.37578125 0.05546875 0.08125
0 0.71875 0.39453125 0.06171875 0.11171875
3 0.65703125 0.35625 0.06484375 0.15078125
3 0.5890625 0.35546875 0.08046875 0.14609375
3 0.32265625 0.36875 0.08359375 0.109375
0 0.25234375 0.37734375 0.05703125 0.115625
0 0.20078125 0.39296875 0.059375 0.096875
3 0.42578125 0.515625 0.06953125 0.14140625
0 0.75234375 0.5328125 0.07890625 0.1140625
3 0.81875 0.54375 0.075 0.16640625
3 0.71328125 0.034375 0.02890625 0.06171875
3 0.74375 0.040625 0.028125 0.04453125
0 0.73203125 0.08046875 0.040625 0.06484375
3 0.7640625 0.06953125 0.03203125 0.0546875
3 0.80078125 0.13046875 0.040625 0.06484375
3 0.821875 0.18671875 0.0265625 0.06953125
3 0.896875 0.34375 0.04296875 0.08671875
3 0.96796875 0.709375 0.0640625 0.09375
3 0.48203125 0.09140625 0.05078125 0.06796875
3 0.56640625 0.15546875 0.05390625 0.0890625
3 0.3484375 0.24375 0.06171875 0.13359375
3 0.40703125 0.234375 0.06328125 0.11875
3 0.67578125 0.5359375 0.0875 0.18046875
3 0.090625 0.7140625 0.07109375 0.196875
3 0.159375 0.74921875 0.10078125 0.16875
3 0.9046875 0.49375 0.06640625 0.10625
3 0.7875 0.178125 0.0421875 0.08359375
3 0.7609375 0.12109375 0.04140625 0.0765625
1 0.0875 0.65703125 0.03203125 0.07421875
1 0.12890625 0.71328125 0.0375 0.08125
0 0.15078125 0.55078125 0.07578125 0.11171875
1 0.125 0.3265625 0.0234375 0.04609375
1 0.14453125 0.2203125 0.01953125 0.040625
1 0.1921875 0.38671875 0.02890625 0.05625
1 0.24453125 0.375 0.028125 0.05546875
1 0.3140625 0.35078125 0.03125 0.06171875
1 0.18828125 0.14921875 0.01484375 0.03125
1 0.21953125 0.1546875 0.01640625 0.04296875
1 0.2046875 0.10703125 0.01484375 0.03203125
1 0.23515625 0.09921875 0.01484375 0.03125
1 0.27578125 0.03125 0.0125 0.03203125
1 0.39375 0.040625 0.01640625 0.03203125
1 0.3546875 0.09453125 0.01796875 0.03828125
1 0.39140625 0.090625 0.02109375 0.0390625
1 0.44453125 0.10546875 0.02109375 0.0359375
1 0.43046875 0.03125 0.01484375 0.03046875
1 0.48125 0.078125 0.01953125 0.03671875
1 0.46953125 0.03046875 0.01484375 0.0296875
1 0.51328125 0.0296875 0.01484375 0.03359375
1 0.54921875 0.03203125 0.0171875 0.03203125
1 0.59453125 0.0359375 0.01796875 0.04140625
1 0.56875 0.08359375 0.01796875 0.03671875
1 0.640625 0.028125 0.0171875 0.03828125
1 0.66015625 0.08125 0.01953125 0.04140625
2 0.7078125 0.14921875 0.02109375 0.04453125
1 0.66015625 0.14296875 0.01953125 0.04375
1 0.57265625 0.1390625 0.02421875 0.0484375
1 0.39609375 0.20390625 0.02734375 0.05703125
1 0.46640625 0.24375 0.03046875 0.05390625
1 0.528125 0.221875 0.0265625 0.05625
1 0.70703125 0.23046875 0.02421875 0.05390625
1 0.76328125 0.23046875 0.02578125 0.05546875
1 0.7875 0.37109375 0.0234375 0.05390625
2 0.66015625 0.31796875 0.028125 0.06953125
1 0.5953125 0.32734375 0.02890625 0.0640625
1 0.134375 0.53984375 0.0296875 0.059375
1 0.41640625 0.4859375 0.03359375 0.08046875
1 0.68828125 0.50546875 0.03828125 0.078125
1 0.775 0.5296875 0.0328125 0.06328125
1 0.8375 0.5203125 0.0359375 0.06640625
1 0.92578125 0.47890625 0.02265625 0.05546875
2 0.9 0.3234375 0.01875 0.046875
3 0.8453125 0.37578125 0.06015625 0.18046875
1 0.86015625 0.31640625 0.02421875 0.0609375
1 0.81953125 0.17109375 0.01640625 0.040625
2 0.796875 0.15625 0.01875 0.04140625
1 0.80703125 0.115625 0.01796875 0.03671875
1 0.7671875 0.1046875 0.01875 0.040625
1 0.74296875 0.065625 0.0171875 0.03046875
1 0.746875 0.0359375 0.01328125 0.03046875
2 0.71640625 0.02265625 0.01328125 0.03046875
0 0.3671875 0.02109375 0.03515625 0.040625