1 0.6453125 0.7734375 0.053125 0.0828125
3 0.621875 0.78515625 0.1546875 0.1921875
0 0.7375 0.60859375 0.096875 0.11875
3 0.66875 0.56484375 0.109375 0.1640625
1 0.609375 0.49921875 0.046875 0.0765625
3 0.5953125 0.534375 0.1171875 0.184375
3 0.91953125 0.790625 0.084375 0.11875
1 0.9265625 0.55078125 0.034375 0.0578125
3 0.9015625 0.57109375 0.0828125 0.121875
1 0.93125 0.4109375 0.0265625 0.046875
3 0.9171875 0.43203125 0.0578125 0.103125
1 0.884375 0.3875 0.034375 0.05
3 0.87421875 0.4125 0.071875 0.1125
1 0.80859375 0.39375 0.0359375 0.059375
3 0.796875 0.42421875 0.0828125 0.1296875
0 0.740625 0.41796875 0.0828125 0.1046875
0 0.6796875 0.4 0.0859375 0.134375
1 0.621875 0.37421875 0.040625 0.0625
0 0.61171875 0.37578125 0.1015625 0.14375
1 0.91015625 0.3140625 0.0234375 0.040625
3 0.896875 0.328125 0.0484375 0.0796875
3 0.79375 0.30859375 0.084375 0.115625
3 0.72890625 0.28203125 0.096875 0.121875
1 0.8796875 0.28671875 0.028125 0.0484375
3 0.859375 0.3078125 0.06875 0.1015625
1 0.58671875 0.2375 0.0390625 0.065625
2 0.69453125 0.1390625 0.028125 0.046875
3 0.7640625 0.21328125 0.0734375 0.090625
3 0.7171875 0.19140625 0.0625 0.084375
3 0.68203125 0.1703125 0.0671875 0.10625
3 0.63359375 0.17578125 0.075 0.0953125
1 0.88515625 0.2234375 0.0203125 0.0359375
1 0.86015625 0.221875 0.025 0.046875
3 0.878125 0.24453125 0.0375 0.075
3 0.846875 0.23984375 0.0578125 0.08125
1 0.871875 0.18046875 0.01875 0.0359375
3 0.86640625 0.1875 0.040625 0.0609375
1 0.84296875 0.1625 0.0265625 0.040625
3 0.8328125 0.18125 0.05625 0.0875
1 0.82109375 0.109375 0.0203125 0.0328125
3 0.81484375 0.1265625 0.0390625 0.0609375
1 0.83671875 0.10625 0.0171875 0.021875
1 0.80390625 0.06953125 0.01875 0.03125
3 0.7984375 0.08125 0.0328125 0.0546875
1 0.74375 0.0515625 0.01875 0.0265625
3 0.7359375 0.059375 0.0546875 0.0515625
3 0.76328125 0.0609375 0.0359375 0.040625
1 0.64375 0.1015625 0.0265625 0.0375
1 0.5828125 0.13984375 0.0265625 0.0484375
1 0.6078125 0.0984375 0.025 0.034375
3 0.57265625 0.16171875 0.0734375 0.1
3 0.6453125 0.1125 0.0578125 0.071875
1 0.72265625 0.07890625 0.0234375 0.034375
3 0.7203125 0.08671875 0.0453125 0.0515625
1 0.6859375 0.0703125 0.0234375 0.0375
3 0.678125 0.078125 0.0546875 0.0578125
1 0.7078125 0.04140625 0.01875 0.021875
3 0.69921875 0.04765625 0.0421875 0.040625
1 0.6703125 0.03046875 0.0140625 0.0140625
3 0.66328125 0.0390625 0.040625 0.0359375
1 0.6390625 0.04921875 0.0203125 0.0296875
3 0.634375 0.0609375 0.0515625 0.0546875
3 0.6 0.10625 0.0578125 0.0671875
1 0.5625 0.084375 0.0234375 0.0359375
3 0.55703125 0.09609375 0.05625 0.0640625
1 0.6 0.02890625 0.0203125 0.0296875
3 0.5984375 0.04453125 0.0484375 0.0625
3 0.59921875 0.0265625 0.0421875 0.0375
1 0.5609375 0.0265625 0.01875 0.0328125
3 0.559375 0.04375 0.0515625 0.065625
1 0.5171875 0.0296875 0.0203125 0.0328125
3 0.51953125 0.0390625 0.0515625 0.059375
3 0.559375 0.01953125 0.040625 0.0375
3 0.465625 0.01171875 0.040625 0.0234375
3 0.49609375 0.0140625 0.0390625 0.028125
3 0.52734375 0.015625 0.0421875 0.03125
1 0.47734375 0.06640625 0.028125 0.0375
3 0.475 0.08125 0.0640625 0.0859375
1 0.51640625 0.09375 0.025 0.0328125
3 0.5171875 0.1 0.053125 0.053125
1 0.51875 0.128125 0.028125 0.04375
3 0.5171875 0.153125 0.0734375 0.103125
3 0.47109375 0.14375 0.071875 0.096875
1 0.41875 0.0875 0.025 0.0328125
1 0.4171875 0.1453125 0.0265625 0.0421875
0 0.41953125 0.146875 0.059375 0.071875
1 0.37265625 0.12265625 0.0296875 0.046875
3 0.36796875 0.15 0.0671875 0.1046875
0 0.32734375 0.15390625 0.0578125 0.075
1 0.39921875 0.19296875 0.0328125 0.0546875
1 0.45703125 0.215625 0.0359375 0.0578125
1 0.515625 0.2421875 0.034375 0.053125
3 0.57734375 0.253125 0.0875 0.103125
3 0.51796875 0.24609375 0.071875 0.090625
3 0.4546875 0.240625 0.0859375 0.11875
3 0.39296875 0.22109375 0.08125 0.115625
1 0.53828125 0.33515625 0.040625 0.06875
3 0.53671875 0.3671875 0.0953125 0.1421875
3 0.48515625 0.3296875 0.0828125 0.1171875
2 0.41328125 0.2890625 0.0421875 0.0765625
3 0.41484375 0.3328125 0.1078125 0.16875
1 0.33125 0.31015625 0.0421875 0.0609375
3 0.33828125 0.3359375 0.09375 0.1234375
3 0.41875 0.48984375 0.109375 0.146875
1 0.35625 0.453125 0.046875 0.078125
3 0.35078125 0.503125 0.1015625 0.1859375
3 0.2625 0.51875 0.1234375 0.1671875
3 0.21796875 0.46328125 0.0921875 0.1390625
1 0.12734375 0.4875 0.0375 0.059375
0 0.140625 0.49140625 0.0890625 0.10625
1 0.2703125 0.32109375 0.0375 0.053125
0 0.28046875 0.3234375 0.06875 0.1015625
1 0.21796875 0.32109375 0.0375 0.05
0 0.22578125 0.328125 0.075 0.109375
1 0.2875 0.20078125 0.03125 0.0484375
3 0.290625 0.2265625 0.08125 0.1109375
1 0.1609375 0.2625 0.028125 0.0484375
3 0.1671875 0.2734375 0.0796875 0.0859375
1 0.228125 0.153125 0.0265625 0.046875
3 0.2390625 0.1765625 0.0671875 0.103125
2 0.2109375 0.15625 0.028125 0.0515625
3 0.2046875 0.1765625 0.040625 0.0890625
1 0.28359375 0.0953125 0.025 0.034375
1 0.25546875 0.10234375 0.021875 0.03125
3 0.290625 0.10859375 0.05625 0.065625
3 0.25625 0.11328125 0.0453125 0.0625
1 0.28671875 0.0609375 0.021875 0.0328125
1 0.3125 0.059375 0.0203125 0.028125
0 0.321875 0.071875 0.0515625 0.0578125
3 0.2890625 0.0703125 0.04375 0.0546875
3 0.3625 0.03125 0.0546875 0.0609375
1 0.39609375 0.00234375 0.0171875 0.0046875
3 0.4015625 0.0140625 0.040625 0.028125
1 0.36640625 0.00625 0.0203125 0.0125
3 0.37109375 0.01328125 0.0359375 0.0265625
0 0.80859375 0.60390625 0.1015625 0.1578125
1 0.7328125 0.115625 0.0234375 0.040625
3 0.73046875 0.1328125 0.0625 0.0859375