3 0.115625 0.40859375 0.0703125 0.0953125
3 0.1125 0.30078125 0.0609375 0.1015625
3 0.140625 0.22421875 0.04375 0.0703125
3 0.1734375 0.21328125 0.05 0.065625
3 0.1484375 0.17421875 0.040625 0.0609375
3 0.18046875 0.16171875 0.0453125 0.0625
3 0.20546875 0.10390625 0.0421875 0.05625
3 0.31875 0.07890625 0.0484375 0.065625
0 0.371875 0.125 0.053125 0.05625
0 0.28671875 0.1375 0.053125 0.071875
0 0.32734375 0.12109375 0.053125 0.075
3 0.3546875 0.065625 0.0484375 0.0609375
3 0.390625 0.05546875 0.046875 0.059375
3 0.4296875 0.0484375 0.0453125 0.0625
3 0.4671875 0.0421875 0.0546875 0.0671875
0 0.5109375 0.034375 0.05 0.0609375
0 0.55703125 0.03828125 0.046875 0.0546875
3 0.58203125 0.07578125 0.0578125 0.0875
0 0.496875 0.090625 0.0546875 0.06875
3 0.64609375 0.13984375 0.06875 0.0921875
3 0.59140625 0.13515625 0.059375 0.0953125
0 0.42265625 0.25625 0.0640625 0.078125
3 0.48046875 0.23828125 0.0875 0.1140625
3 0.65390625 0.23984375 0.0796875 0.121875
3 0.70625 0.2265625 0.078125 0.1328125
0 0.7484375 0.3390625 0.0734375 0.109375
0 0.6984375 0.35703125 0.084375 0.1203125
3 0.63046875 0.33359375 0.0890625 0.1609375
3 0.56328125 0.34296875 0.1046875 0.1578125
3 0.303125 0.403125 0.1015625 0.121875
0 0.23359375 0.41953125 0.078125 0.11875
0 0.18125 0.4375 0.075 0.109375
3 0.2015625 0.55 0.109375 0.1859375
3 0.43046875 0.525 0.1 0.1546875
3 0.75546875 0.49140625 0.0953125 0.11875
3 0.82109375 0.48671875 0.1015625 0.18125
3 0.62890625 0.01953125 0.0390625 0.0390625
3 0.6625 0.01796875 0.0375 0.0359375
0 0.65546875 0.046875 0.0515625 0.0703125
3 0.734375 0.08359375 0.04375 0.0625
3 0.76015625 0.14140625 0.0421875 0.065625
0 0.8234375 0.29296875 0.0734375 0.1109375
3 0.86796875 0.28671875 0.053125 0.0921875
3 0.98046875 0.6234375 0.0390625 0.103125
3 0.41171875 0.10078125 0.0625 0.075
3 0.503125 0.14453125 0.075 0.1140625
3 0.30703125 0.2734375 0.0859375 0.1453125
3 0.36484375 0.2625 0.0859375 0.1125
3 0.678125 0.503125 0.109375 0.1859375
3 0.134375 0.79375 0.0921875 0.165625
3 0.203125 0.809375 0.121875 0.1828125
3 0.89921875 0.4265625 0.0859375 0.1203125
3 0.7234375 0.1296875 0.0546875 0.090625
3 0.690625 0.07890625 0.0546875 0.0828125
1 0.11796875 0.77890625 0.0546875 0.08125
1 0.16953125 0.78125 0.05 0.0828125
3 0.1328125 0.578125 0.0953125 0.1734375
1 0.10859375 0.534375 0.0375 0.0671875
1 0.18515625 0.5109375 0.04375 0.0734375
1 0.0984375 0.3921875 0.03125 0.0484375
1 0.103125 0.27890625 0.028125 0.046875
1 0.13203125 0.20859375 0.0203125 0.0328125
1 0.165625 0.2078125 0.0234375 0.040625
1 0.1421875 0.16640625 0.0203125 0.0328125
1 0.16796875 0.153125 0.01875 0.0328125
1 0.31875 0.0671875 0.0203125 0.034375
1 0.35234375 0.053125 0.0203125 0.0328125
1 0.28515625 0.12421875 0.0234375 0.0390625
1 0.32421875 0.11171875 0.0296875 0.046875
1 0.3765625 0.12109375 0.0265625 0.0390625
1 0.409375 0.08828125 0.028125 0.0421875
1 0.38984375 0.04453125 0.0203125 0.034375
1 0.43359375 0.03515625 0.0203125 0.0359375
1 0.45625 0.03125 0.0234375 0.0359375
1 0.51640625 0.02421875 0.0234375 0.0390625
1 0.49609375 0.078125 0.0265625 0.040625
1 0.55703125 0.03125 0.0203125 0.0328125
1 0.584375 0.0578125 0.0265625 0.04375
1 0.5875 0.11328125 0.028125 0.046875
1 0.63984375 0.12421875 0.028125 0.046875
1 0.4875 0.1171875 0.0328125 0.0515625
1 0.4765625 0.21796875 0.0375 0.0625
1 0.421875 0.2515625 0.0375 0.0578125
1 0.35625 0.23984375 0.0359375 0.059375
1 0.30078125 0.2390625 0.034375 0.0640625
1 0.17265625 0.43515625 0.0359375 0.05625
1 0.22890625 0.425 0.0375 0.0578125
1 0.29296875 0.38671875 0.0390625 0.06875
1 0.5640625 0.31484375 0.040625 0.0625
2 0.62578125 0.29296875 0.0390625 0.071875
1 0.7609375 0.3265625 0.0359375 0.0578125
1 0.83515625 0.4609375 0.0453125 0.0765625
1 0.68515625 0.47890625 0.05 0.084375
1 0.7734375 0.4765625 0.0421875 0.071875
1 0.421875 0.49921875 0.0453125 0.0859375
3 0.721875 0.7234375 0.1453125 0.2296875
1 0.73671875 0.66328125 0.0546875 0.0859375
1 0.91640625 0.4046875 0.0328125 0.0578125
1 0.83359375 0.26484375 0.0296875 0.0515625
1 0.86796875 0.26484375 0.0265625 0.0484375
1 0.70859375 0.19140625 0.0359375 0.0640625
1 0.6578125 0.2109375 0.034375 0.0546875
1 0.7578125 0.13125 0.0234375 0.0421875
2 0.7296875 0.1046875 0.025 0.040625
1 0.696875 0.0625 0.0265625 0.04375
1 0.73671875 0.071875 0.0203125 0.0390625
1 0.66484375 0.0296875 0.021875 0.034375
1 0.66328125 0.00703125 0.0171875 0.0140625
2 0.63046875 0.00390625 0.0171875 0.0078125
0 0.28515625 0.05234375 0.04375 0.046875