1 0.06796875 0.69609375 0.03125 0.0609375
1 0.121875 0.70390625 0.0359375 0.0578125
3 0.07890625 0.7140625 0.0625 0.159375
3 0.14453125 0.725 0.1140625 0.1484375
1 0.68515625 0.740625 0.040625 0.0765625
3 0.6625 0.76015625 0.125 0.18125
1 0.8375 0.53671875 0.034375 0.0578125
0 0.81484375 0.55234375 0.08125 0.159375
1 0.765625 0.49140625 0.0296875 0.065625
3 0.74765625 0.52421875 0.075 0.134375
1 0.68671875 0.515625 0.0390625 0.0765625
3 0.6734375 0.5453125 0.090625 0.1734375
3 0.43125 0.50234375 0.090625 0.1625
2 0.33515625 0.4328125 0.03125 0.0640625
3 0.34140625 0.484375 0.08125 0.175
1 0.12890625 0.53515625 0.025 0.05
0 0.1421875 0.53828125 0.0734375 0.090625
1 0.13359375 0.29921875 0.021875 0.040625
3 0.14609375 0.31953125 0.053125 0.0765625
1 0.19609375 0.36484375 0.028125 0.046875
0 0.20546875 0.37109375 0.0640625 0.10625
1 0.2609375 0.35546875 0.025 0.0453125
0 0.26171875 0.35859375 0.0640625 0.1171875
1 0.321875 0.340625 0.028125 0.05625
0 0.3296875 0.359375 0.0859375 0.0953125
1 0.6046875 0.33125 0.03125 0.0625
3 0.59609375 0.36015625 0.084375 0.14375
1 0.66875 0.328125 0.03125 0.0609375
3 0.6640625 0.3640625 0.065625 0.134375
0 0.721875 0.40625 0.0640625 0.1078125
1 0.7953125 0.384375 0.028125 0.0515625
0 0.7796875 0.396875 0.059375 0.09375
1 0.7171875 0.2546875 0.0265625 0.0453125
1 0.77265625 0.24609375 0.0265625 0.053125
0 0.7078125 0.2796875 0.0625 0.1078125
3 0.7625 0.28046875 0.0578125 0.1171875
1 0.72734375 0.16796875 0.021875 0.0390625
0 0.71875 0.1859375 0.059375 0.084375
1 0.6703125 0.1375 0.0203125 0.0390625
3 0.66953125 0.1640625 0.05 0.0953125
1 0.590625 0.146875 0.0234375 0.0453125
3 0.5875 0.16328125 0.0640625 0.078125
1 0.3484375 0.2328125 0.028125 0.0453125
1 0.42109375 0.215625 0.0265625 0.053125
3 0.35625 0.253125 0.0671875 0.09375
3 0.42109375 0.2375 0.0703125 0.0984375
1 0.48046875 0.234375 0.0234375 0.04375
1 0.54921875 0.2328125 0.028125 0.05
3 0.4796875 0.246875 0.0546875 0.071875
3 0.5421875 0.2515625 0.0796875 0.109375
1 0.68203125 0.0875 0.0203125 0.0375
3 0.67578125 0.10234375 0.046875 0.071875
1 0.59375 0.09140625 0.021875 0.0328125
3 0.590625 0.09921875 0.04375 0.0625
1 0.665625 0.04296875 0.0171875 0.03125
1 0.61796875 0.03671875 0.0171875 0.034375
1 0.565625 0.0328125 0.0171875 0.0296875
3 0.57109375 0.04453125 0.0390625 0.0546875
3 0.61640625 0.04921875 0.0453125 0.059375
1 0.53984375 0.03359375 0.0140625 0.0296875
3 0.534375 0.04453125 0.04375 0.05
1 0.4921875 0.03046875 0.0125 0.0296875
3 0.49296875 0.0421875 0.0375 0.0484375
3 0.50546875 0.08984375 0.0546875 0.065625
1 0.5046875 0.075 0.0203125 0.034375
0 0.45859375 0.1078125 0.0453125 0.046875
1 0.45390625 0.0296875 0.0140625 0.0265625
3 0.4546875 0.04375 0.0421875 0.0578125
1 0.42109375 0.0375 0.015625 0.0296875
3 0.41796875 0.04765625 0.040625 0.053125
1 0.41953125 0.08203125 0.021875 0.0359375
1 0.37265625 0.08671875 0.0171875 0.0359375
3 0.375 0.10078125 0.05 0.06875
3 0.41875 0.09296875 0.04375 0.0703125
1 0.39453125 0.00703125 0.0140625 0.0140625
0 0.3921875 0.01640625 0.0375 0.0328125
1 0.74296875 0.0359375 0.0140625 0.028125
3 0.73671875 0.04453125 0.03125 0.0484375
1 0.7703125 0.04921875 0.0109375 0.028125
3 0.76640625 0.06015625 0.034375 0.05
1 0.7640625 0.08125 0.0125 0.021875
3 0.75390625 0.09296875 0.040625 0.0578125
1 0.7890625 0.1203125 0.01875 0.0390625
3 0.7734375 0.16328125 0.0546875 0.1328125
1 0.8234375 0.13515625 0.0171875 0.0328125
3 0.81953125 0.146875 0.034375 0.05625
1 0.81796875 0.18046875 0.0203125 0.0375
1 0.8421875 0.18828125 0.01875 0.0375
3 0.8046875 0.1953125 0.0484375 0.06875
3 0.83828125 0.2046875 0.03125 0.0703125
1 0.87421875 0.3375 0.0234375 0.0453125
1 0.91484375 0.3578125 0.0203125 0.0453125
3 0.85859375 0.36328125 0.0609375 0.1015625
3 0.90390625 0.3796875 0.0453125 0.0984375
1 0.92890625 0.50078125 0.0234375 0.053125
0 0.90625 0.5140625 0.06875 0.1078125
0 0.95625 0.7328125 0.06875 0.0890625
1 0.165625 0.2125 0.01875 0.0359375
3 0.1703125 0.22421875 0.04375 0.0828125
1 0.20625 0.13671875 0.0140625 0.025
1 0.23828125 0.13828125 0.01875 0.0390625
1 0.225 0.0953125 0.0140625 0.025
1 0.25859375 0.090625 0.015625 0.0265625
3 0.21171875 0.14765625 0.0359375 0.0578125
3 0.24375 0.1515625 0.0421875 0.0671875
3 0.23125 0.103125 0.0328125 0.046875
3 0.265625 0.103125 0.0359375 0.053125
1 0.2921875 0.0546875 0.0140625 0.0265625
0 0.30078125 0.0625 0.04375 0.046875
2 0.30390625 0.01015625 0.0140625 0.0203125
3 0.303125 0.021875 0.028125 0.04375
1 0.32890625 0.01015625 0.0140625 0.0203125
3 0.33359375 0.02421875 0.0359375 0.0484375