1 0.05859375 0.6734375 0.034375 0.0625
1 0.11171875 0.68359375 0.0390625 0.059375
3 0.06796875 0.6921875 0.0703125 0.1625
3 0.13359375 0.70546875 0.1203125 0.1546875
1 0.67265625 0.75 0.0453125 0.078125
3 0.6484375 0.76875 0.1328125 0.1859375
1 0.83515625 0.55390625 0.0375 0.059375
0 0.81171875 0.56875 0.0890625 0.1625
1 0.765625 0.50546875 0.0328125 0.0671875
3 0.74609375 0.53671875 0.08125 0.1375
1 0.6859375 0.525 0.04375 0.078125
3 0.67109375 0.55390625 0.0984375 0.1765625
3 0.43125 0.49921875 0.0984375 0.165625
2 0.3390625 0.42421875 0.034375 0.065625
3 0.3421875 0.4765625 0.0890625 0.178125
1 0.12734375 0.515625 0.028125 0.05
0 0.140625 0.51953125 0.078125 0.09375
1 0.14453125 0.28046875 0.0234375 0.040625
3 0.15625 0.3015625 0.05625 0.0796875
1 0.20390625 0.34921875 0.03125 0.0484375
0 0.2125 0.35625 0.06875 0.109375
1 0.26875 0.34296875 0.0265625 0.046875
0 0.26953125 0.34609375 0.0703125 0.1203125
1 0.33046875 0.33125 0.03125 0.0578125
0 0.3375 0.35078125 0.090625 0.0984375
1 0.61328125 0.33671875 0.034375 0.0640625
3 0.603125 0.365625 0.0921875 0.1484375
1 0.67734375 0.3375 0.034375 0.0625
3 0.67109375 0.37265625 0.0734375 0.1375
0 0.7265625 0.41796875 0.0703125 0.1109375
1 0.8015625 0.4 0.0296875 0.0515625
0 0.78515625 0.41171875 0.0640625 0.096875
1 0.7296875 0.26640625 0.028125 0.046875
1 0.7859375 0.2609375 0.0296875 0.053125
0 0.71953125 0.290625 0.06875 0.1109375
3 0.7734375 0.29453125 0.0640625 0.11875
1 0.74453125 0.1796875 0.0234375 0.040625
0 0.73515625 0.19765625 0.0640625 0.0859375
1 0.6890625 0.146875 0.021875 0.040625
3 0.68671875 0.1734375 0.0546875 0.0984375
1 0.60859375 0.15234375 0.025 0.0453125
3 0.6046875 0.16875 0.0671875 0.08125
1 0.3625 0.22578125 0.0296875 0.046875
1 0.4359375 0.21171875 0.028125 0.053125
3 0.36953125 0.24609375 0.0703125 0.096875
3 0.43515625 0.23359375 0.075 0.1015625
1 0.49453125 0.23359375 0.025 0.0453125
1 0.56328125 0.2359375 0.0296875 0.0515625
3 0.49296875 0.24609375 0.0578125 0.0734375
3 0.5546875 0.2546875 0.084375 0.1125
1 0.703125 0.09765625 0.021875 0.0390625
3 0.69609375 0.1125 0.05 0.075
1 0.61484375 0.096875 0.0234375 0.034375
3 0.61171875 0.1046875 0.046875 0.065625
1 0.6890625 0.05234375 0.01875 0.0328125
1 0.6421875 0.04375 0.01875 0.0359375
1 0.590625 0.03671875 0.01875 0.03125
3 0.59453125 0.0484375 0.0421875 0.05625
3 0.63984375 0.05625 0.0484375 0.0609375
1 0.56484375 0.0359375 0.015625 0.03125
3 0.5578125 0.04765625 0.0453125 0.053125
1 0.5171875 0.03046875 0.0140625 0.0296875
3 0.51640625 0.0421875 0.0390625 0.05
3 0.5265625 0.090625 0.0578125 0.06875
1 0.5265625 0.07578125 0.021875 0.0359375
0 0.4796875 0.10546875 0.046875 0.0484375
1 0.47890625 0.028125 0.015625 0.028125
3 0.47890625 0.0421875 0.0453125 0.059375
1 0.4453125 0.03359375 0.0171875 0.0296875
3 0.4421875 0.04375 0.0421875 0.0546875
1 0.44140625 0.078125 0.0234375 0.0359375
1 0.39453125 0.08046875 0.01875 0.0359375
3 0.3953125 0.09453125 0.053125 0.0703125
3 0.440625 0.0890625 0.046875 0.071875
1 0.42109375 0.0046875 0.0140625 0.009375
0 0.41796875 0.0140625 0.0390625 0.028125
1 0.7671875 0.05 0.015625 0.0296875
3 0.76015625 0.0578125 0.034375 0.05
1 0.79296875 0.0640625 0.0125 0.0296875
3 0.7890625 0.075 0.0375 0.0515625
1 0.78515625 0.0953125 0.0140625 0.0234375
3 0.775 0.10703125 0.04375 0.059375
1 0.80859375 0.1359375 0.021875 0.040625
3 0.790625 0.178125 0.0625 0.134375
1 0.8421875 0.15234375 0.01875 0.0328125
3 0.8375 0.1640625 0.0375 0.05625
1 0.834375 0.19765625 0.021875 0.0390625
1 0.85859375 0.20703125 0.0203125 0.0375
3 0.8203125 0.21171875 0.0515625 0.0703125
3 0.85390625 0.22265625 0.034375 0.071875
1 0.88203125 0.35703125 0.025 0.0453125
1 0.921875 0.3796875 0.021875 0.046875
3 0.86484375 0.38203125 0.065625 0.103125
3 0.909375 0.40078125 0.05 0.1
1 0.928125 0.52265625 0.0265625 0.053125
0 0.9046875 0.53515625 0.075 0.1109375
0 0.94375 0.75625 0.0734375 0.0921875
1 0.18125 0.1953125 0.0203125 0.0359375
3 0.18515625 0.2078125 0.0484375 0.084375
1 0.22578125 0.121875 0.015625 0.0265625
1 0.25703125 0.125 0.0203125 0.0390625
1 0.24609375 0.08125 0.015625 0.025
1 0.28046875 0.07890625 0.0171875 0.028125
3 0.23046875 0.1328125 0.0390625 0.059375
3 0.2625 0.1390625 0.0453125 0.06875
3 0.25234375 0.08984375 0.034375 0.0484375
3 0.28671875 0.09140625 0.0390625 0.0546875
1 0.31640625 0.04453125 0.015625 0.0265625
0 0.32421875 0.05234375 0.0453125 0.0484375
2 0.33046875 0.00625 0.0140625 0.0125
3 0.32890625 0.01796875 0.0296875 0.0359375
1 0.3546875 0.00625 0.015625 0.0125
3 0.3578125 0.0203125 0.0375 0.040625