3 0.12734375 0.36875 0.0546875 0.084375
3 0.13515625 0.259375 0.046875 0.078125
3 0.17109375 0.1875 0.0375 0.0671875
3 0.2046875 0.1828125 0.04375 0.0640625
3 0.184375 0.13984375 0.0359375 0.0578125
3 0.21796875 0.1328125 0.0375 0.0578125
3 0.2484375 0.0765625 0.0390625 0.0578125
3 0.36328125 0.0625 0.0421875 0.0625
0 0.41171875 0.11484375 0.0484375 0.0515625
3 0.32890625 0.12265625 0.0453125 0.0578125
0 0.36796875 0.109375 0.0484375 0.071875
3 0.40078125 0.0515625 0.0453125 0.0625
0 0.4375 0.05 0.0390625 0.046875
3 0.47890625 0.0421875 0.0375 0.0578125
3 0.515625 0.03828125 0.0421875 0.0578125
0 0.56015625 0.03828125 0.0484375 0.0609375
3 0.603125 0.04453125 0.0421875 0.0640625
3 0.6265625 0.08828125 0.0484375 0.0828125
0 0.540625 0.090625 0.05 0.0640625
3 0.68359375 0.15859375 0.0640625 0.090625
3 0.63359375 0.159375 0.0640625 0.096875
0 0.44921875 0.25078125 0.0578125 0.0734375
3 0.5109375 0.24140625 0.084375 0.1046875
3 0.67890625 0.25546875 0.0671875 0.1140625
3 0.734375 0.25078125 0.0640625 0.1234375
0 0.765625 0.365625 0.0671875 0.1046875
0 0.7109375 0.3796875 0.0703125 0.1109375
3 0.646875 0.34453125 0.071875 0.14375
3 0.57890625 0.35078125 0.090625 0.1515625
3 0.3140625 0.3828125 0.090625 0.115625
0 0.24453125 0.3859375 0.0734375 0.125
0 0.1921875 0.40625 0.065625 0.103125
3 0.34140625 0.50703125 0.09375 0.1796875
3 0.4296875 0.5203125 0.0859375 0.1515625
0 0.75625 0.53046875 0.0859375 0.125
0 0.82109375 0.52421875 0.0859375 0.178125
3 0.68125 0.025 0.03125 0.05
3 0.7125 0.03125 0.034375 0.053125
3 0.703125 0.06484375 0.0453125 0.0671875
3 0.77421875 0.11015625 0.0375 0.05625
3 0.80078125 0.17421875 0.0390625 0.0578125
3 0.8453125 0.3203125 0.0578125 0.1140625
3 0.88828125 0.33359375 0.0515625 0.1015625
3 0.97421875 0.67578125 0.0515625 0.1015625
3 0.4546875 0.09375 0.0578125 0.0765625
3 0.54609375 0.16015625 0.0671875 0.0765625
3 0.328125 0.27109375 0.0703125 0.1046875
3 0.3890625 0.25078125 0.0734375 0.1046875
3 0.6796875 0.521875 0.09375 0.1796875
3 0.10703125 0.76796875 0.0765625 0.15625
3 0.18046875 0.76484375 0.1046875 0.153125
3 0.90546875 0.46875 0.0765625 0.115625
3 0.7640625 0.15234375 0.0453125 0.084375
3 0.73359375 0.10234375 0.0453125 0.0765625
1 0.09375 0.759375 0.0390625 0.0765625
1 0.15234375 0.75390625 0.040625 0.078125
0 0.15234375 0.578125 0.0765625 0.1078125
1 0.1390625 0.56484375 0.0328125 0.0609375
2 0.3265625 0.45625 0.0375 0.071875
1 0.425 0.48671875 0.0390625 0.08125
1 0.1140625 0.3546875 0.025 0.046875
1 0.128125 0.246875 0.021875 0.046875
1 0.16484375 0.17421875 0.01875 0.03125
1 0.1953125 0.16953125 0.01875 0.04375
1 0.17734375 0.13203125 0.0171875 0.0328125
1 0.2109375 0.12421875 0.0171875 0.034375
3 0.275 0.0453125 0.0359375 0.059375
1 0.27109375 0.03359375 0.015625 0.0265625
0 0.334375 0.03125 0.0390625 0.04375
1 0.36484375 0.05078125 0.01875 0.0328125
1 0.39765625 0.040625 0.0171875 0.034375
1 0.434375 0.04453125 0.0171875 0.03125
1 0.36796875 0.09453125 0.0234375 0.0421875
1 0.3234375 0.11328125 0.0203125 0.0375
1 0.41640625 0.1109375 0.025 0.040625
1 0.48046875 0.03125 0.0171875 0.0328125
1 0.5140625 0.028125 0.0171875 0.034375
1 0.4515625 0.0765625 0.021875 0.0421875
1 0.56484375 0.0296875 0.0203125 0.0375
1 0.540625 0.08203125 0.0203125 0.0375
1 0.54453125 0.146875 0.0265625 0.046875
1 0.6078125 0.03046875 0.0203125 0.03125
1 0.63046875 0.06953125 0.0234375 0.0421875
1 0.68203125 0.1421875 0.0234375 0.046875
1 0.63515625 0.1375 0.025 0.0453125
1 0.740625 0.21875 0.0296875 0.05625
1 0.684375 0.23046875 0.0265625 0.0515625
1 0.515625 0.22890625 0.0296875 0.05625
1 0.4484375 0.24609375 0.03125 0.0546875
1 0.38515625 0.22890625 0.0296875 0.0609375
1 0.33046875 0.2484375 0.028125 0.0578125
1 0.1828125 0.403125 0.0328125 0.0546875
1 0.24375 0.37265625 0.028125 0.05625
1 0.30625 0.36328125 0.034375 0.0671875
1 0.5828125 0.321875 0.0359375 0.065625
1 0.646875 0.31015625 0.034375 0.0703125
1 0.7796875 0.35 0.0296875 0.0578125
1 0.8390625 0.5 0.0375 0.0703125
1 0.77578125 0.53046875 0.0390625 0.071875
1 0.6859375 0.4953125 0.04375 0.0796875
1 0.71171875 0.69140625 0.046875 0.0890625
3 0.6890625 0.74453125 0.13125 0.2171875
1 0.92578125 0.44765625 0.028125 0.0578125
1 0.853125 0.29296875 0.0265625 0.0515625
1 0.89296875 0.3078125 0.0234375 0.0453125
1 0.80703125 0.16953125 0.021875 0.0453125
1 0.7796875 0.10078125 0.01875 0.0390625
1 0.740625 0.0875 0.0234375 0.04375
1 0.71171875 0.04921875 0.01875 0.0359375
1 0.71328125 0.021875 0.0140625 0.0328125
2 0.68046875 0.0109375 0.0171875 0.021875