3 0.15546875 0.3078125 0.053125 0.0953125
3 0.209375 0.1984375 0.0546875 0.1125
3 0.178125 0.2015625 0.040625 0.084375
3 0.22734375 0.13671875 0.0390625 0.059375
3 0.26328125 0.13203125 0.0453125 0.06875
3 0.28671875 0.08515625 0.0390625 0.059375
3 0.25234375 0.08984375 0.040625 0.0578125
0 0.32109375 0.0484375 0.04375 0.0515625
0 0.32734375 0.0234375 0.0359375 0.046875
0 0.35625 0.02109375 0.0375 0.0421875
0 0.4375 0.0546875 0.0515625 0.05
3 0.39296875 0.096875 0.05 0.0734375
3 0.47890625 0.04375 0.0453125 0.05625
0 0.4765625 0.096875 0.053125 0.06875
0 0.52109375 0.09375 0.059375 0.0703125
3 0.51796875 0.03984375 0.04375 0.0640625
3 0.55859375 0.046875 0.04375 0.0625
3 0.59765625 0.05078125 0.0484375 0.0625
3 0.56875 0.09609375 0.0484375 0.0796875
0 0.6015625 0.1078125 0.0453125 0.075
3 0.6359375 0.05078125 0.040625 0.0671875
0 0.684375 0.07265625 0.04375 0.053125
3 0.65 0.0921875 0.059375 0.09375
3 0.69453125 0.11484375 0.0515625 0.084375
0 0.73359375 0.19140625 0.0640625 0.0921875
3 0.6875 0.18125 0.05 0.078125
3 0.64609375 0.15625 0.0546875 0.1078125
3 0.60625 0.16875 0.0734375 0.1046875
3 0.54296875 0.15546875 0.0546875 0.0921875
3 0.4890625 0.1578125 0.06875 0.1
3 0.4390625 0.08984375 0.05 0.0828125
3 0.4359375 0.15703125 0.065625 0.1046875
0 0.3890625 0.159375 0.0515625 0.0734375
3 0.3453125 0.17109375 0.0546875 0.09375
0 0.30234375 0.165625 0.05625 0.0796875
3 0.26640625 0.23984375 0.065625 0.125
3 0.31484375 0.234375 0.0640625 0.1109375
3 0.375 0.23515625 0.0734375 0.1109375
0 0.434375 0.2390625 0.0765625 0.1
0 0.4953125 0.2515625 0.0625 0.075
3 0.5546875 0.24609375 0.0796875 0.10625
3 0.65703125 0.26640625 0.071875 0.1125
3 0.7203125 0.27265625 0.0640625 0.0984375
3 0.7703125 0.30234375 0.0703125 0.125
3 0.78828125 0.41171875 0.06875 0.1140625
0 0.73203125 0.40078125 0.0765625 0.109375
0 0.66640625 0.3875 0.078125 0.1328125
0 0.5984375 0.37421875 0.090625 0.14375
3 0.51171875 0.35703125 0.1015625 0.1625
3 0.465625 0.32578125 0.0640625 0.1328125
3 0.4046875 0.334375 0.09375 0.1375
0 0.32265625 0.3609375 0.0921875 0.11875
0 0.2671875 0.3453125 0.0640625 0.109375
3 0.21328125 0.35859375 0.06875 0.1171875
0 0.1453125 0.5296875 0.078125 0.1078125
3 0.2078125 0.50078125 0.078125 0.1265625
0 0.2625 0.53203125 0.096875 0.128125
3 0.346875 0.5234375 0.0984375 0.16875
3 0.43046875 0.5140625 0.09375 0.1546875
3 0.596875 0.53671875 0.1140625 0.1609375
0 0.6796875 0.559375 0.096875 0.153125
3 0.74921875 0.55546875 0.0828125 0.1265625
0 0.81875 0.578125 0.0890625 0.1609375
3 0.64765625 0.746875 0.128125 0.228125
3 0.94296875 0.740625 0.078125 0.1015625
3 0.89921875 0.546875 0.078125 0.1625
0 0.86953125 0.39375 0.0734375 0.1578125
0 0.9125 0.4078125 0.053125 0.1
3 0.84140625 0.27109375 0.0625 0.1015625
3 0.8796875 0.3 0.046875 0.06875
3 0.82265625 0.21328125 0.05625 0.075
3 0.8625 0.2296875 0.04375 0.071875
3 0.7953125 0.14765625 0.05 0.0875
3 0.83515625 0.1609375 0.0390625 0.065625
0 0.821875 0.1296875 0.03125 0.046875
0 0.77734375 0.10703125 0.0328125 0.046875
3 0.7609375 0.06640625 0.0359375 0.0640625
3 0.790625 0.08125 0.0296875 0.0421875
1 0.14921875 0.28984375 0.025 0.04375
1 0.1796875 0.18203125 0.0234375 0.04375
2 0.20234375 0.16640625 0.021875 0.0453125
1 0.221875 0.12421875 0.0171875 0.0328125
1 0.2546875 0.11953125 0.0203125 0.040625
1 0.2515625 0.08125 0.01875 0.0328125
1 0.28515625 0.071875 0.01875 0.0328125
1 0.31953125 0.0453125 0.01875 0.03125
1 0.328125 0.0125 0.015625 0.025
1 0.34921875 0.0109375 0.0171875 0.021875
1 0.39921875 0.08125 0.021875 0.040625
1 0.440625 0.0765625 0.025 0.0453125
1 0.528125 0.08359375 0.0234375 0.040625
1 0.5765625 0.07890625 0.0234375 0.0453125
1 0.4765625 0.0328125 0.0171875 0.03125
1 0.51953125 0.025 0.01875 0.0328125
1 0.56484375 0.034375 0.0171875 0.034375
1 0.6015625 0.03828125 0.01875 0.0328125
1 0.6421875 0.0390625 0.0203125 0.0375
2 0.65703125 0.06953125 0.021875 0.040625
1 0.696875 0.09453125 0.0234375 0.0421875
1 0.690625 0.06640625 0.021875 0.0328125
1 0.69609375 0.1640625 0.0234375 0.0421875
1 0.6453125 0.13046875 0.0265625 0.0484375
1 0.6125 0.14609375 0.0265625 0.0484375
1 0.54765625 0.134375 0.0265625 0.0515625
1 0.48671875 0.13984375 0.028125 0.0515625
1 0.38828125 0.15625 0.025 0.04375
1 0.34296875 0.14921875 0.0265625 0.0453125
1 0.3015625 0.1515625 0.025 0.0453125
1 0.26171875 0.20390625 0.0296875 0.0515625
1 0.3140625 0.209375 0.0296875 0.0578125
1 0.37734375 0.2140625 0.0296875 0.0625
1 0.4296875 0.22109375 0.03125 0.0625
1 0.49296875 0.24609375 0.0328125 0.0546875
1 0.56171875 0.22265625 0.03125 0.05625
1 0.66328125 0.24140625 0.0296875 0.053125
1 0.72421875 0.253125 0.025 0.046875
1 0.7828125 0.27265625 0.03125 0.0578125
1 0.775 0.35 0.028125 0.028125
1 0.80390625 0.3875 0.0296875 0.053125
1 0.6125 0.3640625 0.0375 0.0625
1 0.325 0.34609375 0.040625 0.0671875
1 0.25625 0.34140625 0.03125 0.053125
1 0.20703125 0.340625 0.0328125 0.05625
1 0.19765625 0.39375 0.0265625 0.0328125
1 0.25859375 0.51953125 0.0390625 0.0640625
1 0.34765625 0.47734375 0.0390625 0.075
1 0.42421875 0.4859375 0.04375 0.0890625
1 0.59921875 0.515625 0.0453125 0.0828125
1 0.69296875 0.56484375 0.0484375 0.0796875
1 0.771875 0.540625 0.0359375 0.0625
1 0.83203125 0.5734375 0.0421875 0.071875
2 0.6765625 0.69609375 0.05 0.1046875
2 0.9203125 0.4984375 0.0296875 0.059375
2 0.88671875 0.3453125 0.0296875 0.05625
1 0.925 0.38671875 0.0234375 0.0515625
2 0.85546875 0.25 0.025 0.05
1 0.8921875 0.29296875 0.021875 0.0453125
1 0.83671875 0.2 0.0234375 0.0421875
1 0.87265625 0.21953125 0.021875 0.0453125
1 0.80390625 0.12421875 0.0203125 0.0375
1 0.84140625 0.14921875 0.0171875 0.0375
1 0.82265625 0.125 0.01875 0.03125
1 0.7953125 0.075 0.0140625 0.028125
1 0.76796875 0.05390625 0.0171875 0.034375