3 0.13125 0.35546875 0.0484375 0.090625
3 0.16953125 0.2421875 0.046875 0.103125
3 0.14140625 0.253125 0.0359375 0.0828125
3 0.1765625 0.17734375 0.0328125 0.0609375
0 0.2046875 0.178125 0.0453125 0.065625
3 0.23359375 0.11640625 0.034375 0.0609375
3 0.1984375 0.128125 0.034375 0.0546875
0 0.2609375 0.08125 0.04375 0.046875
3 0.26328125 0.04609375 0.0359375 0.05625
0 0.290625 0.04375 0.0328125 0.0546875
0 0.3765625 0.06484375 0.046875 0.0453125
3 0.33515625 0.11640625 0.046875 0.0703125
3 0.41640625 0.053125 0.0421875 0.0515625
3 0.41796875 0.0953125 0.046875 0.071875
0 0.4640625 0.09375 0.05625 0.0671875
3 0.4546875 0.04296875 0.0421875 0.0609375
3 0.4953125 0.04375 0.0390625 0.0578125
3 0.534375 0.04140625 0.0421875 0.05625
3 0.5125 0.090625 0.046875 0.075
3 0.5515625 0.090625 0.0453125 0.071875
3 0.575 0.03984375 0.040625 0.059375
0 0.62265625 0.05078125 0.040625 0.0484375
3 0.59453125 0.084375 0.04375 0.0828125
3 0.6390625 0.08828125 0.0484375 0.0828125
0 0.68828125 0.16171875 0.0578125 0.0890625
3 0.64140625 0.15390625 0.0453125 0.0828125
3 0.60078125 0.1421875 0.046875 0.0953125
3 0.56171875 0.16171875 0.0640625 0.1015625
3 0.49453125 0.153125 0.0484375 0.0890625
3 0.4421875 0.1609375 0.0640625 0.096875
3 0.3828125 0.10078125 0.046875 0.0828125
0 0.3890625 0.1671875 0.05625 0.0828125
0 0.34453125 0.17890625 0.05 0.0703125
0 0.29921875 0.2 0.0484375 0.0875
0 0.26015625 0.20234375 0.0453125 0.0625
3 0.2328125 0.2765625 0.059375 0.128125
3 0.2796875 0.2640625 0.0609375 0.1015625
3 0.33828125 0.25703125 0.0640625 0.1078125
0 0.3984375 0.2515625 0.0703125 0.0953125
0 0.459375 0.25625 0.0609375 0.0734375
3 0.51953125 0.24140625 0.071875 0.096875
3 0.6234375 0.246875 0.065625 0.1125
3 0.68828125 0.23984375 0.059375 0.0953125
3 0.7421875 0.26484375 0.0640625 0.121875
3 0.77421875 0.37109375 0.0609375 0.109375
0 0.715625 0.3703125 0.0703125 0.1046875
0 0.64921875 0.36328125 0.0703125 0.128125
0 0.5796875 0.36015625 0.0828125 0.1390625
3 0.49921875 0.36875 0.0828125 0.15625
3 0.4453125 0.3359375 0.0546875 0.1203125
3 0.3796875 0.33984375 0.0875 0.146875
0 0.30546875 0.3875 0.084375 0.1140625
0 0.246875 0.3796875 0.0578125 0.1015625
3 0.19375 0.4 0.059375 0.1125
0 0.14921875 0.56953125 0.0734375 0.10625
0 0.21640625 0.53984375 0.065625 0.153125
0 0.27109375 0.56328125 0.090625 0.11875
3 0.35234375 0.540625 0.0875 0.165625
3 0.434375 0.525 0.0875 0.146875
3 0.60078125 0.5234375 0.10625 0.1546875
0 0.68671875 0.534375 0.0890625 0.1515625
3 0.75703125 0.53046875 0.0796875 0.1265625
0 0.825 0.5328125 0.0765625 0.1578125
3 0.67734375 0.728125 0.11875 0.184375
3 0.96875 0.6859375 0.0625 0.10625
3 0.903125 0.48984375 0.0703125 0.1609375
0 0.8546875 0.34296875 0.053125 0.10625
0 0.89453125 0.3421875 0.040625 0.096875
0 0.8140625 0.24453125 0.059375 0.0765625
3 0.8515625 0.253125 0.0375 0.06875
3 0.78359375 0.17109375 0.0484375 0.075
3 0.82109375 0.18125 0.040625 0.06875
3 0.74375 0.11015625 0.04375 0.0859375
3 0.784375 0.11796875 0.034375 0.0640625
0 0.76484375 0.0890625 0.0265625 0.0453125
0 0.721875 0.06953125 0.03125 0.0484375
3 0.69609375 0.03359375 0.034375 0.0609375
3 0.7296875 0.04453125 0.0265625 0.040625
1 0.1203125 0.34375 0.021875 0.0453125
1 0.15625 0.215625 0.0203125 0.04375
1 0.175 0.165625 0.01875 0.034375
1 0.20390625 0.16640625 0.01875 0.0421875
2 0.19609375 0.115625 0.015625 0.028125
1 0.228125 0.10390625 0.015625 0.03125
1 0.25859375 0.07421875 0.0171875 0.03125
1 0.28359375 0.03515625 0.015625 0.028125
1 0.2625 0.034375 0.015625 0.03125
1 0.32734375 0.1 0.0203125 0.040625
1 0.38203125 0.0859375 0.021875 0.040625
1 0.41484375 0.0828125 0.01875 0.040625
1 0.4140625 0.04296875 0.015625 0.0296875
1 0.46875 0.08359375 0.021875 0.040625
1 0.45546875 0.028125 0.015625 0.03125
1 0.4984375 0.03125 0.015625 0.0328125
1 0.51640625 0.07421875 0.021875 0.04375
1 0.53671875 0.03125 0.01875 0.0328125
1 0.54921875 0.078125 0.0203125 0.040625
1 0.58125 0.02734375 0.01875 0.0359375
2 0.59921875 0.065625 0.01875 0.0421875
1 0.62890625 0.0453125 0.0171875 0.03125
1 0.63828125 0.0703125 0.021875 0.04375
1 0.6453125 0.1359375 0.021875 0.0421875
1 0.6078125 0.12109375 0.025 0.0453125
1 0.496875 0.13203125 0.0234375 0.05
1 0.43828125 0.1375 0.025 0.0453125
1 0.340625 0.17578125 0.021875 0.04375
1 0.29375 0.18359375 0.0234375 0.04375
1 0.253125 0.20234375 0.0234375 0.0390625
2 0.2234375 0.240625 0.0265625 0.05
1 0.26953125 0.24375 0.0265625 0.05625
1 0.3375 0.23515625 0.0265625 0.0609375
1 0.39140625 0.23515625 0.0296875 0.0578125
1 0.4578125 0.25078125 0.0296875 0.0578125
1 0.52265625 0.23046875 0.028125 0.0578125
1 0.62421875 0.2171875 0.025 0.0578125
1 0.68515625 0.22265625 0.0265625 0.0515625
1 0.75703125 0.234375 0.0296875 0.0578125
1 0.7859375 0.34609375 0.0296875 0.05625
1 0.5921875 0.3515625 0.0359375 0.0625
1 0.44609375 0.30703125 0.0296875 0.05625
2 0.36015625 0.3046875 0.03125 0.0703125
1 0.30625 0.37265625 0.034375 0.0640625
1 0.18671875 0.38125 0.028125 0.0515625
1 0.2375 0.378125 0.0296875 0.053125
1 0.134375 0.56875 0.03125 0.0578125
2 0.20625 0.5015625 0.03125 0.0703125
1 0.26328125 0.5546875 0.034375 0.065625
1 0.346875 0.49921875 0.0328125 0.0734375
1 0.42421875 0.4953125 0.0359375 0.0859375
1 0.59765625 0.503125 0.040625 0.078125
1 0.70078125 0.5359375 0.0421875 0.078125
2 0.77109375 0.50390625 0.034375 0.0703125
1 0.8375 0.52109375 0.0359375 0.06875
1 0.69765625 0.684375 0.04375 0.0828125
2 0.9171875 0.43828125 0.025 0.059375
1 0.8671875 0.3171875 0.0234375 0.046875
2 0.89921875 0.31796875 0.021875 0.05
1 0.821875 0.23125 0.0234375 0.046875
1 0.86015625 0.240625 0.0171875 0.0421875
1 0.79609375 0.1578125 0.021875 0.04375
1 0.8296875 0.16953125 0.01875 0.040625
1 0.74921875 0.0859375 0.0203125 0.0390625
1 0.78984375 0.10390625 0.01875 0.040625
1 0.76796875 0.08359375 0.0171875 0.03125
1 0.73359375 0.0375 0.0125 0.0296875
1 0.70234375 0.01953125 0.015625 0.03125