3 0.13828125 0.3375 0.04453125 0.10625
3 0.1828125 0.23671875 0.04921875 0.09453125
3 0.1484375 0.240625 0.03515625 0.0796875
3 0.190625 0.16875 0.0359375 0.0609375
3 0.22890625 0.14296875 0.04296875 0.07890625
0 0.24609375 0.10703125 0.0328125 0.05546875
3 0.209375 0.11796875 0.02578125 0.053125
0 0.27578125 0.06796875 0.03984375 0.046875
3 0.278125 0.0359375 0.03046875 0.05546875
3 0.31015625 0.03125 0.02890625 0.04921875
0 0.39140625 0.0609375 0.04765625 0.04453125
0 0.34921875 0.11640625 0.0421875 0.05625
3 0.43125 0.04453125 0.03984375 0.05078125
0 0.43828125 0.10390625 0.04609375 0.05625
0 0.48203125 0.09296875 0.05078125 0.06171875
3 0.47109375 0.04140625 0.0390625 0.05859375
3 0.5109375 0.04375 0.0375 0.05703125
3 0.54921875 0.04375 0.04296875 0.059375
0 0.5234375 0.10546875 0.05546875 0.059375
3 0.56640625 0.090625 0.03984375 0.071875
3 0.590625 0.04296875 0.0390625 0.05859375
0 0.6375 0.05546875 0.03984375 0.05
3 0.60625 0.08125 0.03671875 0.084375
3 0.65390625 0.09609375 0.04453125 0.08046875
0 0.7046875 0.171875 0.05859375 0.08046875
3 0.65625 0.15625 0.0453125 0.08984375
3 0.61484375 0.1359375 0.0453125 0.10546875
0 0.578125 0.15625 0.0484375 0.08828125
3 0.50703125 0.15234375 0.04609375 0.08828125
3 0.45234375 0.1609375 0.05859375 0.09375
3 0.39609375 0.0953125 0.04296875 0.07578125
3 0.4 0.16875 0.0546875 0.09453125
0 0.35390625 0.171875 0.04453125 0.06953125
3 0.31171875 0.17890625 0.04453125 0.11015625
0 0.2671875 0.19375 0.046875 0.06875
3 0.240625 0.26875 0.05078125 0.12421875
3 0.2859375 0.2546875 0.053125 0.1015625
3 0.34765625 0.25 0.06171875 0.10546875
0 0.40625 0.2484375 0.06484375 0.09453125
0 0.46953125 0.25546875 0.05546875 0.0703125
3 0.528125 0.240625 0.06953125 0.10078125
3 0.63125 0.25390625 0.06328125 0.103125
3 0.696875 0.25546875 0.05703125 0.09140625
3 0.74765625 0.27421875 0.05625 0.11875
3 0.77734375 0.3796875 0.05546875 0.11484375
0 0.7203125 0.37734375 0.06640625 0.103125
0 0.65390625 0.36796875 0.06484375 0.125
0 0.584375 0.35703125 0.07890625 0.134375
3 0.5125 0.35546875 0.06484375 0.15390625
3 0.45625 0.321875 0.06328125 0.14375
3 0.38671875 0.3359375 0.08046875 0.14453125
0 0.309375 0.38046875 0.08046875 0.11171875
0 0.25078125 0.36875 0.05390625 0.10859375
3 0.19921875 0.3859375 0.0546875 0.10625
0 0.14765625 0.5625 0.07421875 0.09375
0 0.21875 0.55859375 0.0609375 0.10546875
0 0.27578125 0.55 0.07109375 0.10546875
3 0.35 0.540625 0.08203125 0.16953125
3 0.43125 0.52109375 0.08203125 0.14453125
3 0.59765625 0.528125 0.09921875 0.15078125
3 0.6875 0.54296875 0.0828125 0.1609375
3 0.75703125 0.53046875 0.07734375 0.13125
0 0.825 0.54296875 0.07109375 0.15625
3 0.67890625 0.7515625 0.11171875 0.18046875
3 0.965625 0.7078125 0.06875 0.10625
3 0.90390625 0.49375 0.06640625 0.11171875
0 0.8609375 0.34765625 0.05625 0.08203125
0 0.9015625 0.365625 0.040625 0.09609375
3 0.81640625 0.24765625 0.04921875 0.09375
3 0.859375 0.2609375 0.0390625 0.06640625
3 0.7921875 0.178125 0.03828125 0.06953125
3 0.83203125 0.19296875 0.0375 0.06796875
3 0.75703125 0.11796875 0.040625 0.08203125
3 0.7984375 0.128125 0.03203125 0.06328125
0 0.78046875 0.09296875 0.0265625 0.04375
3 0.7359375 0.078125 0.03046875 0.0484375
3 0.7140625 0.03984375 0.03046875 0.0609375
3 0.7453125 0.053125 0.02421875 0.0390625
1 0.1296875 0.31484375 0.02109375 0.05
1 0.14765625 0.22109375 0.01953125 0.04375
1 0.1703125 0.21640625 0.02109375 0.04375
1 0.1859375 0.15546875 0.01484375 0.03203125
2 0.21953125 0.1265625 0.01484375 0.03671875
1 0.21015625 0.109375 0.0125 0.03125
1 0.24375 0.096875 0.0140625 0.03046875
1 0.2734375 0.065625 0.015625 0.0296875
1 0.278125 0.02578125 0.0140625 0.03046875
1 0.3046875 0.028125 0.01484375 0.028125
1 0.39453125 0.084375 0.02109375 0.04375
1 0.428125 0.0375 0.0140625 0.03046875
1 0.46875 0.02890625 0.01484375 0.03125
1 0.4390625 0.09375 0.01953125 0.03671875
1 0.48359375 0.0859375 0.0203125 0.04296875
1 0.515625 0.03046875 0.015625 0.034375
1 0.5515625 0.03125 0.01640625 0.03203125
1 0.52890625 0.103125 0.01953125 0.03984375
2 0.56796875 0.07421875 0.01953125 0.04375
1 0.596875 0.03046875 0.01796875 0.03671875
1 0.609375 0.0609375 0.01796875 0.04453125
1 0.64453125 0.05078125 0.01796875 0.03046875
1 0.65546875 0.07734375 0.0203125 0.03984375
2 0.6203125 0.10546875 0.02109375 0.0484375
1 0.509375 0.13125 0.0203125 0.046875
1 0.45078125 0.14296875 0.02421875 0.0546875
1 0.409375 0.146875 0.02578125 0.04375
1 0.35234375 0.16796875 0.0203125 0.04375
2 0.30859375 0.146875 0.02109375 0.04453125
1 0.2703125 0.18046875 0.02109375 0.04296875
1 0.23984375 0.2328125 0.0234375 0.04921875
1 0.27578125 0.23046875 0.02421875 0.05
1 0.34765625 0.2296875 0.02578125 0.059375
1 0.40078125 0.22890625 0.02578125 0.0546875
1 0.465625 0.25390625 0.02578125 0.05546875
1 0.53203125 0.21796875 0.02578125 0.0546875
1 0.63828125 0.23125 0.028125 0.05078125
1 0.69921875 0.23125 0.0234375 0.0484375
1 0.7609375 0.246875 0.02890625 0.05625
1 0.78828125 0.34765625 0.02734375 0.05625
1 0.59765625 0.3515625 0.03359375 0.06015625
1 0.5109375 0.315625 0.02890625 0.0703125
2 0.3765625 0.29375 0.02890625 0.06484375
1 0.31015625 0.3640625 0.02890625 0.06328125
1 0.240625 0.36875 0.02578125 0.05
1 0.1921875 0.36796875 0.02578125 0.053125
1 0.13125 0.56015625 0.02734375 0.05703125
1 0.26015625 0.54296875 0.034375 0.0734375
1 0.34453125 0.49296875 0.03203125 0.0734375
1 0.42421875 0.49296875 0.0359375 0.0859375
1 0.59765625 0.5 0.0375 0.08125
1 0.69921875 0.52421875 0.04140625 0.08125
2 0.76953125 0.5015625 0.03125 0.071875
1 0.8375 0.53125 0.03515625 0.06953125
1 0.696875 0.73125 0.04140625 0.08046875
1 0.92578125 0.47109375 0.02421875 0.05625
1 0.87734375 0.334375 0.0234375 0.05
1 0.9125 0.34296875 0.0203125 0.05078125
1 0.828125 0.22734375 0.0234375 0.04921875
1 0.8703125 0.25546875 0.01796875 0.0390625
1 0.80078125 0.1625 0.02109375 0.04375
1 0.84140625 0.18046875 0.01640625 0.040625
1 0.76328125 0.09453125 0.01796875 0.03828125
1 0.80390625 0.115625 0.01484375 0.0390625
1 0.74921875 0.04453125 0.01328125 0.025
1 0.71953125 0.0234375 0.01328125 0.03046875