3 0.11328125 0.4078125 0.0578125 0.0875
3 0.13671875 0.29609375 0.0515625 0.1078125
3 0.11015625 0.3015625 0.0453125 0.084375
3 0.134375 0.22421875 0.0359375 0.0578125
3 0.16875 0.2 0.0421875 0.084375
3 0.18203125 0.15625 0.0421875 0.065625
0 0.2046875 0.1140625 0.046875 0.0546875
0 0.203125 0.08828125 0.040625 0.053125
3 0.23125 0.07109375 0.0359375 0.0546875
0 0.3171875 0.0875 0.053125 0.0515625
0 0.28515625 0.15 0.0515625 0.0625
3 0.35390625 0.0625 0.046875 0.0609375
0 0.36875 0.11796875 0.053125 0.0625
0 0.4109375 0.10234375 0.0546875 0.06875
3 0.3890625 0.0484375 0.0484375 0.065625
3 0.43125 0.0484375 0.046875 0.0625
3 0.465625 0.0359375 0.05625 0.071875
0 0.4484375 0.09765625 0.0640625 0.071875
0 0.49453125 0.0875 0.053125 0.0703125
0 0.51171875 0.0375 0.046875 0.0609375
0 0.5609375 0.0375 0.0453125 0.0546875
3 0.5359375 0.0734375 0.0546875 0.0765625
3 0.57890625 0.0734375 0.0609375 0.090625
0 0.6359375 0.1390625 0.065625 0.090625
3 0.59140625 0.13515625 0.0546875 0.09375
3 0.5484375 0.12890625 0.0625 0.109375
3 0.51484375 0.14765625 0.0609375 0.0953125
3 0.446875 0.15625 0.0609375 0.0953125
3 0.3921875 0.17421875 0.075 0.103125
3 0.32890625 0.12265625 0.0578125 0.0859375
3 0.34296875 0.19140625 0.0703125 0.10625
0 0.2984375 0.20390625 0.05625 0.075
0 0.2578125 0.22578125 0.065625 0.1015625
0 0.21640625 0.23671875 0.0671875 0.0921875
3 0.2078125 0.32265625 0.084375 0.115625
3 0.303125 0.28671875 0.0828125 0.109375
0 0.36484375 0.265625 0.075 0.103125
0 0.42734375 0.26328125 0.0671875 0.0828125
3 0.48359375 0.24140625 0.0859375 0.109375
3 0.58515625 0.22421875 0.075 0.1125
3 0.646875 0.21484375 0.0734375 0.10625
3 0.7046875 0.23359375 0.0765625 0.1265625
3 0.75234375 0.33359375 0.075 0.1234375
0 0.6953125 0.340625 0.0828125 0.1125
0 0.62734375 0.33515625 0.0828125 0.115625
0 0.55625 0.3484375 0.1 0.1421875
3 0.4875 0.34609375 0.084375 0.153125
3 0.42578125 0.3296875 0.0875 0.15625
3 0.3625 0.3625 0.103125 0.153125
0 0.29140625 0.415625 0.0984375 0.1234375
0 0.23203125 0.41484375 0.0734375 0.1109375
3 0.1828125 0.440625 0.075 0.115625
0 0.1625 0.621875 0.0859375 0.10625
3 0.22734375 0.57421875 0.090625 0.140625
0 0.2875 0.6171875 0.1140625 0.13125
3 0.3640625 0.53984375 0.090625 0.153125
3 0.42734375 0.53125 0.0953125 0.1609375
3 0.59296875 0.48984375 0.1203125 0.184375
3 0.6875 0.4859375 0.1171875 0.1765625
3 0.7609375 0.49765625 0.096875 0.1609375
0 0.82578125 0.4859375 0.0984375 0.1640625
3 0.715625 0.71953125 0.1484375 0.19375
3 0.97578125 0.621875 0.0484375 0.121875
3 0.89921875 0.42265625 0.0859375 0.11875
0 0.82890625 0.29140625 0.0703125 0.096875
0 0.871875 0.296875 0.05625 0.1015625
3 0.7640625 0.18984375 0.0640625 0.1046875
3 0.809375 0.203125 0.05 0.075
3 0.73046875 0.13515625 0.059375 0.0765625
3 0.7734375 0.13984375 0.0484375 0.0734375
3 0.68671875 0.07890625 0.053125 0.090625
3 0.7296875 0.0828125 0.0421875 0.0671875
0 0.70625 0.05390625 0.034375 0.0484375
3 0.6609375 0.04453125 0.0390625 0.0578125
3 0.63125 0.02109375 0.040625 0.0421875
3 0.6640625 0.01953125 0.03125 0.0390625
1 0.1015625 0.39609375 0.028125 0.0484375
2 0.12421875 0.26875 0.0265625 0.046875
1 0.13203125 0.21484375 0.0203125 0.034375
2 0.146875 0.20703125 0.028125 0.053125
3 0.1671875 0.26171875 0.078125 0.175
1 0.15859375 0.17890625 0.0203125 0.034375
1 0.14609375 0.165625 0.01875 0.0328125
1 0.175 0.14375 0.0203125 0.0328125
1 0.2 0.109375 0.0203125 0.0328125
1 0.225 0.06484375 0.0203125 0.0328125
1 0.19765625 0.0765625 0.01875 0.03125
1 0.3484375 0.0515625 0.0203125 0.0328125
1 0.32578125 0.10625 0.0296875 0.04375
1 0.37109375 0.11015625 0.0265625 0.0375
1 0.41328125 0.09140625 0.025 0.040625
1 0.384375 0.03671875 0.0203125 0.0328125
1 0.45625 0.0875 0.028125 0.0453125
1 0.43203125 0.0359375 0.0203125 0.034375
1 0.459375 0.0203125 0.0203125 0.0375
1 0.51640625 0.0296875 0.0265625 0.0390625
1 0.49609375 0.08046875 0.028125 0.046875
1 0.57109375 0.05390625 0.028125 0.046875
1 0.58828125 0.11484375 0.028125 0.046875
2 0.5390625 0.10625 0.0296875 0.053125
1 0.44609375 0.13515625 0.0296875 0.053125
1 0.2953125 0.2 0.028125 0.04375
1 0.24921875 0.20546875 0.0296875 0.046875
1 0.21484375 0.21953125 0.028125 0.046875
1 0.19375 0.29453125 0.03125 0.0546875
1 0.2921875 0.26796875 0.0328125 0.059375
1 0.35546875 0.25234375 0.0359375 0.0640625
1 0.425 0.253125 0.034375 0.0546875
1 0.4796875 0.2171875 0.0359375 0.059375
1 0.57109375 0.20078125 0.03125 0.053125
1 0.6453125 0.19140625 0.03125 0.053125
1 0.7109375 0.2015625 0.0359375 0.059375
1 0.7578125 0.30078125 0.0359375 0.059375
1 0.56953125 0.3375 0.0453125 0.0671875
2 0.4125 0.29296875 0.0390625 0.065625
1 0.29140625 0.39921875 0.040625 0.0671875
1 0.2234375 0.415625 0.0359375 0.05625
1 0.1734375 0.425 0.0359375 0.05625
1 0.146875 0.621875 0.0390625 0.06875
1 0.28359375 0.61328125 0.0453125 0.0734375
1 0.3578125 0.50625 0.04375 0.0734375
1 0.4109375 0.50078125 0.05 0.084375
1 0.5765625 0.4546875 0.0484375 0.0828125
1 0.76640625 0.45859375 0.04375 0.071875
1 0.8375 0.471875 0.046875 0.075
1 0.73046875 0.6921875 0.0515625 0.0828125
1 0.915625 0.40546875 0.034375 0.059375
1 0.8421875 0.2734375 0.0296875 0.046875
1 0.87890625 0.27421875 0.0265625 0.0515625
1 0.7671875 0.16484375 0.028125 0.0515625
1 0.7796875 0.23359375 0.028125 0.034375
1 0.81875 0.19296875 0.025 0.0421875
1 0.740625 0.12109375 0.025 0.04375
1 0.78125 0.1265625 0.0234375 0.04375
1 0.73203125 0.06953125 0.0234375 0.040625
1 0.6890625 0.05546875 0.0234375 0.0390625
1 0.66328125 0.0328125 0.0203125 0.0328125
1 0.70703125 0.05078125 0.021875 0.0359375
1 0.6328125 0.0046875 0.01875 0.009375
1 0.665625 0.0140625 0.01875 0.028125