3 0.109375 0.43515625 0.0671875 0.0984375
3 0.1234375 0.31640625 0.0671875 0.109375
3 0.09765625 0.3328125 0.0515625 0.0875
3 0.1171875 0.2515625 0.0453125 0.065625
0 0.14453125 0.24609375 0.0578125 0.0734375
3 0.159375 0.1796875 0.046875 0.065625
3 0.128125 0.19921875 0.0453125 0.059375
0 0.17890625 0.140625 0.053125 0.0546875
3 0.1734375 0.10546875 0.0453125 0.0625
0 0.20078125 0.096875 0.0421875 0.059375
0 0.2890625 0.1 0.0546875 0.053125
3 0.25859375 0.159375 0.059375 0.0765625
3 0.325 0.08046875 0.0515625 0.059375
3 0.3359375 0.121875 0.0609375 0.0796875
0 0.38046875 0.11015625 0.06875 0.0765625
3 0.36015625 0.0625 0.053125 0.0671875
3 0.4 0.0546875 0.05 0.0640625
3 0.43828125 0.04453125 0.0515625 0.0625
3 0.4265625 0.096875 0.0609375 0.0828125
3 0.46484375 0.0890625 0.0578125 0.078125
3 0.47734375 0.034375 0.0515625 0.065625
0 0.5265625 0.03515625 0.0484375 0.0546875
3 0.50546875 0.07421875 0.059375 0.0890625
3 0.55 0.06875 0.0640625 0.090625
0 0.6140625 0.13046875 0.0734375 0.096875
3 0.56640625 0.1328125 0.0609375 0.0890625
3 0.52421875 0.12890625 0.065625 0.1015625
3 0.48984375 0.15625 0.0828125 0.1109375
3 0.42265625 0.16171875 0.065625 0.096875
3 0.37265625 0.18046875 0.08125 0.10625
3 0.30234375 0.13359375 0.0625 0.0890625
0 0.32265625 0.19765625 0.071875 0.090625
0 0.28046875 0.21796875 0.0625 0.078125
0 0.24140625 0.24765625 0.065625 0.0953125
0 0.203125 0.259375 0.05625 0.06875
3 0.1921875 0.33671875 0.084375 0.1359375
3 0.2359375 0.31484375 0.0796875 0.1109375
3 0.29140625 0.29609375 0.084375 0.1171875
0 0.34921875 0.278125 0.0875 0.10625
0 0.409375 0.26953125 0.0734375 0.084375
3 0.465625 0.24296875 0.0890625 0.109375
3 0.56796875 0.22734375 0.0875 0.121875
3 0.6296875 0.20703125 0.0765625 0.1046875
3 0.6875 0.21953125 0.0875 0.13125
3 0.74140625 0.31640625 0.08125 0.1171875
0 0.684375 0.328125 0.0890625 0.115625
0 0.61796875 0.33515625 0.0953125 0.1375
0 0.5484375 0.346875 0.1078125 0.15
3 0.471875 0.371875 0.1125 0.16875
3 0.4125 0.3515625 0.078125 0.128125
3 0.34921875 0.36875 0.1140625 0.159375
0 0.2859375 0.43046875 0.1046875 0.128125
0 0.228125 0.43515625 0.0765625 0.109375
3 0.1796875 0.465625 0.08125 0.1203125
0 0.17109375 0.640625 0.09375 0.1171875
0 0.23046875 0.59765625 0.0953125 0.1625
0 0.2890625 0.609375 0.1109375 0.134375
3 0.3640625 0.5703125 0.11875 0.178125
3 0.44140625 0.53828125 0.115625 0.159375
3 0.603125 0.5015625 0.134375 0.1703125
0 0.68984375 0.49453125 0.1171875 0.165625
3 0.75703125 0.47578125 0.103125 0.1375
0 0.82421875 0.4640625 0.1078125 0.16875
3 0.72109375 0.68671875 0.1515625 0.203125
3 0.978125 0.58359375 0.04375 0.1171875
3 0.8921875 0.40625 0.1 0.1703125
0 0.81484375 0.27265625 0.0734375 0.1125
0 0.853125 0.2640625 0.059375 0.1015625
0 0.75390625 0.184375 0.0734375 0.0859375
3 0.79296875 0.18515625 0.05 0.075
3 0.70859375 0.11953125 0.0625 0.0828125
3 0.74765625 0.121875 0.053125 0.075
3 0.65703125 0.06796875 0.0609375 0.0921875
3 0.69921875 0.0671875 0.046875 0.06875
0 0.6734375 0.04296875 0.0359375 0.05
0 0.62734375 0.0328125 0.0390625 0.053125
3 0.59453125 0.01796875 0.0453125 0.0359375
3 0.6296875 0.01484375 0.034375 0.0296875
1 0.09609375 0.42578125 0.03125 0.0484375
1 0.1046875 0.29375 0.0296875 0.046875
1 0.1125 0.240625 0.025 0.0375
1 0.140625 0.23515625 0.028125 0.04375
2 0.12265625 0.1875 0.0203125 0.03125
1 0.1515625 0.16875 0.021875 0.034375
1 0.175 0.134375 0.0234375 0.0328125
1 0.19140625 0.090625 0.0203125 0.03125
1 0.17109375 0.09375 0.021875 0.0328125
1 0.24765625 0.1453125 0.028125 0.04375
1 0.2984375 0.11953125 0.0296875 0.04375
1 0.33046875 0.11015625 0.0265625 0.04375
1 0.3203125 0.07109375 0.021875 0.0328125
1 0.3828125 0.09921875 0.0296875 0.04375
1 0.3578125 0.04765625 0.021875 0.034375
1 0.40078125 0.04140625 0.021875 0.034375
1 0.42734375 0.0796875 0.0296875 0.046875
1 0.43828125 0.03359375 0.025 0.0359375
1 0.4609375 0.07734375 0.028125 0.04375
1 0.48125 0.02109375 0.0265625 0.0390625
2 0.50625 0.0546875 0.028125 0.04375
1 0.53125 0.028125 0.0234375 0.034375
1 0.54609375 0.0515625 0.0296875 0.046875
1 0.56640625 0.1140625 0.03125 0.0453125
1 0.5265625 0.10703125 0.0328125 0.0484375
1 0.4203125 0.140625 0.0328125 0.053125
1 0.3640625 0.15859375 0.034375 0.0484375
1 0.27734375 0.215625 0.0296875 0.046875
1 0.23203125 0.23359375 0.0328125 0.0484375
1 0.19609375 0.26015625 0.03125 0.04375
2 0.17578125 0.30390625 0.0359375 0.053125
1 0.221875 0.29765625 0.0375 0.059375
1 0.2859375 0.275 0.0390625 0.0640625
1 0.3390625 0.26328125 0.040625 0.0609375
1 0.40703125 0.26484375 0.040625 0.0609375
1 0.46640625 0.23125 0.0390625 0.0609375
1 0.56328125 0.19765625 0.0359375 0.0609375
1 0.6234375 0.18984375 0.0359375 0.0546875
1 0.696875 0.18671875 0.040625 0.0609375
1 0.74765625 0.28984375 0.0390625 0.059375
1 0.559375 0.33515625 0.0484375 0.0671875
1 0.4078125 0.32265625 0.040625 0.0609375
2 0.32265625 0.33828125 0.0453125 0.0734375
1 0.284375 0.415625 0.046875 0.06875
1 0.16953125 0.4484375 0.0375 0.0546875
1 0.21796875 0.43515625 0.0390625 0.05625
1 0.15625 0.64375 0.0421875 0.0609375
2 0.21328125 0.5625 0.0453125 0.0734375
1 0.2796875 0.60234375 0.046875 0.0703125
1 0.35 0.53125 0.046875 0.0765625
1 0.425 0.51171875 0.0515625 0.0890625
1 0.59609375 0.4828125 0.05625 0.0828125
1 0.70390625 0.49375 0.0578125 0.084375
2 0.76640625 0.44765625 0.0484375 0.075
1 0.834375 0.45 0.0484375 0.0734375
1 0.73203125 0.6390625 0.059375 0.0890625
2 0.8953125 0.353125 0.0359375 0.0625
1 0.82109375 0.2453125 0.03125 0.05
2 0.853125 0.2390625 0.03125 0.053125
1 0.759375 0.1703125 0.03125 0.05
1 0.7984375 0.17109375 0.0265625 0.04375
1 0.71796875 0.103125 0.03125 0.046875
1 0.75390625 0.1078125 0.0265625 0.04375
1 0.65703125 0.04296875 0.028125 0.0421875
1 0.70078125 0.05234375 0.0265625 0.0421875
1 0.675 0.03671875 0.0234375 0.0328125
1 0.63125 0.00703125 0.01875 0.0140625