3 0.14921875 0.31875 0.053125 0.096875
3 0.19765625 0.209375 0.05 0.1078125
3 0.16796875 0.21171875 0.0375 0.0828125
3 0.21171875 0.146875 0.034375 0.0609375
3 0.240625 0.1453125 0.0484375 0.08125
3 0.27421875 0.0890625 0.0375 0.0609375
3 0.23828125 0.0984375 0.0375 0.053125
0 0.30625 0.053125 0.04375 0.0484375
0 0.31171875 0.02578125 0.0359375 0.0515625
0 0.340625 0.02109375 0.0375 0.0421875
0 0.4234375 0.0546875 0.0484375 0.046875
0 0.371875 0.103125 0.0546875 0.065625
3 0.4640625 0.04296875 0.04375 0.0578125
3 0.46015625 0.09453125 0.0484375 0.071875
0 0.50625 0.09296875 0.059375 0.0703125
3 0.50234375 0.03671875 0.0421875 0.059375
3 0.54296875 0.04453125 0.040625 0.059375
3 0.5828125 0.04765625 0.04375 0.059375
3 0.55390625 0.0953125 0.0484375 0.078125
3 0.59140625 0.09453125 0.0453125 0.0765625
3 0.62578125 0.05078125 0.0484375 0.0609375
0 0.66796875 0.06640625 0.04375 0.053125
3 0.63515625 0.10078125 0.0515625 0.071875
3 0.68125 0.10546875 0.05 0.0828125
0 0.72109375 0.18359375 0.0625 0.090625
3 0.6765625 0.17265625 0.0484375 0.0828125
3 0.63515625 0.15234375 0.053125 0.103125
3 0.58984375 0.16171875 0.0609375 0.0921875
3 0.53125 0.15390625 0.0515625 0.090625
3 0.47421875 0.15859375 0.065625 0.0984375
3 0.42265625 0.090625 0.046875 0.084375
3 0.4234375 0.1578125 0.0609375 0.1046875
0 0.37734375 0.1625 0.05 0.071875
0 0.334375 0.178125 0.0515625 0.090625
0 0.29140625 0.178125 0.0484375 0.0625
3 0.2578125 0.24375 0.065625 0.121875
3 0.30546875 0.24140625 0.0625 0.103125
3 0.36484375 0.23828125 0.06875 0.1109375
0 0.42578125 0.240625 0.075 0.1046875
0 0.4859375 0.2515625 0.0625 0.0734375
3 0.546875 0.24296875 0.0765625 0.103125
3 0.64921875 0.26328125 0.0703125 0.1140625
3 0.71171875 0.26328125 0.0609375 0.0984375
3 0.76484375 0.29296875 0.065625 0.121875
3 0.784375 0.40078125 0.0640625 0.1125
0 0.728125 0.39296875 0.0734375 0.1078125
0 0.6625 0.37890625 0.0734375 0.128125
0 0.59375 0.3671875 0.0875 0.1390625
3 0.51640625 0.36875 0.0796875 0.1609375
3 0.465625 0.328125 0.0671875 0.1296875
3 0.396875 0.3296875 0.09375 0.15
0 0.31796875 0.36796875 0.0875 0.1171875
0 0.2625 0.35625 0.059375 0.109375
3 0.2078125 0.3671875 0.0625 0.1171875
0 0.14453125 0.5328125 0.078125 0.1046875
3 0.21796875 0.5109375 0.0703125 0.1171875
0 0.26640625 0.5375 0.09375 0.1125
3 0.3484375 0.5265625 0.09375 0.1734375
3 0.43046875 0.51484375 0.090625 0.15
3 0.59765625 0.53515625 0.1109375 0.153125
0 0.68125 0.55 0.0921875 0.1484375
3 0.75234375 0.55859375 0.084375 0.1296875
0 0.81953125 0.565625 0.0828125 0.1609375
3 0.65703125 0.76796875 0.1296875 0.2109375
3 0.95 0.73828125 0.075 0.115625
3 0.9015625 0.534375 0.075 0.1640625
0 0.86953125 0.38203125 0.059375 0.109375
0 0.91015625 0.39296875 0.046875 0.0984375
0 0.83984375 0.2796875 0.0609375 0.0828125
3 0.87578125 0.290625 0.0390625 0.06875
3 0.8171875 0.2015625 0.05 0.075
3 0.85234375 0.2171875 0.0421875 0.0703125
3 0.78203125 0.1375 0.046875 0.0859375
3 0.82265625 0.15 0.0359375 0.065625
0 0.80859375 0.1171875 0.0296875 0.046875
0 0.7640625 0.09453125 0.0328125 0.0484375
3 0.74453125 0.05625 0.034375 0.0609375
0 0.77578125 0.07265625 0.028125 0.0390625
1 0.13828125 0.2984375 0.0234375 0.0453125
1 0.18828125 0.18046875 0.021875 0.046875
1 0.2109375 0.134375 0.0171875 0.0328125
1 0.240625 0.12421875 0.0203125 0.0421875
1 0.2375 0.0890625 0.015625 0.0328125
1 0.27109375 0.07578125 0.0171875 0.03125
1 0.303125 0.0515625 0.0171875 0.03125
1 0.359375 0.08828125 0.025 0.03125
1 0.4265625 0.075 0.0234375 0.0421875
1 0.46171875 0.03359375 0.015625 0.03125
1 0.503125 0.025 0.015625 0.03125
1 0.5140625 0.08046875 0.0234375 0.0421875
1 0.54765625 0.03359375 0.0171875 0.0328125
1 0.56171875 0.075 0.021875 0.0453125
1 0.58984375 0.07890625 0.021875 0.0453125
1 0.5859375 0.03515625 0.0203125 0.0359375
1 0.6296875 0.0390625 0.01875 0.0375
1 0.67578125 0.06015625 0.01875 0.0328125
1 0.6421875 0.0875 0.0234375 0.0359375
1 0.68359375 0.0890625 0.021875 0.040625
1 0.68359375 0.1546875 0.0234375 0.040625
1 0.6359375 0.13203125 0.0234375 0.0453125
1 0.60078125 0.1421875 0.028125 0.0453125
1 0.53515625 0.1328125 0.0265625 0.05
1 0.47578125 0.140625 0.0265625 0.0546875
1 0.42890625 0.1328125 0.0265625 0.05
1 0.37578125 0.16015625 0.0234375 0.0453125
1 0.328125 0.15546875 0.025 0.046875
1 0.28515625 0.178125 0.025 0.040625
1 0.25234375 0.2125 0.028125 0.0515625
1 0.30078125 0.21640625 0.0265625 0.05
1 0.36796875 0.21796875 0.0296875 0.0625
1 0.41953125 0.22421875 0.0296875 0.0578125
1 0.484375 0.246875 0.03125 0.0578125
1 0.5515625 0.22109375 0.028125 0.05625
1 0.653125 0.23359375 0.0265625 0.05625
1 0.715625 0.2453125 0.0265625 0.0484375
1 0.778125 0.26640625 0.0296875 0.0578125
1 0.8 0.37578125 0.0296875 0.05625
1 0.60703125 0.3609375 0.034375 0.0625
1 0.46484375 0.2953125 0.03125 0.0578125
2 0.37890625 0.2875 0.034375 0.0703125
1 0.32265625 0.353125 0.0375 0.0625
1 0.2015625 0.34765625 0.03125 0.0515625
1 0.12890625 0.5296875 0.0328125 0.0609375
1 0.203125 0.490625 0.0328125 0.0609375
1 0.26015625 0.5296875 0.0390625 0.065625
1 0.34609375 0.48203125 0.0390625 0.075
1 0.425 0.48828125 0.0390625 0.0859375
1 0.596875 0.51328125 0.0421875 0.08125
1 0.69296875 0.5578125 0.0453125 0.0796875
2 0.7703125 0.534375 0.0375 0.0734375
1 0.83359375 0.5625 0.040625 0.0734375
2 0.921875 0.4859375 0.0265625 0.059375
1 0.88359375 0.3578125 0.028125 0.0515625
1 0.92265625 0.37109375 0.0203125 0.05
1 0.85 0.2671875 0.025 0.0484375
1 0.8859375 0.28046875 0.0203125 0.04375
1 0.83046875 0.1890625 0.021875 0.0421875
1 0.8625 0.2046875 0.0203125 0.04375
1 0.790625 0.11484375 0.0203125 0.0375
1 0.82890625 0.1375 0.01875 0.040625
1 0.809375 0.11328125 0.0203125 0.0328125
1 0.7515625 0.04375 0.015625 0.0359375