3 0.14609375 0.325 0.0515625 0.096875
3 0.19296875 0.21484375 0.0484375 0.10625
3 0.1625 0.21796875 0.0359375 0.0828125
3 0.20546875 0.15234375 0.0328125 0.059375
3 0.234375 0.15 0.046875 0.0796875
3 0.2671875 0.09296875 0.0359375 0.0609375
3 0.23125 0.103125 0.0375 0.053125
0 0.2984375 0.05703125 0.04375 0.046875
0 0.303125 0.02890625 0.034375 0.0515625
0 0.33203125 0.02265625 0.0359375 0.0453125
0 0.415625 0.05625 0.0484375 0.046875
0 0.36484375 0.10546875 0.053125 0.0640625
3 0.45546875 0.04375 0.0421875 0.0578125
3 0.453125 0.0953125 0.0484375 0.0703125
0 0.49921875 0.09296875 0.0578125 0.06875
3 0.49453125 0.03671875 0.040625 0.0578125
3 0.53515625 0.04453125 0.040625 0.059375
3 0.575 0.04609375 0.0421875 0.0578125
3 0.546875 0.09375 0.046875 0.0765625
3 0.584375 0.09296875 0.04375 0.075
3 0.6171875 0.0484375 0.046875 0.0609375
0 0.6609375 0.06328125 0.0421875 0.0515625
3 0.628125 0.0984375 0.0515625 0.0703125
3 0.67421875 0.10234375 0.0484375 0.0828125
0 0.715625 0.1796875 0.0609375 0.0890625
3 0.6703125 0.16953125 0.046875 0.0828125
3 0.6296875 0.15 0.0515625 0.1015625
3 0.584375 0.16015625 0.059375 0.090625
3 0.525 0.153125 0.05 0.090625
3 0.46875 0.15859375 0.0640625 0.096875
3 0.415625 0.0921875 0.0453125 0.0828125
3 0.41796875 0.159375 0.059375 0.1046875
0 0.37109375 0.16484375 0.0484375 0.071875
0 0.32890625 0.18125 0.05 0.090625
0 0.2859375 0.18203125 0.046875 0.0609375
3 0.253125 0.24765625 0.0625 0.121875
3 0.3015625 0.24453125 0.0609375 0.103125
3 0.36015625 0.240625 0.0671875 0.109375
0 0.42109375 0.24140625 0.0734375 0.103125
0 0.48203125 0.2515625 0.0609375 0.071875
3 0.5421875 0.2421875 0.075 0.1015625
3 0.64453125 0.26015625 0.06875 0.1125
3 0.70703125 0.259375 0.059375 0.096875
3 0.76171875 0.28828125 0.0625 0.121875
3 0.78203125 0.39609375 0.0625 0.1109375
0 0.7265625 0.3890625 0.071875 0.10625
0 0.6609375 0.3765625 0.071875 0.1265625
0 0.59140625 0.365625 0.0859375 0.1375
3 0.5140625 0.36875 0.078125 0.159375
3 0.4625 0.32890625 0.065625 0.1296875
3 0.39375 0.33203125 0.090625 0.1484375
0 0.315625 0.37109375 0.0859375 0.115625
0 0.26015625 0.3609375 0.0578125 0.1078125
3 0.20546875 0.37265625 0.0609375 0.115625
0 0.1453125 0.5390625 0.0765625 0.103125
3 0.21796875 0.515625 0.06875 0.1171875
0 0.2671875 0.54140625 0.0921875 0.1109375
3 0.34921875 0.52890625 0.090625 0.1734375
3 0.43125 0.515625 0.0875 0.15
3 0.5984375 0.53359375 0.1078125 0.1515625
0 0.68203125 0.546875 0.090625 0.1484375
3 0.753125 0.55390625 0.0828125 0.128125
0 0.82109375 0.56015625 0.08125 0.159375
3 0.66171875 0.76484375 0.1265625 0.209375
3 0.95390625 0.73046875 0.0734375 0.115625
3 0.90234375 0.52734375 0.071875 0.1625
0 0.8671875 0.375 0.0578125 0.109375
0 0.9078125 0.3859375 0.0453125 0.0984375
0 0.8359375 0.2734375 0.0609375 0.08125
3 0.871875 0.284375 0.0390625 0.06875
3 0.81171875 0.19609375 0.0484375 0.0734375
3 0.84765625 0.2109375 0.040625 0.0703125
3 0.77578125 0.1328125 0.0453125 0.0859375
3 0.81640625 0.14453125 0.0359375 0.065625
0 0.80234375 0.1125 0.028125 0.0453125
0 0.75703125 0.08984375 0.03125 0.0484375
3 0.73671875 0.05234375 0.0328125 0.059375
0 0.76796875 0.06796875 0.0265625 0.0375
1 0.134375 0.3046875 0.0234375 0.0453125
1 0.18203125 0.1859375 0.021875 0.046875
1 0.2046875 0.13984375 0.0171875 0.03125
1 0.23359375 0.12890625 0.01875 0.0421875
1 0.23046875 0.09375 0.015625 0.03125
1 0.2640625 0.0796875 0.0171875 0.03125
1 0.2953125 0.05546875 0.0171875 0.03125
1 0.35234375 0.090625 0.025 0.03125
1 0.41875 0.0765625 0.0234375 0.0421875
1 0.453125 0.034375 0.015625 0.03125
1 0.4953125 0.025 0.015625 0.03125
1 0.50625 0.08046875 0.021875 0.0421875
1 0.5390625 0.0328125 0.0171875 0.0328125
1 0.5546875 0.07421875 0.021875 0.0453125
1 0.58203125 0.07734375 0.021875 0.0453125
1 0.57734375 0.03359375 0.01875 0.0359375
1 0.62109375 0.03671875 0.01875 0.0375
1 0.66796875 0.05703125 0.01875 0.0328125
1 0.63515625 0.08515625 0.0234375 0.0359375
1 0.6765625 0.0859375 0.021875 0.040625
1 0.678125 0.1515625 0.0234375 0.040625
1 0.6296875 0.1296875 0.0234375 0.0453125
1 0.59453125 0.140625 0.0265625 0.0453125
1 0.52890625 0.13203125 0.025 0.05
1 0.46953125 0.140625 0.025 0.0546875
1 0.421875 0.134375 0.0265625 0.05
1 0.36953125 0.1625 0.021875 0.0453125
1 0.32265625 0.1578125 0.0234375 0.046875
1 0.2796875 0.18203125 0.0234375 0.040625
1 0.24765625 0.2171875 0.0265625 0.0515625
1 0.2953125 0.2203125 0.025 0.05
1 0.3625 0.2203125 0.028125 0.0609375
1 0.41484375 0.22578125 0.028125 0.0578125
1 0.4796875 0.246875 0.03125 0.0578125
1 0.546875 0.2203125 0.028125 0.05625
1 0.6484375 0.23046875 0.0265625 0.05625
1 0.71171875 0.2421875 0.025 0.0484375
1 0.7734375 0.26171875 0.028125 0.0578125
1 0.79765625 0.37109375 0.0296875 0.0546875
1 0.6046875 0.359375 0.0328125 0.0609375
1 0.46171875 0.29609375 0.0296875 0.0578125
2 0.375 0.28984375 0.0328125 0.0703125
1 0.31953125 0.35625 0.0359375 0.0625
1 0.1984375 0.353125 0.0296875 0.05
1 0.1296875 0.5359375 0.03125 0.059375
1 0.203125 0.49609375 0.03125 0.059375
1 0.26015625 0.53359375 0.0390625 0.065625
1 0.34609375 0.48515625 0.0375 0.075
1 0.425 0.48984375 0.0375 0.0859375
1 0.596875 0.51171875 0.040625 0.08125
1 0.69453125 0.5546875 0.04375 0.078125
2 0.7703125 0.5296875 0.0359375 0.0734375
1 0.83515625 0.55703125 0.0390625 0.0734375
2 0.92109375 0.478125 0.025 0.059375
1 0.88125 0.35078125 0.0265625 0.05
1 0.9203125 0.3640625 0.0203125 0.05
1 0.84609375 0.2609375 0.0234375 0.0484375
1 0.88203125 0.2734375 0.0203125 0.04375
1 0.825 0.1828125 0.021875 0.0421875
1 0.8578125 0.1984375 0.0203125 0.04375
1 0.784375 0.109375 0.0203125 0.0375
1 0.82265625 0.13203125 0.0171875 0.0390625
1 0.803125 0.10859375 0.0203125 0.0328125
1 0.74296875 0.0390625 0.015625 0.034375