3 0.16640625 0.28828125 0.05625 0.096875
3 0.22578125 0.19140625 0.0640625 0.1015625
3 0.19453125 0.18515625 0.0453125 0.0859375
3 0.24609375 0.1234375 0.0453125 0.065625
3 0.2859375 0.115625 0.053125 0.078125
0 0.31171875 0.07109375 0.040625 0.059375
3 0.27265625 0.07734375 0.0359375 0.0578125
0 0.34609375 0.0390625 0.046875 0.053125
0 0.3515625 0.01796875 0.0375 0.0359375
3 0.38203125 0.01640625 0.0390625 0.0328125
0 0.46015625 0.05 0.0546875 0.05
0 0.4140625 0.084375 0.05625 0.0875
3 0.503125 0.0421875 0.0484375 0.0609375
0 0.50078125 0.09921875 0.0546875 0.0625
0 0.5453125 0.0953125 0.0609375 0.075
3 0.5421875 0.04140625 0.046875 0.0640625
3 0.58203125 0.05078125 0.0453125 0.0625
3 0.6203125 0.05703125 0.0515625 0.065625
0 0.58671875 0.11328125 0.0625 0.0703125
3 0.625 0.10859375 0.05 0.08125
3 0.66171875 0.06328125 0.05 0.0640625
0 0.70546875 0.08359375 0.046875 0.0546875
3 0.6671875 0.1015625 0.05625 0.078125
3 0.71484375 0.1234375 0.0578125 0.09375
0 0.7484375 0.20234375 0.06875 0.0921875
3 0.70546875 0.18359375 0.05625 0.0921875
3 0.665625 0.165625 0.059375 0.1078125
3 0.625 0.17109375 0.078125 0.1078125
3 0.56171875 0.1578125 0.059375 0.09375
3 0.50703125 0.1578125 0.071875 0.1015625
3 0.4609375 0.0875 0.0546875 0.0859375
3 0.453125 0.15625 0.06875 0.10625
0 0.40703125 0.1546875 0.0546875 0.075
3 0.36328125 0.16328125 0.0578125 0.09375
3 0.3171875 0.1609375 0.0609375 0.08125
3 0.2765625 0.23046875 0.0765625 0.121875
3 0.33671875 0.215625 0.065625 0.1046875
3 0.3875 0.23203125 0.078125 0.115625
0 0.44921875 0.23671875 0.08125 0.103125
0 0.50703125 0.25390625 0.065625 0.078125
3 0.56875 0.25078125 0.08125 0.1125
3 0.66953125 0.27421875 0.0765625 0.121875
3 0.73359375 0.2890625 0.0703125 0.1078125
3 0.7796875 0.315625 0.075 0.1265625
3 0.79453125 0.4171875 0.078125 0.1390625
0 0.73671875 0.4140625 0.08125 0.1125
0 0.6734375 0.39453125 0.084375 0.134375
0 0.60625 0.37578125 0.0984375 0.1421875
3 0.53515625 0.359375 0.090625 0.165625
3 0.4796875 0.33046875 0.078125 0.128125
3 0.4125 0.31640625 0.1015625 0.159375
0 0.33046875 0.35078125 0.096875 0.1234375
0 0.275 0.33203125 0.0734375 0.1140625
3 0.21875 0.34296875 0.0734375 0.11875
0 0.1421875 0.50390625 0.0828125 0.1140625
0 0.2 0.48125 0.103125 0.1375
0 0.2640625 0.51953125 0.1078125 0.128125
3 0.36328125 0.50234375 0.10625 0.1671875
3 0.42890625 0.5078125 0.103125 0.1625
3 0.59453125 0.5421875 0.121875 0.1625
0 0.67734375 0.56484375 0.103125 0.1546875
3 0.74140625 0.58203125 0.0953125 0.184375
0 0.80859375 0.5921875 0.1015625 0.1640625
3 0.6375 0.7703125 0.1390625 0.1890625
3 0.92734375 0.7765625 0.084375 0.1203125
3 0.90234375 0.55625 0.0890625 0.153125
0 0.8796875 0.40703125 0.0671875 0.1
0 0.91796875 0.4296875 0.0546875 0.1015625
3 0.85078125 0.28984375 0.0640625 0.1
3 0.88984375 0.31484375 0.0515625 0.0734375
3 0.834375 0.23046875 0.05625 0.0796875
3 0.87578125 0.2484375 0.0484375 0.0734375
3 0.8125 0.1625 0.0546875 0.0921875
3 0.85234375 0.17890625 0.0421875 0.0671875
0 0.84140625 0.1421875 0.0328125 0.046875
0 0.79765625 0.121875 0.0359375 0.0484375
3 0.78359375 0.0796875 0.0390625 0.065625
0 0.81171875 0.09765625 0.03125 0.04375
1 0.16015625 0.26796875 0.0265625 0.046875
1 0.19609375 0.16640625 0.025 0.046875
1 0.21875 0.16875 0.028125 0.046875
1 0.24375 0.1109375 0.0203125 0.0359375
1 0.27890625 0.0953125 0.021875 0.0453125
1 0.27421875 0.06796875 0.0171875 0.0328125
1 0.31015625 0.0609375 0.01875 0.0328125
1 0.34375 0.03515625 0.01875 0.03125
2 0.42109375 0.0625 0.025 0.0421875
1 0.5015625 0.03203125 0.01875 0.0328125
1 0.50390625 0.08828125 0.0265625 0.040625
1 0.54296875 0.0265625 0.0203125 0.0328125
1 0.54765625 0.0828125 0.0296875 0.04375
1 0.5875 0.03828125 0.0203125 0.0359375
1 0.6265625 0.04453125 0.0203125 0.0328125
1 0.625 0.09375 0.028125 0.046875
1 0.66953125 0.05234375 0.0234375 0.0421875
1 0.6734375 0.090625 0.025 0.04375
1 0.71796875 0.10625 0.025 0.04375
1 0.7125 0.078125 0.0203125 0.0328125
1 0.7125 0.16328125 0.028125 0.046875
2 0.63515625 0.146875 0.0296875 0.0484375
1 0.56796875 0.1375 0.028125 0.0515625
1 0.5078125 0.13828125 0.0296875 0.053125
1 0.40703125 0.15 0.028125 0.0453125
1 0.3609375 0.13984375 0.028125 0.04375
1 0.321875 0.14921875 0.028125 0.04375
1 0.26875 0.2015625 0.03125 0.0515625
1 0.328125 0.18828125 0.0296875 0.0484375
1 0.39296875 0.2078125 0.034375 0.0625
1 0.44453125 0.21640625 0.034375 0.059375
1 0.50546875 0.24765625 0.034375 0.059375
1 0.57265625 0.22578125 0.0328125 0.0578125
1 0.6765625 0.24296875 0.03125 0.05625
1 0.74609375 0.26484375 0.028125 0.053125
1 0.79609375 0.28828125 0.034375 0.059375
1 0.80859375 0.38828125 0.034375 0.0640625
1 0.61953125 0.3703125 0.040625 0.065625
1 0.54453125 0.315625 0.040625 0.071875
1 0.478125 0.29921875 0.0375 0.059375
2 0.40625 0.2765625 0.0390625 0.0703125
1 0.33359375 0.3375 0.0390625 0.065625
1 0.26796875 0.33046875 0.0328125 0.0546875
1 0.215625 0.321875 0.0328125 0.0546875
1 0.2578125 0.509375 0.046875 0.0734375
1 0.35703125 0.4578125 0.04375 0.075
1 0.415625 0.47265625 0.0515625 0.0859375
1 0.5953125 0.5203125 0.046875 0.0828125
1 0.6890625 0.5734375 0.0515625 0.078125
1 0.76015625 0.534375 0.0390625 0.0734375
1 0.828125 0.58359375 0.0453125 0.0765625
1 0.665625 0.7515625 0.0546875 0.0859375
1 0.92421875 0.5203125 0.0328125 0.0609375
1 0.896875 0.39921875 0.03125 0.053125
1 0.9296875 0.41015625 0.028125 0.0546875
1 0.8640625 0.271875 0.028125 0.0515625
1 0.90390625 0.30546875 0.025 0.0453125
1 0.8515625 0.21796875 0.025 0.04375
1 0.8875 0.2375 0.025 0.0453125
1 0.8234375 0.13984375 0.0234375 0.0421875
1 0.859375 0.16875 0.0203125 0.040625
1 0.8421875 0.1421875 0.0234375 0.0375
1 0.8171875 0.0890625 0.015625 0.0296875
1 0.790625 0.06796875 0.0203125 0.0359375