3 0.1734375 0.2765625 0.0640625 0.1015625
3 0.23671875 0.17421875 0.0625 0.1046875
3 0.20390625 0.17890625 0.046875 0.0828125
3 0.2609375 0.11328125 0.046875 0.0671875
3 0.3015625 0.09921875 0.046875 0.08125
3 0.321875 0.06328125 0.040625 0.0671875
3 0.2875 0.07265625 0.040625 0.0609375
0 0.36171875 0.0359375 0.0484375 0.0515625
0 0.36875 0.01640625 0.040625 0.0328125
0 0.39921875 0.015625 0.0390625 0.03125
0 0.47734375 0.05 0.053125 0.0515625
3 0.42734375 0.07265625 0.0671875 0.0984375
3 0.51875 0.04609375 0.0484375 0.0578125
0 0.509375 0.09765625 0.05625 0.0625
0 0.55625 0.09609375 0.065625 0.075
3 0.55859375 0.04453125 0.05 0.065625
3 0.59765625 0.05390625 0.0484375 0.0625
3 0.6359375 0.06171875 0.0484375 0.0578125
3 0.60390625 0.103125 0.05625 0.078125
0 0.6421875 0.1140625 0.053125 0.075
3 0.67734375 0.0671875 0.053125 0.06875
0 0.71953125 0.08984375 0.0453125 0.0515625
3 0.68671875 0.1171875 0.053125 0.0796875
3 0.72890625 0.1296875 0.0609375 0.0921875
0 0.759375 0.2125 0.0734375 0.1046875
3 0.71640625 0.19140625 0.0578125 0.0921875
3 0.68125 0.1734375 0.0609375 0.1015625
3 0.63515625 0.18515625 0.078125 0.1078125
3 0.5734375 0.1609375 0.0625 0.0953125
3 0.51953125 0.15859375 0.0765625 0.1046875
3 0.471875 0.0828125 0.059375 0.0875
0 0.4671875 0.14921875 0.06875 0.0890625
0 0.42109375 0.15 0.059375 0.0765625
0 0.3734375 0.15703125 0.0625 0.1015625
3 0.33515625 0.14296875 0.0640625 0.0890625
3 0.2890625 0.22265625 0.078125 0.134375
3 0.3390625 0.21953125 0.075 0.109375
3 0.396875 0.22578125 0.0796875 0.115625
0 0.4578125 0.234375 0.0828125 0.1046875
0 0.515625 0.253125 0.0703125 0.08125
3 0.57734375 0.25234375 0.0859375 0.10625
3 0.67734375 0.28125 0.08125 0.1203125
3 0.74140625 0.290625 0.071875 0.103125
0 0.7875 0.3328125 0.08125 0.1234375
3 0.796875 0.4359375 0.0765625 0.115625
0 0.73984375 0.42265625 0.084375 0.1140625
0 0.67578125 0.40078125 0.0890625 0.1390625
0 0.60859375 0.38203125 0.1015625 0.1484375
3 0.53671875 0.3734375 0.1015625 0.1625
3 0.48671875 0.33046875 0.08125 0.128125
3 0.41875 0.31796875 0.1046875 0.15625
3 0.33984375 0.34296875 0.1078125 0.1265625
0 0.28046875 0.32734375 0.071875 0.1140625
3 0.22421875 0.33359375 0.075 0.11875
0 0.1421875 0.48828125 0.0890625 0.1140625
0 0.21875 0.4765625 0.08125 0.14375
3 0.2734375 0.48671875 0.115625 0.2046875
3 0.34609375 0.509375 0.1109375 0.1765625
3 0.43046875 0.5078125 0.109375 0.1578125
3 0.59375 0.54765625 0.125 0.1703125
0 0.67265625 0.58125 0.1125 0.16875
3 0.73828125 0.61328125 0.109375 0.1875
0 0.809375 0.6046875 0.1 0.165625
3 0.62265625 0.75859375 0.1359375 0.1765625
3 0.91953125 0.7875 0.0859375 0.115625
3 0.89296875 0.5828125 0.090625 0.1625
0 0.88125 0.4265625 0.06875 0.1109375
3 0.92421875 0.4359375 0.0625 0.1015625
0 0.86171875 0.32109375 0.0734375 0.0859375
3 0.89921875 0.3359375 0.0484375 0.075
3 0.846875 0.2421875 0.0625 0.0828125
3 0.884375 0.26171875 0.05 0.0734375
3 0.82578125 0.171875 0.0546875 0.0859375
3 0.86328125 0.19140625 0.04375 0.06875
0 0.85078125 0.1578125 0.034375 0.0484375
0 0.8125 0.12578125 0.0390625 0.0609375
3 0.7984375 0.0859375 0.040625 0.0609375
0 0.82734375 0.1109375 0.0296875 0.0390625
1 0.16484375 0.253125 0.0296875 0.0484375
1 0.22890625 0.146875 0.0265625 0.0453125
1 0.2578125 0.1 0.0203125 0.034375
2 0.2875 0.0609375 0.0203125 0.0328125
2 0.31953125 0.05 0.0203125 0.034375
1 0.35859375 0.03203125 0.021875 0.0328125
1 0.371875 0.00625 0.01875 0.0125
1 0.39453125 0.00546875 0.0203125 0.0109375
2 0.43359375 0.04765625 0.025 0.0390625
1 0.47265625 0.07265625 0.0296875 0.046875
1 0.51875 0.0328125 0.0203125 0.0328125
1 0.51796875 0.09296875 0.028125 0.046875
1 0.56015625 0.03125 0.021875 0.0328125
1 0.5640625 0.0859375 0.028125 0.04375
1 0.609375 0.08828125 0.028125 0.046875
1 0.6046875 0.0421875 0.0203125 0.0328125
1 0.6390625 0.04921875 0.021875 0.034375
1 0.6453125 0.1015625 0.0265625 0.04375
1 0.68359375 0.0578125 0.0234375 0.0375
1 0.72734375 0.0890625 0.0234375 0.034375
1 0.73203125 0.1140625 0.0265625 0.0421875
1 0.69375 0.1015625 0.0265625 0.046875
1 0.328125 0.125 0.028125 0.0421875
1 0.37421875 0.13515625 0.0296875 0.0484375
1 0.41875 0.14921875 0.028125 0.046875
1 0.51953125 0.1375 0.03125 0.0484375
1 0.5796875 0.13984375 0.0296875 0.0515625
1 0.69453125 0.15234375 0.0296875 0.046875
1 0.72421875 0.17265625 0.0296875 0.046875
1 0.80390625 0.309375 0.0359375 0.059375
1 0.74375 0.2734375 0.03125 0.05
1 0.6859375 0.24921875 0.0328125 0.0546875
1 0.5828125 0.23984375 0.0359375 0.0578125
1 0.51484375 0.24296875 0.0359375 0.05625
1 0.453125 0.2171875 0.0375 0.0609375
1 0.40078125 0.20546875 0.0359375 0.0640625
1 0.334375 0.19375 0.034375 0.0546875
1 0.2953125 0.18984375 0.034375 0.059375
1 0.22109375 0.3140625 0.0375 0.0578125
1 0.2703125 0.321875 0.0375 0.0609375
1 0.334375 0.31875 0.04375 0.065625
2 0.4125 0.28125 0.040625 0.06875
1 0.48515625 0.30078125 0.034375 0.05625
1 0.5421875 0.33359375 0.040625 0.065625
1 0.62265625 0.375 0.0421875 0.0609375
1 0.81328125 0.4140625 0.0375 0.0578125
1 0.82421875 0.59921875 0.046875 0.0734375
2 0.76328125 0.565625 0.04375 0.078125
1 0.68671875 0.58046875 0.0515625 0.0796875
1 0.59453125 0.52421875 0.053125 0.0859375
1 0.42890625 0.478125 0.0484375 0.0875
1 0.35078125 0.4640625 0.0453125 0.0765625
2 0.28203125 0.43359375 0.0453125 0.0796875
1 0.128125 0.48515625 0.040625 0.0609375
2 0.64765625 0.73203125 0.0546875 0.1
2 0.91953125 0.5359375 0.03125 0.059375
1 0.8984375 0.4046875 0.03125 0.05
1 0.94140625 0.4140625 0.0265625 0.046875
1 0.875 0.31171875 0.0296875 0.0484375
1 0.909375 0.328125 0.025 0.04375
1 0.8625 0.2296875 0.0265625 0.0421875
1 0.8953125 0.25234375 0.0234375 0.04375
1 0.8375 0.1515625 0.025 0.0390625
1 0.87109375 0.18046875 0.0203125 0.0390625
1 0.8546875 0.1546875 0.021875 0.034375
1 0.80625 0.07265625 0.01875 0.0328125
1 0.83125 0.10703125 0.0171875 0.028125
1 0.81796875 0.1140625 0.0203125 0.0328125