3 0.1796875 0.26640625 0.0671875 0.0953125
3 0.246875 0.165625 0.0625 0.1078125
3 0.21953125 0.16015625 0.05 0.0890625
0 0.2703125 0.10703125 0.0390625 0.053125
3 0.29921875 0.10546875 0.0578125 0.0765625
3 0.33828125 0.06171875 0.0453125 0.0609375
3 0.30390625 0.0625 0.0453125 0.059375
0 0.378125 0.03203125 0.053125 0.0546875
0 0.3875 0.0125 0.040625 0.025
3 0.41875 0.01640625 0.04375 0.0328125
0 0.4921875 0.05 0.0546875 0.053125
3 0.44140625 0.0921875 0.0625 0.0796875
3 0.53515625 0.04453125 0.0515625 0.0609375
0 0.5203125 0.0984375 0.0578125 0.0640625
0 0.5703125 0.0984375 0.0671875 0.0765625
3 0.57421875 0.04609375 0.0515625 0.0671875
3 0.61328125 0.0578125 0.05 0.0640625
3 0.6515625 0.065625 0.0515625 0.0625
3 0.61953125 0.1078125 0.0609375 0.0828125
0 0.6640625 0.12109375 0.0546875 0.071875
3 0.69140625 0.0734375 0.0515625 0.06875
0 0.734375 0.09765625 0.05 0.0546875
3 0.69921875 0.12421875 0.05625 0.0796875
3 0.740625 0.13828125 0.0640625 0.090625
0 0.7703125 0.23203125 0.0703125 0.0859375
3 0.72890625 0.2046875 0.0609375 0.0890625
3 0.690625 0.1890625 0.0671875 0.1078125
3 0.64375 0.18515625 0.0765625 0.1046875
3 0.58515625 0.16328125 0.0640625 0.096875
3 0.5296875 0.15859375 0.0796875 0.1046875
3 0.4890625 0.08359375 0.0625 0.0890625
3 0.4796875 0.1484375 0.071875 0.0921875
0 0.43046875 0.14765625 0.0625 0.078125
3 0.38359375 0.14609375 0.0609375 0.0890625
0 0.34296875 0.1453125 0.059375 0.0796875
3 0.29609375 0.2203125 0.08125 0.1296875
3 0.3484375 0.2140625 0.0765625 0.1140625
3 0.40703125 0.22109375 0.0828125 0.115625
0 0.46640625 0.234375 0.0859375 0.1078125
0 0.52265625 0.25390625 0.0734375 0.0828125
3 0.58671875 0.25546875 0.09375 0.1109375
3 0.684375 0.28671875 0.084375 0.1234375
3 0.74453125 0.30703125 0.078125 0.1078125
3 0.79375 0.33671875 0.0859375 0.1296875
3 0.7984375 0.44609375 0.0796875 0.1171875
0 0.7421875 0.43046875 0.0875 0.115625
0 0.6796875 0.40703125 0.09375 0.1375
0 0.61953125 0.346875 0.1203125 0.171875
3 0.540625 0.3671875 0.10625 0.1578125
3 0.49375 0.31796875 0.0890625 0.153125
3 0.428125 0.31015625 0.1140625 0.1734375
0 0.34609375 0.3359375 0.10625 0.121875
0 0.2875 0.3171875 0.075 0.109375
3 0.23046875 0.325 0.0828125 0.121875
0 0.14609375 0.478125 0.0859375 0.1015625
3 0.21484375 0.46015625 0.084375 0.1296875
0 0.26484375 0.50859375 0.103125 0.1328125
3 0.365625 0.4921875 0.109375 0.16875
3 0.42578125 0.5078125 0.109375 0.1578125
3 0.59140625 0.5484375 0.1328125 0.1703125
0 0.671875 0.57734375 0.1140625 0.159375
3 0.73984375 0.58515625 0.0953125 0.1359375
0 0.80390625 0.6140625 0.1078125 0.16875
3 0.6125 0.7953125 0.1484375 0.2125
3 0.909375 0.8015625 0.0890625 0.1234375
3 0.89453125 0.5640625 0.0828125 0.140625
0 0.88359375 0.43984375 0.071875 0.1125
0 0.921875 0.4625 0.0609375 0.1046875
3 0.8703125 0.334375 0.075 0.1
3 0.90390625 0.346875 0.05 0.075
3 0.85390625 0.25390625 0.0625 0.0765625
3 0.8921875 0.27421875 0.0515625 0.075
3 0.83984375 0.17890625 0.05625 0.0875
3 0.875 0.203125 0.0484375 0.0703125
0 0.8625 0.17109375 0.034375 0.0484375
0 0.825 0.1375 0.040625 0.0609375
3 0.8125 0.0984375 0.0453125 0.06875
1 0.16953125 0.2515625 0.0328125 0.0515625
2 0.22265625 0.140625 0.028125 0.046875
1 0.24140625 0.1390625 0.028125 0.0453125
1 0.3 0.09453125 0.025 0.046875
2 0.30234375 0.0546875 0.021875 0.034375
1 0.33515625 0.05 0.021875 0.034375
1 0.37578125 0.0265625 0.021875 0.0328125
1 0.2671875 0.10390625 0.0203125 0.0328125
1 0.4515625 0.075 0.0265625 0.0421875
1 0.490625 0.06875 0.0296875 0.0453125
1 0.534375 0.034375 0.021875 0.0328125
1 0.57734375 0.03125 0.021875 0.0328125
1 0.57890625 0.0890625 0.0296875 0.0421875
1 0.61796875 0.046875 0.0234375 0.0359375
1 0.62421875 0.09140625 0.028125 0.046875
1 0.65703125 0.05625 0.021875 0.0375
1 0.69921875 0.0625 0.0234375 0.0375
1 0.7015625 0.1078125 0.0296875 0.046875
1 0.73984375 0.09375 0.025 0.034375
1 0.746875 0.1203125 0.028125 0.046875
1 0.7828125 0.22265625 0.0296875 0.046875
1 0.69296875 0.1640625 0.03125 0.0546875
1 0.59296875 0.14296875 0.03125 0.0515625
1 0.534375 0.13671875 0.0328125 0.0484375
1 0.48671875 0.13125 0.0328125 0.0515625
1 0.43125 0.14375 0.0296875 0.0453125
1 0.34453125 0.134375 0.0296875 0.04375
1 0.30078125 0.18671875 0.034375 0.0546875
1 0.34765625 0.1890625 0.034375 0.0578125
1 0.41328125 0.19921875 0.0375 0.0640625
1 0.46328125 0.2140625 0.0359375 0.059375
1 0.52421875 0.246875 0.0375 0.0609375
1 0.596875 0.234375 0.0359375 0.0578125
1 0.69375 0.25703125 0.0328125 0.053125
1 0.7578125 0.29296875 0.0359375 0.053125
1 0.8109375 0.3078125 0.0375 0.059375
1 0.8171875 0.42578125 0.0375 0.05625
2 0.63984375 0.30625 0.04375 0.0703125
1 0.5 0.27890625 0.0390625 0.0609375
2 0.434375 0.265625 0.04375 0.0734375
1 0.34765625 0.3171875 0.0421875 0.0671875
1 0.28359375 0.3125 0.0375 0.0546875
1 0.22890625 0.303125 0.0359375 0.053125
1 0.125 0.48046875 0.0390625 0.0640625
1 0.20390625 0.43828125 0.0421875 0.06875
1 0.2671875 0.49375 0.046875 0.0671875
1 0.3671875 0.44921875 0.046875 0.0765625
1 0.41484375 0.4734375 0.0515625 0.0875
1 0.59609375 0.528125 0.05 0.078125
1 0.684375 0.58359375 0.053125 0.0765625
2 0.64375 0.753125 0.05625 0.0921875
1 0.7609375 0.57890625 0.04375 0.06875
1 0.8203125 0.60625 0.0484375 0.0734375
2 0.9171875 0.53828125 0.034375 0.065625
1 0.90078125 0.41953125 0.0328125 0.05
1 0.9375 0.43984375 0.0296875 0.053125
1 0.88359375 0.31171875 0.03125 0.05
1 0.91328125 0.3375 0.028125 0.046875
1 0.903125 0.26171875 0.025 0.040625
1 0.8703125 0.24296875 0.0296875 0.0453125
2 0.8796875 0.19140625 0.0234375 0.0390625
1 0.84453125 0.16171875 0.028125 0.04375
3 0.8578125 0.14375 0.0578125 0.078125
2 0.865625 0.12890625 0.021875 0.0375
1 0.825 0.08125 0.0203125 0.03125