3 0.140625 0.33125 0.05 0.0890625
3 0.1890625 0.2203125 0.046875 0.1
3 0.16015625 0.22109375 0.0328125 0.0859375
3 0.2 0.15546875 0.0328125 0.0609375
0 0.234375 0.1578125 0.04375 0.0484375
3 0.25859375 0.10078125 0.0359375 0.0578125
3 0.225 0.1078125 0.034375 0.0546875
0 0.28984375 0.06171875 0.0421875 0.046875
0 0.29453125 0.03359375 0.0328125 0.05
3 0.32265625 0.02734375 0.0328125 0.0546875
0 0.4078125 0.0609375 0.046875 0.046875
3 0.36328125 0.1 0.05 0.078125
3 0.44765625 0.0484375 0.0421875 0.0515625
0 0.4453125 0.09921875 0.05 0.0625
0 0.4921875 0.0921875 0.05625 0.0671875
3 0.48671875 0.03984375 0.0421875 0.0609375
3 0.5265625 0.04453125 0.0390625 0.0578125
0 0.565625 0.0453125 0.0421875 0.05625
3 0.540625 0.0921875 0.046875 0.075
3 0.5796875 0.09609375 0.0453125 0.0796875
3 0.60703125 0.0453125 0.0453125 0.059375
0 0.65390625 0.0609375 0.0390625 0.0515625
3 0.62421875 0.0859375 0.040625 0.0640625
3 0.66796875 0.1 0.046875 0.0890625
0 0.7140625 0.1859375 0.05625 0.0765625
3 0.66796875 0.1609375 0.04375 0.0828125
3 0.63203125 0.1484375 0.040625 0.103125
3 0.5875 0.15859375 0.065625 0.090625
3 0.51875 0.1546875 0.0484375 0.0890625
3 0.46484375 0.15703125 0.0640625 0.096875
3 0.4078125 0.09453125 0.046875 0.08125
3 0.4125 0.153125 0.0578125 0.090625
0 0.3671875 0.16875 0.05 0.071875
0 0.32109375 0.175 0.0515625 0.1046875
0 0.2796875 0.175 0.0515625 0.0875
3 0.246875 0.26484375 0.059375 0.13125
3 0.296875 0.2484375 0.0609375 0.1015625
3 0.35546875 0.2453125 0.0640625 0.1078125
0 0.41640625 0.24609375 0.0703125 0.096875
0 0.4765625 0.25390625 0.0609375 0.0734375
3 0.53984375 0.24453125 0.0765625 0.103125
3 0.640625 0.25625 0.065625 0.1125
3 0.703125 0.26015625 0.0578125 0.0921875
3 0.7578125 0.28671875 0.0640625 0.121875
3 0.7828125 0.390625 0.0609375 0.109375
0 0.72421875 0.3859375 0.0703125 0.1046875
0 0.65859375 0.37421875 0.0703125 0.128125
0 0.58984375 0.3640625 0.08125 0.1359375
3 0.5140625 0.35703125 0.084375 0.1515625
3 0.46015625 0.325 0.065625 0.1421875
3 0.38984375 0.3390625 0.084375 0.1375
0 0.3171875 0.36796875 0.0890625 0.109375
0 0.25625 0.3625 0.0578125 0.1015625
3 0.2015625 0.37734375 0.0625 0.1078125
0 0.1484375 0.54765625 0.0671875 0.1078125
3 0.21171875 0.52109375 0.0703125 0.134375
3 0.2734375 0.54140625 0.0796875 0.159375
3 0.34921875 0.53203125 0.0875 0.171875
3 0.43125 0.51953125 0.0875 0.146875
3 0.6 0.53203125 0.1046875 0.1546875
0 0.6859375 0.55 0.090625 0.159375
3 0.75703125 0.565625 0.0796875 0.171875
0 0.821875 0.5546875 0.0765625 0.1578125
3 0.6625 0.7515625 0.1140625 0.1734375
3 0.959375 0.71875 0.0703125 0.10625
3 0.9015625 0.51953125 0.06875 0.15625
0 0.86484375 0.36796875 0.053125 0.10625
0 0.90625 0.3703125 0.046875 0.109375
0 0.82890625 0.26640625 0.0640625 0.0765625
3 0.86796875 0.2734375 0.0375 0.0703125
3 0.8078125 0.1890625 0.046875 0.06875
3 0.8421875 0.2046875 0.040625 0.06875
3 0.7703125 0.12734375 0.0421875 0.0796875
3 0.81015625 0.1390625 0.034375 0.0640625
0 0.79296875 0.1078125 0.0265625 0.0453125
0 0.7515625 0.0828125 0.03125 0.0578125
3 0.72890625 0.04609375 0.0328125 0.0625
0 0.76171875 0.0640625 0.025 0.0375
1 0.13125 0.31640625 0.0234375 0.0453125
1 0.159375 0.2046875 0.01875 0.040625
1 0.1765625 0.19375 0.0203125 0.040625
1 0.19921875 0.14375 0.015625 0.03125
1 0.225 0.1546875 0.0171875 0.040625
2 0.221875 0.1 0.015625 0.03125
1 0.2515625 0.0890625 0.015625 0.03125
1 0.2875 0.05859375 0.0171875 0.03125
1 0.29375 0.0234375 0.015625 0.03125
1 0.32109375 0.0125 0.0140625 0.025
1 0.36171875 0.0765625 0.01875 0.0375
1 0.40703125 0.08046875 0.021875 0.0390625
1 0.44921875 0.09140625 0.021875 0.0390625
1 0.49921875 0.08125 0.0203125 0.0390625
1 0.48671875 0.025 0.015625 0.03125
1 0.54375 0.075 0.0203125 0.0453125
1 0.5328125 0.03203125 0.0171875 0.0328125
1 0.565625 0.03984375 0.0171875 0.03125
1 0.6125 0.034375 0.01875 0.0359375
1 0.66015625 0.05625 0.01875 0.03125
1 0.6703125 0.0796875 0.021875 0.04375
1 0.63046875 0.07734375 0.0203125 0.04375
1 0.578125 0.07890625 0.021875 0.040625
1 0.28046875 0.1578125 0.021875 0.0421875
1 0.31328125 0.1484375 0.0234375 0.0453125
1 0.36484375 0.16640625 0.021875 0.04375
1 0.4625 0.1359375 0.021875 0.04375
1 0.521875 0.13203125 0.0234375 0.05
1 0.6359375 0.12265625 0.0234375 0.046875
1 0.725 0.1765625 0.0234375 0.04375
1 0.7703125 0.25703125 0.028125 0.0578125
1 0.70390625 0.2375 0.0265625 0.05
1 0.64296875 0.22265625 0.025 0.0546875
1 0.54375 0.2203125 0.0296875 0.0546875
1 0.475 0.2453125 0.0296875 0.05625
1 0.41015625 0.22734375 0.028125 0.0578125
1 0.35625 0.22421875 0.0265625 0.0609375
1 0.290625 0.22421875 0.0265625 0.0515625
1 0.24375 0.23125 0.025 0.0515625
1 0.19609375 0.36015625 0.0296875 0.0546875
1 0.24921875 0.359375 0.0296875 0.0546875
1 0.31171875 0.3484375 0.03125 0.0625
2 0.4546875 0.28671875 0.0296875 0.0625
1 0.6015625 0.35625 0.034375 0.0609375
1 0.79609375 0.36640625 0.0296875 0.05625
1 0.8359375 0.5453125 0.0359375 0.0703125
2 0.76953125 0.515625 0.0328125 0.071875
1 0.7015625 0.54140625 0.04375 0.0828125
1 0.60078125 0.509375 0.040625 0.078125
1 0.425 0.49140625 0.0359375 0.084375
1 0.34609375 0.4875 0.0359375 0.071875
1 0.275 0.50859375 0.0328125 0.065625
1 0.6890625 0.721875 0.04375 0.0859375
2 0.9203125 0.47109375 0.025 0.0609375
1 0.878125 0.34453125 0.0234375 0.05
1 0.91796875 0.34375 0.0203125 0.05
1 0.83984375 0.2546875 0.021875 0.0453125
1 0.87734375 0.26640625 0.01875 0.04375
1 0.81953125 0.1765625 0.01875 0.0421875
1 0.8515625 0.19296875 0.01875 0.0421875
1 0.77890625 0.1046875 0.01875 0.0375
1 0.81640625 0.1265625 0.015625 0.0375
1 0.765625 0.0609375 0.0140625 0.0265625
1 0.73515625 0.03125 0.015625 0.03125