3 0.04140625 0.54140625 0.0828125 0.1609375
3 0.19453125 0.2046875 0.0625 0.1015625
0 0.22578125 0.1734375 0.046875 0.059375
3 0.246875 0.109375 0.040625 0.0578125
3 0.3125 0.06015625 0.0421875 0.059375
0 0.340625 0.08828125 0.0515625 0.0609375
3 0.36875 0.05078125 0.0421875 0.059375
3 0.40546875 0.0484375 0.0421875 0.059375
0 0.38125 0.090625 0.0453125 0.0625
3 0.4265625 0.09375 0.0484375 0.0578125
0 0.440625 0.053125 0.0453125 0.05625
0 0.4828125 0.053125 0.0375 0.05
3 0.51328125 0.07890625 0.0484375 0.0859375
3 0.5578125 0.06015625 0.0453125 0.065625
0 0.55234375 0.1078125 0.05 0.065625
0 0.61796875 0.0796875 0.0390625 0.053125
0 0.5921875 0.115625 0.046875 0.0703125
3 0.63125 0.11953125 0.0453125 0.0703125
3 0.66171875 0.084375 0.0421875 0.0703125
0 0.6703125 0.1265625 0.05 0.06875
0 0.71328125 0.15390625 0.05 0.0546875
0 0.7015625 0.11328125 0.0421875 0.05
3 0.6921875 0.19765625 0.053125 0.075
0 0.6515625 0.18828125 0.0515625 0.0671875
3 0.60546875 0.16640625 0.0578125 0.0796875
3 0.5546875 0.15546875 0.059375 0.09375
0 0.47890625 0.15 0.0609375 0.0765625
0 0.4265625 0.14453125 0.04375 0.059375
3 0.390625 0.140625 0.0515625 0.0765625
3 0.346875 0.13671875 0.05 0.08125
0 0.28984375 0.20859375 0.059375 0.075
3 0.34765625 0.203125 0.06875 0.090625
3 0.43359375 0.184375 0.0578125 0.1046875
0 0.48984375 0.2125 0.06875 0.090625
3 0.5421875 0.23125 0.0625 0.1
3 0.59921875 0.23125 0.0546875 0.090625
3 0.63671875 0.24296875 0.059375 0.10625
0 0.74140625 0.396875 0.0671875 0.0921875
3 0.70078125 0.35 0.0578125 0.10625
0 0.6515625 0.34921875 0.0703125 0.0953125
3 0.59140625 0.32890625 0.0734375 0.103125
0 0.52109375 0.34765625 0.0734375 0.1078125
3 0.46328125 0.31328125 0.08125 0.11875
3 0.40625 0.29375 0.0765625 0.1578125
0 0.3421875 0.30703125 0.0796875 0.1234375
3 0.2953125 0.2765625 0.0765625 0.1578125
0 0.23984375 0.29765625 0.0734375 0.121875
3 0.49453125 0.4140625 0.090625 0.1484375
3 0.57421875 0.4640625 0.096875 0.1671875
3 0.6453125 0.46484375 0.0953125 0.1703125
3 0.70546875 0.4703125 0.0765625 0.16875
3 0.76015625 0.4984375 0.0859375 0.15625
0 0.76875 0.678125 0.0828125 0.1546875
3 0.5640625 0.590625 0.0859375 0.1484375
3 0.46875 0.57578125 0.0828125 0.1625
3 0.3921875 0.5625 0.09375 0.165625
3 0.3140625 0.54296875 0.1 0.196875
3 0.24609375 0.52578125 0.0984375 0.1984375
3 0.9125 0.85859375 0.0953125 0.128125
3 0.884375 0.6546875 0.0875 0.1390625
3 0.93125 0.6703125 0.0625 0.1265625
3 0.84296875 0.44765625 0.0609375 0.109375
3 0.8859375 0.44375 0.0640625 0.1
3 0.81953125 0.35078125 0.0640625 0.0875
0 0.8609375 0.378125 0.053125 0.0734375
0 0.80546875 0.28046875 0.0515625 0.075
3 0.840625 0.2953125 0.0453125 0.078125
0 0.79375 0.22265625 0.046875 0.059375
3 0.81875 0.2359375 0.0328125 0.059375
3 0.7953125 0.1765625 0.040625 0.05625
3 0.778125 0.13984375 0.0390625 0.0546875
0 0.73515625 0.0984375 0.03125 0.046875
3 0.75859375 0.10859375 0.034375 0.05
1 0.0203125 0.4984375 0.0328125 0.0578125
1 0.18984375 0.1796875 0.0234375 0.0484375
1 0.2171875 0.16640625 0.0203125 0.040625
1 0.24296875 0.096875 0.0171875 0.0328125
1 0.31015625 0.04921875 0.01875 0.0328125
1 0.36875 0.04140625 0.01875 0.0328125
1 0.34140625 0.0765625 0.01875 0.0328125
1 0.37890625 0.08671875 0.0234375 0.0375
1 0.41171875 0.03671875 0.01875 0.0328125
1 0.43203125 0.08203125 0.021875 0.0390625
1 0.44296875 0.04375 0.0203125 0.034375
1 0.47734375 0.05 0.021875 0.0359375
2 0.51640625 0.05703125 0.0203125 0.0375
1 0.5609375 0.046875 0.01875 0.0359375
1 0.56328125 0.09609375 0.021875 0.0359375
1 0.59765625 0.10703125 0.0203125 0.0328125
3 0.6046875 0.040625 0.034375 0.053125
2 0.60546875 0.03046875 0.015625 0.028125
1 0.63515625 0.10390625 0.01875 0.0328125
1 0.62578125 0.0734375 0.01875 0.0328125
0 0.63984375 0.0640625 0.034375 0.0484375
1 0.64140625 0.0578125 0.0171875 0.03125
2 0.67109375 0.06875 0.0171875 0.0328125
1 0.6765625 0.11328125 0.0203125 0.0375
1 0.7171875 0.146875 0.0203125 0.034375
1 0.70703125 0.10390625 0.01875 0.03125
1 0.69765625 0.1859375 0.0234375 0.040625
1 0.653125 0.17890625 0.0203125 0.034375
1 0.61640625 0.1546875 0.025 0.0453125
1 0.56640625 0.1359375 0.025 0.0453125
1 0.4796875 0.13828125 0.0234375 0.046875
1 0.390625 0.1265625 0.025 0.04375
1 0.33984375 0.11875 0.0234375 0.040625
1 0.2859375 0.2015625 0.0265625 0.046875
1 0.34765625 0.184375 0.028125 0.05
2 0.434375 0.15703125 0.025 0.046875
1 0.48359375 0.20234375 0.028125 0.0484375
1 0.55390625 0.21015625 0.0265625 0.05
1 0.6078125 0.21484375 0.028125 0.0515625
1 0.64140625 0.21484375 0.0265625 0.046875
1 0.75 0.3875 0.028125 0.0484375
1 0.7109375 0.33125 0.0265625 0.0515625
1 0.66484375 0.334375 0.028125 0.0515625
1 0.60625 0.3109375 0.028125 0.0484375
1 0.51796875 0.3359375 0.034375 0.059375
1 0.46796875 0.2890625 0.0359375 0.0625
2 0.409375 0.25234375 0.03125 0.0609375
1 0.3453125 0.27890625 0.0328125 0.059375
1 0.2984375 0.2296875 0.03125 0.059375
1 0.23515625 0.278125 0.03125 0.05
2 0.5 0.38671875 0.0390625 0.0734375
1 0.590625 0.42421875 0.040625 0.075
1 0.65 0.42421875 0.0421875 0.0765625
2 0.77421875 0.45859375 0.03125 0.065625
2 0.77890625 0.64609375 0.0421875 0.084375
1 0.57578125 0.55390625 0.0359375 0.0671875
1 0.4734375 0.534375 0.0390625 0.0734375
1 0.390625 0.5171875 0.0390625 0.075
1 0.31171875 0.49375 0.040625 0.0828125
1 0.24921875 0.46796875 0.0375 0.071875
1 0.940625 0.846875 0.034375 0.0625
1 0.94765625 0.63671875 0.028125 0.0546875
1 0.90390625 0.425 0.025 0.0515625
1 0.85625 0.42421875 0.025 0.0484375
1 0.83515625 0.3359375 0.0265625 0.053125
1 0.86171875 0.37421875 0.028125 0.04375
1 0.85 0.28203125 0.021875 0.040625
1 0.81484375 0.2703125 0.021875 0.0390625
1 0.8234375 0.22890625 0.0203125 0.0375
1 0.803125 0.215625 0.021875 0.0359375
1 0.8015625 0.1703125 0.01875 0.0328125
1 0.78515625 0.1328125 0.01875 0.0328125
1 0.76171875 0.096875 0.0171875 0.028125
1 0.7390625 0.09140625 0.015625 0.028125