3 0.0390625 0.5609375 0.078125 0.159375
3 0.1828125 0.2140625 0.0578125 0.1046875
0 0.2140625 0.1828125 0.04375 0.0578125
3 0.2359375 0.11875 0.0375 0.06875
3 0.296875 0.06875 0.0421875 0.0578125
0 0.32578125 0.0953125 0.05 0.059375
3 0.353125 0.05703125 0.040625 0.0578125
3 0.3890625 0.05234375 0.0421875 0.059375
0 0.36640625 0.09296875 0.0421875 0.053125
3 0.4109375 0.09453125 0.046875 0.059375
0 0.42578125 0.05546875 0.046875 0.0578125
3 0.4671875 0.046875 0.0390625 0.0625
3 0.4984375 0.08046875 0.0421875 0.0828125
3 0.54375 0.0609375 0.046875 0.0625
0 0.5390625 0.10546875 0.0484375 0.0640625
0 0.60546875 0.07890625 0.040625 0.0515625
0 0.578125 0.1140625 0.0453125 0.071875
3 0.6171875 0.11484375 0.0453125 0.06875
3 0.64765625 0.0796875 0.040625 0.0671875
0 0.65625 0.13125 0.05 0.0609375
0 0.70078125 0.146875 0.0484375 0.053125
0 0.68671875 0.10625 0.0421875 0.05
3 0.68046875 0.19296875 0.05 0.0734375
0 0.64140625 0.18515625 0.0484375 0.0625
3 0.59296875 0.16640625 0.0578125 0.0984375
3 0.54375 0.15390625 0.05625 0.090625
0 0.46796875 0.1515625 0.0578125 0.075
0 0.41484375 0.1484375 0.0421875 0.05625
3 0.37890625 0.14453125 0.0484375 0.075
3 0.334375 0.14296875 0.0484375 0.0796875
3 0.29375 0.1890625 0.0609375 0.1203125
3 0.33671875 0.21015625 0.065625 0.0921875
3 0.42265625 0.1875 0.0546875 0.1015625
0 0.4796875 0.21171875 0.0671875 0.0890625
3 0.53203125 0.2296875 0.0609375 0.096875
3 0.58984375 0.23046875 0.0515625 0.0953125
3 0.63203125 0.23359375 0.05625 0.109375
0 0.73984375 0.3875 0.0625 0.090625
3 0.6953125 0.34765625 0.053125 0.1125
0 0.64453125 0.34375 0.065625 0.090625
3 0.584375 0.32890625 0.06875 0.10625
0 0.51640625 0.346875 0.06875 0.10625
3 0.45625 0.31640625 0.078125 0.11875
3 0.39921875 0.29765625 0.06875 0.1578125
0 0.33515625 0.31640625 0.0765625 0.1046875
3 0.28828125 0.296875 0.071875 0.159375
0 0.234375 0.30703125 0.0734375 0.1234375
3 0.4921875 0.41953125 0.084375 0.1421875
3 0.57265625 0.459375 0.090625 0.1609375
3 0.640625 0.434375 0.0828125 0.1546875
3 0.70078125 0.46015625 0.0796875 0.1734375
3 0.76015625 0.4875 0.08125 0.1515625
0 0.76796875 0.67421875 0.075 0.1234375
3 0.56640625 0.58984375 0.08125 0.146875
3 0.475 0.58203125 0.0828125 0.1609375
3 0.3953125 0.5609375 0.090625 0.175
3 0.31640625 0.5484375 0.0921875 0.19375
3 0.2484375 0.54609375 0.0859375 0.18125
3 0.92578125 0.8421875 0.0875 0.1265625
3 0.88984375 0.63984375 0.0796875 0.134375
3 0.9359375 0.653125 0.05625 0.1234375
3 0.84140625 0.43671875 0.059375 0.109375
3 0.8796875 0.42578125 0.053125 0.1015625
0 0.81796875 0.34765625 0.0625 0.0875
0 0.85625 0.3546875 0.040625 0.0734375
0 0.7984375 0.271875 0.0484375 0.071875
3 0.834375 0.284375 0.04375 0.078125
0 0.7859375 0.209375 0.0453125 0.0609375
1 0.81484375 0.21796875 0.01875 0.0359375
3 0.78359375 0.1671875 0.0375 0.053125
3 0.76484375 0.13359375 0.0328125 0.0484375
0 0.72109375 0.0921875 0.0296875 0.05
3 0.74375 0.09921875 0.0328125 0.05
1 0.0203125 0.51953125 0.0328125 0.0578125
1 0.18125 0.18671875 0.021875 0.046875
1 0.20546875 0.17734375 0.0203125 0.0359375
1 0.2328125 0.10546875 0.0171875 0.0359375
1 0.29375 0.05703125 0.0171875 0.0328125
1 0.3265625 0.0828125 0.01875 0.0328125
1 0.35390625 0.04609375 0.01875 0.0328125
1 0.39375 0.04375 0.0171875 0.034375
1 0.41796875 0.084375 0.0203125 0.0359375
1 0.4265625 0.04609375 0.0171875 0.03125
2 0.46796875 0.034375 0.01875 0.0328125
2 0.5 0.0578125 0.01875 0.0375
1 0.5484375 0.0953125 0.0203125 0.0328125
1 0.54921875 0.046875 0.01875 0.0328125
1 0.58515625 0.1046875 0.0203125 0.034375
1 0.6109375 0.0703125 0.01875 0.03125
3 0.5890625 0.0390625 0.0328125 0.0484375
1 0.5890625 0.03046875 0.0140625 0.0296875
0 0.6234375 0.05703125 0.0359375 0.046875
1 0.625 0.05234375 0.0171875 0.0296875
2 0.6546875 0.06328125 0.01875 0.0328125
1 0.69296875 0.09765625 0.0171875 0.0296875
1 0.70625 0.14140625 0.0203125 0.0328125
1 0.66015625 0.121875 0.0203125 0.034375
1 0.62109375 0.10078125 0.0171875 0.0328125
1 0.55390625 0.134375 0.0265625 0.0453125
1 0.3265625 0.125 0.0234375 0.0390625
1 0.378125 0.13125 0.021875 0.0421875
1 0.46796875 0.1390625 0.0203125 0.0421875
2 0.60078125 0.1421875 0.0203125 0.040625
1 0.64140625 0.17421875 0.0203125 0.0328125
1 0.6875 0.178125 0.0203125 0.0375
2 0.63984375 0.20546875 0.0265625 0.0484375
1 0.596875 0.21015625 0.025 0.0484375
1 0.54375 0.20703125 0.025 0.046875
1 0.47421875 0.20390625 0.028125 0.046875
2 0.42109375 0.1609375 0.025 0.046875
1 0.33671875 0.190625 0.025 0.0453125
1 0.325 0.23984375 0.021875 0.0265625
1 0.30078125 0.15625 0.025 0.0484375
1 0.228125 0.2890625 0.0296875 0.0515625
2 0.29375 0.24921875 0.028125 0.0625
1 0.33359375 0.29765625 0.03125 0.0578125
1 0.40078125 0.2546875 0.03125 0.0640625
1 0.4625 0.2921875 0.034375 0.0609375
1 0.51171875 0.33515625 0.0328125 0.0625
1 0.59921875 0.3046875 0.0265625 0.05
1 0.659375 0.32890625 0.028125 0.0515625
1 0.70703125 0.325 0.025 0.0515625
1 0.74609375 0.3796875 0.0265625 0.0484375
2 0.771875 0.44765625 0.03125 0.0671875
2 0.71484375 0.41484375 0.034375 0.071875
1 0.65625 0.39375 0.034375 0.0640625
1 0.5890625 0.42109375 0.0375 0.071875
1 0.4921875 0.38984375 0.034375 0.071875
1 0.2421875 0.4921875 0.0328125 0.06875
1 0.31171875 0.5015625 0.0359375 0.078125
1 0.39609375 0.51171875 0.0359375 0.0734375
1 0.48671875 0.5453125 0.034375 0.078125
1 0.578125 0.553125 0.0328125 0.065625
1 0.76875 0.6625 0.0390625 0.071875
1 0.95078125 0.834375 0.0328125 0.0625
1 0.95234375 0.621875 0.0234375 0.0546875
1 0.915625 0.6078125 0.025 0.05625
1 0.85390625 0.41171875 0.0234375 0.0484375
1 0.89609375 0.4015625 0.021875 0.046875
1 0.85625 0.3421875 0.0234375 0.04375
1 0.8359375 0.334375 0.0265625 0.05
1 0.8421875 0.2703125 0.0203125 0.040625
1 0.80703125 0.2609375 0.021875 0.0375
1 0.79375 0.20234375 0.0203125 0.034375
1 0.78984375 0.16015625 0.01875 0.034375
1 0.771875 0.12578125 0.015625 0.0296875
1 0.746875 0.0890625 0.015625 0.0265625
1 0.725 0.08359375 0.0140625 0.028125