3 0.04453125 0.60390625 0.07265625 0.14921875
3 0.15703125 0.25390625 0.04375 0.11328125
0 0.18828125 0.209375 0.03984375 0.05546875
3 0.2 0.14296875 0.03515625 0.0546875
3 0.26015625 0.08671875 0.03515625 0.05625
0 0.29140625 0.11171875 0.04609375 0.05625
3 0.31484375 0.0703125 0.0359375 0.0515625
3 0.35078125 0.06796875 0.03515625 0.05390625
3 0.334375 0.1015625 0.04296875 0.05
3 0.3765625 0.10390625 0.04296875 0.053125
0 0.3875 0.0640625 0.03671875 0.0515625
3 0.4296875 0.05625 0.03203125 0.053125
3 0.46171875 0.08203125 0.03828125 0.08125
3 0.50703125 0.05859375 0.040625 0.06171875
0 0.50703125 0.10546875 0.04921875 0.05625
0 0.565625 0.06875 0.03515625 0.04609375
0 0.54375 0.10625 0.0390625 0.065625
3 0.58203125 0.10625 0.03984375 0.065625
3 0.60859375 0.065625 0.0328125 0.06484375
0 0.62265625 0.1171875 0.04921875 0.05859375
3 0.66328125 0.11640625 0.034375 0.06640625
0 0.6484375 0.090625 0.03125 0.04140625
3 0.65390625 0.17890625 0.04453125 0.07421875
0 0.61328125 0.171875 0.04296875 0.0609375
3 0.56484375 0.15546875 0.04921875 0.078125
0 0.51171875 0.1609375 0.0515625 0.05859375
0 0.4375 0.15546875 0.05234375 0.06640625
3 0.38671875 0.1546875 0.0390625 0.05703125
3 0.3484375 0.15625 0.04296875 0.07109375
3 0.3046875 0.159375 0.03828125 0.08125
0 0.25703125 0.2359375 0.05234375 0.06640625
3 0.3125 0.225 0.0578125 0.08125
3 0.39375 0.19921875 0.0453125 0.10546875
0 0.4546875 0.215625 0.059375 0.08359375
3 0.509375 0.22890625 0.05234375 0.0953125
3 0.565625 0.2234375 0.04453125 0.08359375
3 0.6046875 0.2140625 0.04921875 0.1140625
0 0.72734375 0.36796875 0.0578125 0.0859375
3 0.68046875 0.32890625 0.0453125 0.1015625
0 0.63125 0.3328125 0.06328125 0.08828125
3 0.56953125 0.3234375 0.06171875 0.09453125
0 0.503125 0.34453125 0.0609375 0.10078125
3 0.44140625 0.3234375 0.06640625 0.10859375
3 0.3875 0.31484375 0.0609375 0.1515625
3 0.32109375 0.3046875 0.05859375 0.11484375
3 0.271875 0.30234375 0.05703125 0.15078125
0 0.21875 0.33046875 0.0609375 0.11640625
3 0.4921875 0.43125 0.08125 0.13984375
3 0.5734375 0.440625 0.06796875 0.12421875
3 0.64140625 0.45078125 0.07421875 0.15
3 0.703125 0.43984375 0.0625 0.15390625
3 0.7609375 0.46796875 0.06640625 0.153125
3 0.796875 0.64453125 0.0921875 0.1484375
3 0.575 0.58125 0.07109375 0.15
3 0.478125 0.578125 0.06953125 0.15703125
3 0.4 0.5875 0.07421875 0.1546875
3 0.31953125 0.56640625 0.07578125 0.18828125
3 0.253125 0.56640625 0.06796875 0.17890625
3 0.95703125 0.80546875 0.08046875 0.11953125
3 0.9 0.60546875 0.0703125 0.11875
3 0.94765625 0.60859375 0.04921875 0.1109375
3 0.834375 0.40625 0.0515625 0.10078125
3 0.878125 0.40859375 0.04140625 0.09609375
0 0.8 0.31875 0.053125 0.0796875
0 0.8375 0.33125 0.0328125 0.06328125
0 0.77734375 0.24375 0.04453125 0.06875
3 0.8140625 0.25625 0.03671875 0.075
3 0.75703125 0.1859375 0.040625 0.07109375
3 0.78359375 0.19609375 0.02421875 0.053125
3 0.75703125 0.14453125 0.040625 0.059375
3 0.73359375 0.10859375 0.0328125 0.05078125
0 0.68515625 0.0734375 0.025 0.046875
3 0.70859375 0.07890625 0.02890625 0.04453125
1 0.025 0.56953125 0.02890625 0.06171875
1 0.1546875 0.2203125 0.01796875 0.04609375
1 0.1796875 0.20390625 0.01875 0.03828125
1 0.19453125 0.13046875 0.01484375 0.03515625
1 0.25546875 0.075 0.015625 0.03125
1 0.3140625 0.0609375 0.015625 0.03046875
1 0.290625 0.1 0.0140625 0.03125
1 0.32265625 0.09375 0.01796875 0.0296875
1 0.35703125 0.05625 0.01640625 0.03125
1 0.38203125 0.09296875 0.01796875 0.03203125
1 0.3875 0.05390625 0.01484375 0.03046875
1 0.4265625 0.04453125 0.01484375 0.02890625
2 0.4625 0.059375 0.01640625 0.03515625
1 0.51328125 0.09375 0.01640625 0.03125
1 0.571875 0.06171875 0.01484375 0.03125
1 0.5484375 0.09296875 0.01875 0.034375
1 0.5875 0.04296875 0.0140625 0.02890625
0 0.58515625 0.05078125 0.02890625 0.04375
1 0.54921875 0.02109375 0.01171875 0.028125
3 0.5484375 0.03203125 0.02734375 0.05078125
2 0.6125 0.04765625 0.01484375 0.03046875
1 0.66015625 0.10078125 0.01484375 0.03125
1 0.6265625 0.1078125 0.01640625 0.03203125
1 0.584375 0.090625 0.01640625 0.03359375
1 0.659375 0.15859375 0.01796875 0.034375
1 0.61328125 0.1640625 0.01796875 0.034375
2 0.57265625 0.140625 0.01875 0.03984375
1 0.51953125 0.15390625 0.01953125 0.04296875
1 0.4375 0.14375 0.01953125 0.04296875
1 0.3875 0.140625 0.01875 0.03125
1 0.34609375 0.14296875 0.0203125 0.040625
1 0.2984375 0.140625 0.01875 0.03984375
1 0.2515625 0.22890625 0.02109375 0.04140625
1 0.31015625 0.20625 0.02265625 0.04140625
2 0.390625 0.16875 0.02109375 0.04296875
1 0.4484375 0.20546875 0.02265625 0.04296875
1 0.51796875 0.20546875 0.0203125 0.04453125
1 0.571875 0.20546875 0.02265625 0.0453125
1 0.5984375 0.18046875 0.01875 0.0484375
1 0.73515625 0.3578125 0.02265625 0.046875
1 0.6890625 0.30625 0.02265625 0.05
1 0.64140625 0.31796875 0.02421875 0.05
1 0.58203125 0.30234375 0.02421875 0.05078125
1 0.49765625 0.33203125 0.02734375 0.0609375
1 0.44375 0.296875 0.02734375 0.05546875
2 0.321875 0.2796875 0.025 0.0609375
1 0.2703125 0.25625 0.02421875 0.05859375
1 0.21015625 0.3140625 0.02578125 0.0484375
1 0.496875 0.39453125 0.0296875 0.06640625
1 0.57890625 0.4140625 0.02890625 0.06875
1 0.6453125 0.41171875 0.03046875 0.06953125
2 0.71328125 0.3984375 0.028125 0.0703125
2 0.775 0.42109375 0.0234375 0.0609375
1 0.81796875 0.6109375 0.0328125 0.06875
1 0.58203125 0.54375 0.03046875 0.06875
1 0.48203125 0.540625 0.03203125 0.0734375
1 0.3953125 0.54921875 0.03203125 0.07109375
2 0.3109375 0.51640625 0.03046875 0.075
1 0.24765625 0.50859375 0.02890625 0.06484375
1 0.92265625 0.578125 0.02421875 0.05625
1 0.96171875 0.58046875 0.02109375 0.0515625
1 0.84375 0.38125 0.02109375 0.0453125
1 0.88828125 0.38671875 0.01953125 0.04375
1 0.81328125 0.30625 0.02265625 0.04375
1 0.84375 0.31953125 0.02109375 0.03984375
1 0.78515625 0.23203125 0.01796875 0.03828125
1 0.821875 0.240625 0.01796875 0.03828125
1 0.76015625 0.16875 0.015625 0.03671875
1 0.7875 0.1890625 0.0171875 0.03515625
1 0.759375 0.13046875 0.01484375 0.03359375
1 0.73828125 0.10234375 0.01328125 0.02890625
1 0.71015625 0.06796875 0.01484375 0.025
1 0.68828125 0.06484375 0.0125 0.028125