3 0.05 0.625 0.0796875 0.1578125
3 0.14609375 0.2609375 0.0546875 0.1046875
0 0.17265625 0.225 0.0421875 0.05625
3 0.1859375 0.15859375 0.0359375 0.0671875
3 0.2390625 0.1015625 0.0390625 0.0578125
0 0.27109375 0.1234375 0.046875 0.0578125
3 0.29296875 0.08203125 0.0390625 0.0578125
3 0.328125 0.07265625 0.0390625 0.0578125
0 0.3109375 0.115625 0.040625 0.0515625
3 0.35546875 0.1109375 0.0453125 0.0578125
0 0.36484375 0.06953125 0.0453125 0.05625
3 0.4046875 0.05625 0.0359375 0.0609375
3 0.43984375 0.084375 0.0390625 0.0828125
3 0.48203125 0.05859375 0.04375 0.0609375
0 0.48359375 0.10390625 0.046875 0.0625
0 0.5453125 0.06796875 0.0390625 0.0515625
0 0.52421875 0.10703125 0.04375 0.0703125
3 0.56171875 0.10234375 0.04375 0.0671875
3 0.5875 0.06328125 0.0390625 0.0671875
0 0.603125 0.1125 0.046875 0.059375
0 0.65 0.121875 0.046875 0.0515625
0 0.6296875 0.084375 0.040625 0.0484375
3 0.6359375 0.1703125 0.0484375 0.071875
0 0.59609375 0.16875 0.046875 0.0609375
3 0.5453125 0.15625 0.0546875 0.096875
3 0.4953125 0.1515625 0.053125 0.0890625
0 0.41953125 0.159375 0.05625 0.0734375
0 0.36640625 0.16328125 0.040625 0.05625
3 0.33046875 0.16484375 0.046875 0.0734375
3 0.2859375 0.16953125 0.0453125 0.078125
3 0.25234375 0.22109375 0.05625 0.11875
3 0.29765625 0.2359375 0.0625 0.0890625
3 0.3796875 0.2015625 0.0515625 0.1
0 0.43984375 0.21796875 0.0640625 0.0859375
3 0.49453125 0.228125 0.0578125 0.0953125
3 0.55078125 0.2203125 0.05 0.09375
3 0.59375 0.21796875 0.053125 0.109375
0 0.721875 0.35546875 0.059375 0.0890625
3 0.671875 0.321875 0.05 0.1109375
0 0.621875 0.32578125 0.0625 0.0890625
3 0.559375 0.31875 0.065625 0.103125
0 0.4953125 0.34609375 0.065625 0.103125
3 0.43125 0.32421875 0.0734375 0.1171875
3 0.371875 0.31328125 0.0640625 0.15625
0 0.3109375 0.340625 0.0734375 0.1015625
3 0.26171875 0.32890625 0.0671875 0.1578125
0 0.21015625 0.34609375 0.0703125 0.121875
3 0.48125 0.42109375 0.0796875 0.140625
3 0.56640625 0.44921875 0.0859375 0.159375
3 0.63046875 0.415625 0.078125 0.153125
3 0.69375 0.4328125 0.0734375 0.171875
3 0.75546875 0.4515625 0.0765625 0.15
0 0.78984375 0.63515625 0.0703125 0.121875
3 0.578125 0.5796875 0.0765625 0.14375
3 0.48671875 0.584375 0.0765625 0.159375
3 0.4046875 0.575 0.084375 0.1734375
3 0.325 0.5734375 0.0859375 0.1921875
3 0.25703125 0.58046875 0.0796875 0.1796875
3 0.9640625 0.77890625 0.071875 0.1234375
3 0.90546875 0.584375 0.0765625 0.13125
3 0.953125 0.59140625 0.0515625 0.121875
3 0.82890625 0.38984375 0.05625 0.1078125
3 0.865625 0.3734375 0.05 0.1
0 0.79296875 0.3046875 0.059375 0.0859375
0 0.8328125 0.30625 0.0390625 0.0734375
0 0.7640625 0.2328125 0.046875 0.0703125
3 0.80078125 0.23984375 0.040625 0.0765625
0 0.74296875 0.17265625 0.0421875 0.059375
1 0.77265625 0.1765625 0.01875 0.0359375
3 0.734375 0.13125 0.0359375 0.053125
3 0.71171875 0.1 0.03125 0.046875
0 0.66171875 0.06484375 0.028125 0.05
3 0.68515625 0.06953125 0.03125 0.05
1 0.02734375 0.5859375 0.0296875 0.05625
1 0.14140625 0.234375 0.0203125 0.046875
1 0.16328125 0.22109375 0.0203125 0.0359375
1 0.18046875 0.146875 0.015625 0.034375
1 0.234375 0.08984375 0.0171875 0.03125
1 0.2703125 0.1109375 0.01875 0.0328125
1 0.2921875 0.07109375 0.0171875 0.03125
1 0.33125 0.06328125 0.0171875 0.034375
1 0.3609375 0.1 0.0203125 0.0359375
1 0.3640625 0.06015625 0.0171875 0.03125
2 0.403125 0.04375 0.0171875 0.03125
2 0.4390625 0.06171875 0.0171875 0.0359375
1 0.4921875 0.09296875 0.0203125 0.0328125
1 0.48515625 0.04453125 0.01875 0.0328125
1 0.52890625 0.09609375 0.01875 0.034375
1 0.55078125 0.059375 0.01875 0.03125
3 0.52421875 0.03125 0.03125 0.0484375
1 0.52265625 0.02265625 0.0125 0.028125
0 0.5609375 0.04375 0.034375 0.0453125
1 0.5609375 0.0390625 0.015625 0.028125
2 0.59296875 0.04609375 0.0171875 0.03125
1 0.63515625 0.07421875 0.015625 0.0296875
1 0.6546875 0.11640625 0.0203125 0.0328125
1 0.60625 0.103125 0.0203125 0.034375
1 0.5640625 0.0875 0.0171875 0.03125
1 0.50234375 0.13046875 0.025 0.0453125
1 0.27578125 0.15234375 0.021875 0.0375
1 0.32734375 0.1515625 0.0203125 0.0421875
1 0.41796875 0.146875 0.01875 0.0421875
2 0.55 0.13125 0.01875 0.040625
1 0.59453125 0.1578125 0.01875 0.0328125
1 0.640625 0.15546875 0.01875 0.0375
2 0.596875 0.1890625 0.025 0.046875
1 0.55546875 0.2 0.0234375 0.046875
1 0.50234375 0.20390625 0.0234375 0.0453125
1 0.4328125 0.21015625 0.0265625 0.046875
2 0.375 0.175 0.0234375 0.0453125
1 0.2953125 0.21640625 0.0234375 0.0453125
1 0.290625 0.2671875 0.021875 0.0265625
1 0.25546875 0.1875 0.0234375 0.046875
1 0.2015625 0.32890625 0.028125 0.0515625
2 0.2609375 0.28046875 0.025 0.0609375
1 0.30703125 0.3234375 0.028125 0.05625
1 0.3671875 0.2703125 0.0296875 0.0625
1 0.43359375 0.29921875 0.03125 0.059375
1 0.4890625 0.334375 0.03125 0.0625
1 0.57109375 0.29296875 0.025 0.05
1 0.63359375 0.30859375 0.0265625 0.05
1 0.68046875 0.2984375 0.0234375 0.05
1 0.7265625 0.346875 0.025 0.0484375
2 0.76171875 0.41015625 0.0296875 0.065625
2 0.70078125 0.38515625 0.03125 0.071875
1 0.63984375 0.37265625 0.0328125 0.0625
1 0.57734375 0.409375 0.0359375 0.0703125
1 0.47734375 0.39140625 0.03125 0.071875
1 0.24296875 0.528125 0.03125 0.0671875
1 0.3140625 0.528125 0.034375 0.0765625
1 0.39921875 0.5265625 0.034375 0.071875
1 0.49296875 0.546875 0.03125 0.078125
1 0.58515625 0.54140625 0.03125 0.0640625
1 0.7890625 0.6234375 0.0375 0.071875
1 0.98828125 0.7671875 0.0234375 0.0625
1 0.96484375 0.5578125 0.021875 0.0546875
1 0.9265625 0.54921875 0.0234375 0.0546875
1 0.8375 0.36328125 0.021875 0.0484375
1 0.878125 0.346875 0.021875 0.046875
1 0.83125 0.29375 0.021875 0.04375
1 0.809375 0.2890625 0.025 0.05
1 0.80703125 0.225 0.01875 0.040625
1 0.77109375 0.2203125 0.0203125 0.0375
1 0.74921875 0.16484375 0.0203125 0.034375
1 0.73984375 0.12265625 0.0171875 0.034375
1 0.7171875 0.09140625 0.0140625 0.028125
1 0.6875 0.05859375 0.0140625 0.0265625
1 0.66484375 0.05625 0.0125 0.0265625