3 0.11328125 0.4171875 0.06875 0.096875
3 0.1359375 0.30390625 0.0609375 0.1
3 0.10546875 0.3125 0.046875 0.0828125
0 0.13125 0.23671875 0.0390625 0.05625
3 0.15625 0.21875 0.0546875 0.0828125
3 0.16640625 0.17109375 0.0453125 0.05625
0 0.19765625 0.1234375 0.05 0.053125
0 0.1953125 0.09296875 0.040625 0.05
3 0.22421875 0.08046875 0.0375 0.059375
0 0.3109375 0.0921875 0.053125 0.053125
0 0.27734375 0.15234375 0.05625 0.06875
3 0.34765625 0.071875 0.0484375 0.0578125
0 0.35546875 0.12421875 0.053125 0.0625
0 0.40078125 0.1046875 0.065625 0.075
3 0.38359375 0.0546875 0.05 0.065625
3 0.42265625 0.05 0.0484375 0.0671875
3 0.46171875 0.0421875 0.05 0.0609375
3 0.44921875 0.09140625 0.059375 0.0828125
0 0.49453125 0.08671875 0.05 0.08125
3 0.5046875 0.034375 0.05625 0.06875
0 0.5484375 0.0375 0.0484375 0.053125
0 0.5296875 0.08046875 0.059375 0.0734375
3 0.57578125 0.0765625 0.0609375 0.0890625
0 0.6375 0.14296875 0.0671875 0.078125
3 0.590625 0.1328125 0.0578125 0.084375
3 0.54765625 0.13515625 0.065625 0.1078125
3 0.50390625 0.15234375 0.0734375 0.1109375
3 0.440625 0.1578125 0.0625 0.0953125
0 0.3890625 0.17890625 0.078125 0.103125
3 0.31875 0.12578125 0.059375 0.0875
3 0.3359375 0.1890625 0.0765625 0.1140625
0 0.29609375 0.20625 0.059375 0.078125
0 0.25390625 0.23515625 0.0625 0.096875
0 0.21328125 0.24375 0.059375 0.08125
3 0.2 0.3296875 0.078125 0.134375
3 0.24609375 0.3 0.0703125 0.10625
3 0.3 0.2875 0.08125 0.1234375
0 0.3609375 0.271875 0.0828125 0.1046875
0 0.421875 0.265625 0.0703125 0.08125
3 0.48203125 0.2421875 0.09375 0.1109375
3 0.58203125 0.23125 0.08125 0.1203125
3 0.64453125 0.221875 0.0796875 0.1296875
3 0.7015625 0.23203125 0.0796875 0.128125
3 0.74921875 0.31875 0.0796875 0.1203125
0 0.69296875 0.33828125 0.084375 0.1140625
0 0.62578125 0.34140625 0.0890625 0.1359375
3 0.5515625 0.31796875 0.1 0.153125
3 0.4828125 0.35625 0.096875 0.1734375
3 0.425 0.35078125 0.078125 0.128125
3 0.359375 0.3671875 0.1046875 0.15
0 0.2921875 0.41328125 0.1015625 0.1171875
0 0.23125 0.42421875 0.075 0.115625
3 0.18359375 0.4484375 0.0796875 0.1203125
0 0.16796875 0.62734375 0.0875 0.1046875
3 0.2265625 0.5796875 0.0828125 0.128125
0 0.2890625 0.6046875 0.1 0.1328125
3 0.36171875 0.56875 0.1125 0.1828125
3 0.42890625 0.5359375 0.1140625 0.16875
3 0.603125 0.50703125 0.128125 0.1671875
0 0.6890625 0.4953125 0.1 0.1421875
3 0.75390625 0.48125 0.0921875 0.1359375
0 0.82421875 0.4859375 0.1078125 0.1671875
3 0.71171875 0.69921875 0.1421875 0.275
3 0.975 0.61640625 0.05 0.1140625
3 0.88828125 0.4 0.08125 0.1296875
0 0.82734375 0.2890625 0.0671875 0.1109375
0 0.865625 0.2859375 0.059375 0.10625
0 0.771875 0.19921875 0.0703125 0.1
3 0.80703125 0.19765625 0.0453125 0.0703125
3 0.725 0.13203125 0.0671875 0.0796875
3 0.7625 0.1265625 0.046875 0.0765625
3 0.68125 0.0765625 0.0546875 0.0859375
3 0.71796875 0.07890625 0.05 0.0703125
0 0.65 0.0390625 0.0390625 0.059375
3 0.62265625 0.0171875 0.0421875 0.034375
0 0.65703125 0.01796875 0.0296875 0.0359375
1 0.096875 0.40390625 0.0328125 0.0484375
1 0.121875 0.2890625 0.025 0.04375
1 0.15 0.20234375 0.0265625 0.0421875
2 0.14140625 0.17265625 0.01875 0.0328125
1 0.1265625 0.23203125 0.021875 0.034375
1 0.15390625 0.16484375 0.0203125 0.0328125
1 0.19453125 0.11875 0.0203125 0.03125
1 0.19296875 0.084375 0.01875 0.03125
1 0.2171875 0.06796875 0.01875 0.0296875
1 0.31640625 0.11015625 0.0296875 0.04375
1 0.3421875 0.0625 0.021875 0.0328125
1 0.3625 0.11171875 0.0265625 0.0390625
1 0.40546875 0.0953125 0.028125 0.0421875
1 0.3796875 0.03984375 0.0203125 0.0328125
1 0.4234375 0.0375 0.021875 0.0359375
1 0.4484375 0.07734375 0.0296875 0.0484375
1 0.496875 0.0734375 0.028125 0.0453125
1 0.503125 0.01953125 0.0234375 0.0375
1 0.5546875 0.03671875 0.0234375 0.03125
1 0.5734375 0.0578125 0.0265625 0.0421875
1 0.646875 0.13359375 0.0296875 0.0484375
1 0.5890625 0.11796875 0.028125 0.0453125
1 0.53984375 0.1140625 0.03125 0.0515625
1 0.4390625 0.1375 0.0296875 0.0515625
1 0.3796875 0.1578125 0.03125 0.05
2 0.3359375 0.1625 0.034375 0.05625
1 0.29296875 0.2 0.028125 0.0453125
1 0.24375 0.215625 0.03125 0.0484375
1 0.2125 0.2328125 0.028125 0.0453125
1 0.18984375 0.29453125 0.0328125 0.05625
1 0.23359375 0.2796875 0.0328125 0.0546875
1 0.29140625 0.2625 0.0359375 0.0640625
1 0.35078125 0.25546875 0.0359375 0.059375
1 0.41953125 0.25625 0.0390625 0.059375
1 0.47890625 0.22109375 0.034375 0.059375
1 0.584375 0.2015625 0.0359375 0.0578125
1 0.64609375 0.1859375 0.0328125 0.0546875
1 0.70703125 0.20078125 0.0375 0.0609375
1 0.75546875 0.2921875 0.0359375 0.0609375
1 0.55 0.28046875 0.0421875 0.0671875
1 0.41796875 0.3203125 0.0375 0.0578125
1 0.3375 0.334375 0.0421875 0.06875
1 0.2875 0.39765625 0.0421875 0.065625
1 0.22265625 0.4203125 0.0359375 0.05625
1 0.2359375 0.46640625 0.03125 0.0296875
1 0.17421875 0.4328125 0.0359375 0.0546875
1 0.15 0.6375 0.0375 0.0609375
1 0.20859375 0.56328125 0.0390625 0.065625
1 0.2890625 0.590625 0.04375 0.0640625
1 0.34765625 0.52421875 0.046875 0.0796875
1 0.371875 0.63515625 0.0390625 0.0375
2 0.71484375 0.6203125 0.05625 0.103125
1 0.59921875 0.48671875 0.0515625 0.0859375
1 0.69375 0.5140625 0.0515625 0.0859375
1 0.76953125 0.4671875 0.04375 0.06875
1 0.83671875 0.475 0.0453125 0.071875
1 0.89765625 0.365625 0.034375 0.059375
1 0.83671875 0.26171875 0.0296875 0.05
2 0.859375 0.2625 0.028125 0.0546875
1 0.81328125 0.1859375 0.025 0.0453125
1 0.77421875 0.175 0.028125 0.05
1 0.734375 0.115625 0.028125 0.04375
1 0.765625 0.1109375 0.025 0.040625
1 0.7234375 0.0640625 0.0234375 0.040625
1 0.68125 0.053125 0.0265625 0.0421875
1 0.66171875 0.01484375 0.0171875 0.028125
1 0.64921875 0.0296875 0.01875 0.03125