3 0.0421875 0.51640625 0.084375 0.1578125
3 0.21015625 0.1921875 0.0640625 0.1171875
0 0.25 0.1515625 0.05 0.0625
3 0.275 0.09296875 0.05 0.071875
3 0.34921875 0.04296875 0.04375 0.065625
0 0.36953125 0.078125 0.05625 0.0640625
3 0.4 0.0421875 0.0453125 0.0609375
3 0.43515625 0.04765625 0.046875 0.0609375
3 0.41484375 0.08046875 0.046875 0.053125
3 0.4546875 0.0875 0.0515625 0.0609375
3 0.4734375 0.0484375 0.0484375 0.0625
3 0.515625 0.05 0.04375 0.0578125
3 0.54140625 0.08046875 0.053125 0.0875
3 0.58671875 0.0625 0.046875 0.0703125
0 0.58203125 0.11484375 0.059375 0.0640625
0 0.64765625 0.0890625 0.046875 0.0546875
0 0.61875 0.121875 0.05 0.065625
3 0.65546875 0.12890625 0.0515625 0.071875
3 0.690625 0.09453125 0.046875 0.0703125
0 0.69375 0.14765625 0.059375 0.0671875
3 0.7328125 0.15625 0.046875 0.071875
0 0.7265625 0.1234375 0.0421875 0.05
3 0.7125 0.2140625 0.0578125 0.08125
0 0.671875 0.20078125 0.0578125 0.0734375
3 0.6265625 0.18359375 0.065625 0.096875
0 0.57421875 0.1640625 0.0640625 0.0796875
0 0.5046875 0.15 0.0640625 0.075
3 0.45703125 0.13359375 0.0578125 0.0765625
3 0.4171875 0.1328125 0.05625 0.078125
3 0.37421875 0.12421875 0.0515625 0.0796875
0 0.31171875 0.19453125 0.0640625 0.078125
3 0.36875 0.18828125 0.071875 0.090625
3 0.453125 0.1890625 0.06875 0.1109375
0 0.51015625 0.2125 0.075 0.09375
3 0.5609375 0.2359375 0.0703125 0.103125
3 0.61796875 0.23671875 0.059375 0.0953125
3 0.66015625 0.25 0.0671875 0.1125
0 0.746875 0.41328125 0.071875 0.0953125
3 0.709375 0.365625 0.0625 0.1078125
0 0.6609375 0.35859375 0.0796875 0.096875
3 0.6015625 0.34375 0.08125 0.1109375
0 0.5328125 0.34609375 0.0796875 0.1109375
3 0.47734375 0.3109375 0.0890625 0.125
3 0.4234375 0.2875 0.090625 0.1640625
3 0.36171875 0.275 0.0796875 0.1234375
3 0.31640625 0.26640625 0.078125 0.15
0 0.25625 0.28359375 0.084375 0.128125
3 0.50859375 0.42265625 0.109375 0.14375
3 0.58515625 0.45546875 0.090625 0.1359375
3 0.646875 0.484375 0.1 0.1625
3 0.71484375 0.48046875 0.090625 0.1625
3 0.76171875 0.515625 0.0921875 0.153125
0 0.759375 0.696875 0.10625 0.1390625
3 0.55625 0.59375 0.1015625 0.1640625
3 0.465625 0.5640625 0.1015625 0.190625
3 0.3875 0.56015625 0.103125 0.1609375
3 0.31015625 0.53203125 0.1109375 0.2
3 0.246875 0.51640625 0.1015625 0.1890625
3 0.89140625 0.8828125 0.103125 0.1375
3 0.87265625 0.6796875 0.0890625 0.14375
3 0.9140625 0.70078125 0.0609375 0.153125
3 0.84609375 0.471875 0.0703125 0.109375
3 0.8890625 0.4921875 0.0625 0.096875
3 0.82890625 0.3796875 0.0640625 0.0796875
0 0.86484375 0.39296875 0.0453125 0.0734375
3 0.82265625 0.30078125 0.0546875 0.0796875
3 0.8546875 0.3203125 0.05 0.08125
3 0.81328125 0.2359375 0.0515625 0.0828125
3 0.8359375 0.25390625 0.0359375 0.059375
0 0.8203125 0.20078125 0.0515625 0.065625
3 0.80234375 0.16015625 0.0421875 0.05625
0 0.765625 0.1171875 0.034375 0.0484375
3 0.7875 0.12734375 0.0328125 0.0515625
1 0.021875 0.4765625 0.0359375 0.0625
1 0.2140625 0.1578125 0.0265625 0.0515625
1 0.24140625 0.14609375 0.025 0.0390625
1 0.275 0.075 0.021875 0.034375
1 0.4015625 0.03203125 0.021875 0.034375
1 0.37109375 0.0671875 0.021875 0.034375
1 0.440625 0.03671875 0.0203125 0.034375
1 0.40859375 0.06953125 0.021875 0.0328125
1 0.46171875 0.078125 0.0234375 0.034375
1 0.475 0.040625 0.0203125 0.0328125
1 0.51484375 0.03828125 0.0203125 0.0328125
2 0.54296875 0.06015625 0.0203125 0.0328125
1 0.5921875 0.0453125 0.021875 0.034375
1 0.590625 0.10390625 0.0234375 0.034375
1 0.62421875 0.11953125 0.0234375 0.034375
1 0.61328125 0.13984375 0.015625 0.0203125
1 0.65703125 0.084375 0.021875 0.034375
1 0.6609375 0.1140625 0.021875 0.034375
2 0.696875 0.07734375 0.0203125 0.0328125
1 0.69765625 0.13671875 0.021875 0.0359375
1 0.7390625 0.1390625 0.0203125 0.0328125
1 0.73671875 0.11875 0.0203125 0.03125
1 0.721875 0.19375 0.0234375 0.0375
1 0.6765625 0.18515625 0.025 0.0375
1 0.64140625 0.16484375 0.0265625 0.0421875
1 0.58515625 0.153125 0.0296875 0.0484375
1 0.5046875 0.1375 0.0265625 0.046875
1 0.4578125 0.1171875 0.028125 0.04375
1 0.4171875 0.11953125 0.028125 0.04375
1 0.37265625 0.1078125 0.025 0.0421875
1 0.3078125 0.18828125 0.0296875 0.046875
1 0.36953125 0.17265625 0.03125 0.0484375
1 0.4578125 0.16015625 0.028125 0.046875
1 0.50546875 0.20078125 0.034375 0.05
1 0.57421875 0.21328125 0.028125 0.046875
2 0.625 0.221875 0.03125 0.053125
1 0.66328125 0.2203125 0.028125 0.0515625
1 0.7578125 0.40390625 0.0296875 0.053125
1 0.7234375 0.34609375 0.0296875 0.0515625
1 0.67421875 0.34765625 0.0328125 0.053125
1 0.61796875 0.3234375 0.0328125 0.0515625
1 0.5296875 0.3375 0.0390625 0.0609375
1 0.484375 0.28671875 0.040625 0.065625
2 0.446875 0.24140625 0.0359375 0.0625
1 0.36796875 0.25078125 0.0375 0.0671875
1 0.315625 0.21953125 0.0359375 0.059375
1 0.25234375 0.259375 0.0328125 0.05
1 0.50546875 0.39296875 0.0390625 0.0671875
1 0.59375 0.42734375 0.04375 0.0734375
1 0.66328125 0.4484375 0.0453125 0.0734375
2 0.7328125 0.4453125 0.0390625 0.075
2 0.7765625 0.48125 0.0375 0.0671875
1 0.7828125 0.70078125 0.0453125 0.0734375
1 0.57421875 0.55703125 0.0421875 0.0734375
1 0.47265625 0.5140625 0.0453125 0.078125
1 0.38984375 0.5234375 0.0453125 0.0765625
2 0.31328125 0.48046875 0.046875 0.0828125
1 0.2515625 0.4609375 0.040625 0.0734375
1 0.9171875 0.88046875 0.0390625 0.065625
2 0.9 0.646875 0.03125 0.059375
1 0.9265625 0.65625 0.03125 0.0578125
1 0.8609375 0.4484375 0.0296875 0.0515625
1 0.90390625 0.47109375 0.028125 0.0515625
1 0.84453125 0.37578125 0.03125 0.046875
1 0.8703125 0.38203125 0.0296875 0.046875
1 0.83125 0.290625 0.0234375 0.0390625
1 0.865625 0.3078125 0.0265625 0.0421875
2 0.81640625 0.2203125 0.0234375 0.0421875
1 0.8390625 0.24921875 0.021875 0.0375
1 0.82421875 0.19140625 0.021875 0.034375
1 0.81015625 0.15234375 0.01875 0.0328125
1 0.7703125 0.11171875 0.0171875 0.0265625
1 0.78828125 0.115625 0.0171875 0.028125