3 0.040625 0.5578125 0.08125 0.153125
3 0.184375 0.2203125 0.0546875 0.115625
0 0.22109375 0.17421875 0.0453125 0.059375
3 0.240625 0.11484375 0.04375 0.0734375
3 0.31015625 0.0578125 0.0390625 0.0640625
0 0.3328125 0.0921875 0.0515625 0.0609375
3 0.359375 0.05546875 0.040625 0.059375
3 0.39609375 0.053125 0.0421875 0.059375
0 0.3765625 0.090625 0.0421875 0.05
3 0.41875 0.09453125 0.0484375 0.0578125
3 0.434375 0.05390625 0.04375 0.059375
3 0.4765625 0.05078125 0.0390625 0.0546875
3 0.5046875 0.0796875 0.046875 0.084375
3 0.5484375 0.05625 0.0421875 0.06875
0 0.54765625 0.1078125 0.053125 0.0640625
0 0.61328125 0.07890625 0.034375 0.0515625
0 0.58515625 0.11328125 0.0453125 0.0625
3 0.62265625 0.1171875 0.046875 0.06875
3 0.6546875 0.0796875 0.040625 0.06875
0 0.66171875 0.13203125 0.0546875 0.0640625
3 0.70234375 0.13671875 0.040625 0.0734375
3 0.68671875 0.19609375 0.0515625 0.078125
0 0.646875 0.18359375 0.053125 0.0671875
3 0.596875 0.17421875 0.0578125 0.09375
0 0.54453125 0.159375 0.059375 0.0765625
0 0.47421875 0.15078125 0.059375 0.071875
0 0.425 0.14609375 0.04375 0.059375
3 0.384375 0.14140625 0.05 0.075
3 0.34140625 0.1375 0.0453125 0.0765625
0 0.2859375 0.21171875 0.059375 0.071875
3 0.33984375 0.20703125 0.0671875 0.0875
3 0.42734375 0.18515625 0.05625 0.1046875
0 0.484375 0.2125 0.0671875 0.0890625
3 0.5375 0.23125 0.0625 0.1
3 0.5953125 0.2296875 0.0515625 0.09375
3 0.6359375 0.23046875 0.059375 0.1015625
0 0.740625 0.39140625 0.0671875 0.0921875
3 0.6984375 0.34609375 0.05625 0.10625
0 0.64765625 0.3484375 0.0703125 0.0953125
3 0.5875 0.33671875 0.0734375 0.10625
0 0.51953125 0.3453125 0.071875 0.10625
3 0.4609375 0.31875 0.0796875 0.125
3 0.4046875 0.2984375 0.0734375 0.15625
3 0.340625 0.28828125 0.0703125 0.1171875
3 0.296875 0.2828125 0.065625 0.1453125
0 0.23828125 0.30390625 0.0765625 0.1296875
3 0.49921875 0.43046875 0.0921875 0.1484375
3 0.57890625 0.4484375 0.08125 0.13125
3 0.64453125 0.47109375 0.0875 0.15625
3 0.7125 0.45703125 0.0796875 0.175
3 0.76171875 0.4953125 0.08125 0.1484375
0 0.77578125 0.675 0.096875 0.134375
3 0.565625 0.5890625 0.0890625 0.15625
3 0.47109375 0.575 0.0859375 0.165625
3 0.3921875 0.55078125 0.1 0.1921875
3 0.31328125 0.54609375 0.09375 0.190625
3 0.2484375 0.540625 0.0875 0.1859375
3 0.91953125 0.8515625 0.0890625 0.128125
3 0.8859375 0.64375 0.0796875 0.1421875
3 0.93359375 0.6640625 0.0625 0.10625
3 0.8421875 0.44140625 0.0625 0.10625
3 0.88671875 0.44609375 0.053125 0.1109375
0 0.8171875 0.35 0.0609375 0.0859375
0 0.85390625 0.3671875 0.040625 0.0671875
3 0.80390625 0.27421875 0.05 0.075
3 0.8375 0.290625 0.0453125 0.075
3 0.7890625 0.2109375 0.0453125 0.0796875
3 0.8140625 0.225 0.03125 0.0515625
0 0.79296875 0.175 0.046875 0.0640625
3 0.771875 0.13515625 0.0390625 0.05625
0 0.72890625 0.09609375 0.0296875 0.0484375
3 0.7515625 0.10234375 0.0328125 0.046875
1 0.0203125 0.51875 0.0328125 0.0640625
2 0.1859375 0.18515625 0.021875 0.0453125
1 0.2109375 0.16953125 0.021875 0.040625
1 0.23828125 0.096875 0.0171875 0.03125
1 0.30703125 0.04375 0.01875 0.0296875
1 0.3625 0.04375 0.0171875 0.03125
1 0.33359375 0.08046875 0.0171875 0.0328125
1 0.3703125 0.0828125 0.0203125 0.0328125
1 0.40234375 0.04375 0.0203125 0.0328125
1 0.434375 0.04453125 0.01875 0.03125
1 0.425 0.0828125 0.021875 0.034375
1 0.47421875 0.0390625 0.01875 0.03125
2 0.50859375 0.05625 0.01875 0.0359375
1 0.55234375 0.0390625 0.01875 0.0328125
1 0.55546875 0.09765625 0.01875 0.0328125
1 0.5953125 0.10078125 0.0203125 0.034375
1 0.61875 0.071875 0.01875 0.0328125
3 0.59609375 0.03984375 0.0328125 0.0515625
2 0.659375 0.06171875 0.0171875 0.03125
1 0.62578125 0.10078125 0.0203125 0.0359375
1 0.66640625 0.121875 0.01875 0.0328125
2 0.703125 0.1140625 0.0171875 0.03125
1 0.69296875 0.17734375 0.021875 0.0375
1 0.65 0.175 0.0203125 0.0359375
1 0.6125 0.15 0.0234375 0.0421875
1 0.5546875 0.14765625 0.025 0.046875
1 0.475 0.1390625 0.025 0.046875
1 0.384375 0.12890625 0.0234375 0.0421875
1 0.3359375 0.121875 0.021875 0.040625
1 0.2828125 0.2046875 0.0265625 0.0453125
1 0.34296875 0.1875 0.0265625 0.0421875
2 0.42578125 0.159375 0.025 0.0453125
1 0.47890625 0.20234375 0.028125 0.0453125
1 0.54765625 0.20859375 0.0265625 0.046875
2 0.60078125 0.2109375 0.0265625 0.0484375
2 0.6265625 0.2046875 0.028125 0.0515625
1 0.746875 0.3828125 0.0296875 0.0484375
1 0.70703125 0.32578125 0.0265625 0.05
1 0.66015625 0.33359375 0.028125 0.05
1 0.60390625 0.31328125 0.0296875 0.053125
1 0.5890625 0.37578125 0.025 0.034375
1 0.51484375 0.33671875 0.034375 0.0625
1 0.471875 0.29140625 0.034375 0.0640625
1 0.40546875 0.25546875 0.0328125 0.0609375
1 0.3453125 0.26484375 0.0296875 0.0625
1 0.2921875 0.23984375 0.034375 0.059375
1 0.23359375 0.27734375 0.0296875 0.053125
1 0.50546875 0.3984375 0.0359375 0.06875
1 0.58671875 0.421875 0.0375 0.071875
1 0.65546875 0.43359375 0.0375 0.0703125
2 0.72578125 0.4109375 0.034375 0.071875
2 0.7734375 0.45703125 0.0296875 0.0625
1 0.8015625 0.653125 0.040625 0.078125
1 0.57734375 0.55234375 0.0359375 0.0671875
1 0.4796875 0.534375 0.0375 0.075
2 0.39453125 0.4984375 0.0390625 0.084375
1 0.3109375 0.4984375 0.0359375 0.0765625
1 0.24765625 0.48359375 0.0359375 0.071875
1 0.9453125 0.8421875 0.034375 0.06875
1 0.91171875 0.60703125 0.0265625 0.0578125
1 0.94765625 0.64375 0.0296875 0.053125
1 0.8546875 0.41796875 0.0265625 0.0515625
1 0.89765625 0.41640625 0.0234375 0.046875
1 0.81484375 0.2625 0.021875 0.0390625
1 0.84765625 0.27421875 0.0234375 0.040625
2 0.790625 0.19453125 0.0203125 0.0390625
1 0.81796875 0.2203125 0.0203125 0.0328125
1 0.79609375 0.1640625 0.0203125 0.0328125
1 0.778125 0.12578125 0.0171875 0.0328125
1 0.75390625 0.0921875 0.015625 0.028125
1 0.73203125 0.0875 0.0140625 0.0296875