3 0.0453125 0.6 0.071875 0.15390625
3 0.159375 0.2421875 0.04765625 0.09921875
0 0.18828125 0.20859375 0.03984375 0.05546875
3 0.20390625 0.14296875 0.03515625 0.0640625
3 0.26015625 0.0875 0.0375 0.05625
0 0.29140625 0.11171875 0.04453125 0.059375
3 0.31484375 0.07109375 0.0359375 0.05625
3 0.35234375 0.0625 0.0359375 0.05859375
0 0.3359375 0.10546875 0.03828125 0.05703125
3 0.3765625 0.10546875 0.04296875 0.053125
0 0.3875 0.06171875 0.0390625 0.05625
3 0.42890625 0.05078125 0.03359375 0.05859375
3 0.46171875 0.08203125 0.0359375 0.07890625
3 0.50390625 0.05703125 0.0375 0.059375
0 0.50390625 0.1046875 0.04140625 0.0609375
0 0.56640625 0.06953125 0.03671875 0.04921875
0 0.54609375 0.1078125 0.03671875 0.053125
3 0.584375 0.10625 0.0390625 0.065625
3 0.6078125 0.0640625 0.03359375 0.06875
0 0.6234375 0.11796875 0.04453125 0.059375
0 0.66953125 0.13046875 0.04453125 0.05
0 0.65234375 0.090625 0.03671875 0.0453125
3 0.653125 0.17734375 0.04453125 0.065625
0 0.61328125 0.171875 0.04296875 0.0640625
3 0.5625 0.15703125 0.05 0.09609375
3 0.51328125 0.15234375 0.04921875 0.08984375
0 0.43671875 0.15625 0.05234375 0.0703125
0 0.384375 0.15859375 0.03671875 0.053125
3 0.3484375 0.15703125 0.04296875 0.07109375
3 0.30390625 0.1578125 0.040625 0.0734375
0 0.25390625 0.23984375 0.05234375 0.06484375
3 0.3125 0.2265625 0.05546875 0.08828125
3 0.39453125 0.19609375 0.04765625 0.096875
0 0.4546875 0.2125 0.059375 0.08203125
3 0.509375 0.228125 0.0515625 0.09296875
3 0.56484375 0.221875 0.0453125 0.09140625
3 0.6078125 0.2265625 0.04609375 0.09921875
0 0.728125 0.36796875 0.0578125 0.0859375
3 0.68125 0.3265625 0.0453125 0.1015625
0 0.63203125 0.33203125 0.06171875 0.08515625
3 0.56953125 0.32109375 0.06171875 0.1015625
0 0.503125 0.346875 0.0609375 0.10078125
3 0.440625 0.32109375 0.06875 0.1109375
3 0.384375 0.30703125 0.059375 0.15546875
0 0.31953125 0.33125 0.06640625 0.1
3 0.2703125 0.31796875 0.059375 0.15078125
0 0.21640625 0.33203125 0.06640625 0.115625
3 0.48359375 0.42265625 0.07265625 0.13203125
3 0.5703125 0.45546875 0.07890625 0.1484375
3 0.63828125 0.44453125 0.06796875 0.178125
3 0.6984375 0.4453125 0.06328125 0.15703125
3 0.76328125 0.46796875 0.06171875 0.13984375
0 0.79453125 0.66328125 0.09296875 0.11171875
3 0.575 0.58203125 0.06953125 0.13828125
3 0.47578125 0.60390625 0.06953125 0.128125
3 0.39765625 0.58828125 0.07421875 0.1359375
3 0.3203125 0.5671875 0.07578125 0.18828125
3 0.25390625 0.56171875 0.06953125 0.18125
3 0.95546875 0.80546875 0.07734375 0.1234375
3 0.90078125 0.60625 0.06953125 0.13125
3 0.946875 0.61640625 0.04765625 0.121875
3 0.834375 0.40625 0.0515625 0.10390625
3 0.878125 0.40390625 0.0421875 0.10859375
0 0.8 0.31640625 0.0546875 0.08359375
0 0.8421875 0.33203125 0.03984375 0.06640625
0 0.7765625 0.24609375 0.04296875 0.071875
3 0.81328125 0.25625 0.0375 0.07421875
3 0.75625 0.1875 0.0390625 0.075
3 0.7859375 0.1984375 0.028125 0.05078125
0 0.75390625 0.14375 0.03359375 0.0515625
3 0.73203125 0.11171875 0.03046875 0.04609375
0 0.684375 0.071875 0.02578125 0.04453125
3 0.7078125 0.07890625 0.02890625 0.0484375
1 0.02421875 0.56484375 0.0296875 0.059375
1 0.15546875 0.21640625 0.01796875 0.04609375
1 0.17890625 0.20234375 0.01796875 0.03828125
1 0.19765625 0.13125 0.01484375 0.034375
1 0.25703125 0.07578125 0.01484375 0.03046875
1 0.31484375 0.06171875 0.01484375 0.03046875
1 0.290625 0.10078125 0.015625 0.03203125
2 0.35 0.0484375 0.01640625 0.03046875
1 0.3875 0.0515625 0.0140625 0.03125
1 0.38203125 0.09375 0.01796875 0.034375
2 0.428125 0.0390625 0.0140625 0.03125
2 0.4625 0.06015625 0.01640625 0.03515625
1 0.50546875 0.04453125 0.015625 0.03125
1 0.5125 0.09296875 0.0171875 0.03125
1 0.55390625 0.10234375 0.01640625 0.034375
1 0.57265625 0.0625 0.015625 0.03046875
1 0.5859375 0.09140625 0.01484375 0.03125
2 0.6109375 0.0453125 0.01484375 0.0296875
1 0.628125 0.109375 0.0171875 0.034375
1 0.65625 0.08203125 0.01484375 0.02890625
1 0.6734375 0.1234375 0.01796875 0.03046875
1 0.659375 0.16328125 0.0171875 0.03671875
1 0.6109375 0.15859375 0.01796875 0.0359375
1 0.56484375 0.13203125 0.0171875 0.04453125
1 0.521875 0.13046875 0.0203125 0.04296875
1 0.43671875 0.14296875 0.01796875 0.04296875
1 0.34609375 0.14296875 0.01953125 0.03984375
1 0.29453125 0.1421875 0.01875 0.03828125
1 0.25390625 0.23125 0.021875 0.04375
1 0.31171875 0.20546875 0.02109375 0.04140625
2 0.39296875 0.17109375 0.0203125 0.04375
1 0.44765625 0.20625 0.02421875 0.0453125
1 0.51796875 0.20546875 0.0203125 0.04609375
1 0.73515625 0.359375 0.02265625 0.0484375
1 0.690625 0.30703125 0.0203125 0.05
1 0.64453125 0.315625 0.02421875 0.05
1 0.58125 0.29609375 0.021875 0.05
1 0.49765625 0.33515625 0.02734375 0.0609375
1 0.44453125 0.29765625 0.03046875 0.05625
2 0.3859375 0.2625 0.02734375 0.06015625
2 0.27265625 0.27421875 0.02421875 0.059375
1 0.2125 0.3140625 0.02578125 0.04921875
1 0.48359375 0.39296875 0.0296875 0.0640625
1 0.5828125 0.41875 0.03359375 0.0703125
2 0.646875 0.39375 0.0296875 0.06640625
2 0.709375 0.40390625 0.02890625 0.07109375
2 0.76640625 0.43125 0.02421875 0.0640625
1 0.82265625 0.665625 0.03359375 0.06640625
1 0.58203125 0.54609375 0.03125 0.0640625
1 0.478125 0.578125 0.0328125 0.075
1 0.390625 0.55703125 0.03359375 0.06953125
1 0.31171875 0.51796875 0.03125 0.0765625
1 0.24375 0.50703125 0.028125 0.06484375
1 0.9796875 0.7921875 0.02578125 0.0640625
1 0.96015625 0.58203125 0.021875 0.05390625
1 0.92421875 0.57109375 0.02265625 0.053125
2 0.8875 0.3765625 0.01953125 0.04921875
1 0.84453125 0.38046875 0.021875 0.0484375
1 0.81484375 0.3125 0.0234375 0.04375
1 0.82109375 0.24140625 0.01953125 0.03984375
1 0.78515625 0.2359375 0.01875 0.040625
1 0.79140625 0.1921875 0.01796875 0.034375
1 0.7609375 0.17109375 0.015625 0.0390625
1 0.75859375 0.134375 0.0171875 0.03515625
1 0.73828125 0.10390625 0.01328125 0.0296875
1 0.734375 0.134375 0.01484375 0.01875
1 0.71015625 0.06796875 0.01328125 0.0265625
1 0.68828125 0.0640625 0.0125 0.0265625