1 0.1828125 0.2375 0.0296875 0.040625
3 0.19453125 0.246875 0.059375 0.065625
1 0.22421875 0.14375 0.025 0.0390625
3 0.228125 0.16171875 0.0640625 0.084375
1 0.28125 0.09453125 0.0203125 0.03125
1 0.31796875 0.08125 0.0234375 0.040625
0 0.28671875 0.1 0.0453125 0.0578125
3 0.32421875 0.09609375 0.053125 0.0703125
2 0.3203125 0.04765625 0.01875 0.0328125
1 0.3578125 0.04453125 0.0203125 0.0328125
3 0.31953125 0.05625 0.0359375 0.053125
3 0.35390625 0.0578125 0.046875 0.0625
1 0.384375 0.02265625 0.0203125 0.03125
0 0.39609375 0.0296875 0.0515625 0.053125
0 0.40546875 0.01015625 0.0390625 0.0203125
3 0.43671875 0.0125 0.0421875 0.025
1 0.51484375 0.03671875 0.0171875 0.0328125
1 0.46328125 0.06796875 0.021875 0.034375
1 0.503125 0.07890625 0.0265625 0.0375
1 0.5484375 0.09609375 0.0328125 0.04375
0 0.509375 0.0421875 0.05 0.05625
0 0.54140625 0.1 0.0546875 0.059375
3 0.46328125 0.08203125 0.053125 0.06875
3 0.503125 0.08828125 0.0546875 0.0734375
3 0.55078125 0.046875 0.0546875 0.0640625
1 0.59375 0.07890625 0.0265625 0.040625
1 0.59140625 0.0390625 0.0203125 0.0296875
1 0.6359375 0.05078125 0.01875 0.03125
1 0.6671875 0.071875 0.021875 0.03125
1 0.6734375 0.1125 0.025 0.0375
3 0.5890625 0.09609375 0.071875 0.08125
3 0.5890625 0.05078125 0.0484375 0.0578125
3 0.62734375 0.06171875 0.0515625 0.065625
0 0.66640625 0.071875 0.0546875 0.0609375
3 0.67265625 0.12578125 0.0609375 0.075
1 0.73046875 0.12265625 0.0265625 0.040625
1 0.75625 0.134375 0.0234375 0.0375
1 0.75859375 0.09375 0.025 0.0390625
1 0.71171875 0.07109375 0.025 0.0375
0 0.70625 0.08203125 0.05625 0.065625
3 0.71484375 0.134375 0.05625 0.075
3 0.75390625 0.14765625 0.059375 0.0796875
3 0.75078125 0.0984375 0.0484375 0.0625
1 0.7921875 0.22265625 0.0265625 0.0375
1 0.74296875 0.18671875 0.0296875 0.046875
3 0.73984375 0.2078125 0.06875 0.096875
3 0.784375 0.23671875 0.0671875 0.090625
1 0.6671875 0.16875 0.0328125 0.0484375
1 0.60234375 0.14453125 0.0296875 0.0484375
3 0.5984375 0.16796875 0.0875 0.1078125
3 0.65234375 0.18515625 0.0671875 0.0921875
3 0.49453125 0.14296875 0.078125 0.1
3 0.54375 0.1546875 0.0703125 0.1078125
1 0.3640625 0.12578125 0.0265625 0.0375
1 0.3953125 0.12890625 0.0296875 0.0390625
0 0.3609375 0.13984375 0.0609375 0.084375
0 0.40625 0.14375 0.0640625 0.08125
2 0.315625 0.14609375 0.0296875 0.04375
3 0.3140625 0.18515625 0.084375 0.1265625
1 0.41328125 0.1859375 0.034375 0.0546875
1 0.4796875 0.20234375 0.0359375 0.053125
3 0.4140625 0.2125 0.090625 0.1265625
3 0.478125 0.22578125 0.0875 0.1125
1 0.53828125 0.24140625 0.034375 0.05
0 0.53515625 0.24765625 0.0734375 0.0921875
1 0.6046875 0.24140625 0.034375 0.05
3 0.596875 0.25859375 0.090625 0.1078125
1 0.7578125 0.303125 0.0328125 0.0515625
1 0.81875 0.31640625 0.034375 0.0546875
3 0.7515625 0.31796875 0.08125 0.10625
3 0.803125 0.340625 0.084375 0.125
1 0.8109375 0.459375 0.0375 0.0515625
0 0.79609375 0.46875 0.0890625 0.10625
0 0.73671875 0.453125 0.0875 0.1140625
0 0.6828125 0.41328125 0.0921875 0.134375
1 0.63515625 0.3609375 0.0390625 0.0625
3 0.621875 0.38359375 0.1046875 0.1453125
1 0.2984375 0.30234375 0.0328125 0.05
1 0.36328125 0.30234375 0.040625 0.0625
0 0.3625 0.32734375 0.1015625 0.1171875
0 0.29375 0.3171875 0.0890625 0.1265625
3 0.2421875 0.30234375 0.084375 0.1296875
1 0.15 0.4125 0.0375 0.0578125
3 0.15078125 0.45390625 0.0921875 0.146875
3 0.2125 0.45234375 0.084375 0.1515625
2 0.253125 0.42421875 0.0421875 0.0734375
3 0.2671875 0.459375 0.121875 0.153125
1 0.3578125 0.43125 0.04375 0.06875
3 0.35390625 0.47890625 0.109375 0.1734375
1 0.42734375 0.44609375 0.05 0.0765625
3 0.428125 0.48515625 0.1109375 0.1609375
1 0.6796875 0.5421875 0.046875 0.08125
3 0.58515625 0.54765625 0.121875 0.153125
3 0.6671875 0.58515625 0.1265625 0.1890625
1 0.76640625 0.59296875 0.0453125 0.0625
1 0.82109375 0.6109375 0.0453125 0.0640625
3 0.7375 0.61875 0.1046875 0.153125
3 0.80234375 0.62890625 0.1046875 0.171875
1 0.628125 0.77421875 0.05625 0.08125
3 0.59765625 0.790625 0.165625 0.2015625
1 0.92265625 0.590625 0.034375 0.0578125
3 0.89453125 0.60078125 0.0953125 0.121875
1 0.8984375 0.4171875 0.03125 0.0484375
1 0.9296875 0.415625 0.028125 0.04375
3 0.88359375 0.43984375 0.0734375 0.1125
3 0.91796875 0.43828125 0.0484375 0.0921875
1 0.884375 0.2515625 0.025 0.0390625
1 0.90234375 0.25078125 0.0234375 0.0375
3 0.86328125 0.26640625 0.065625 0.0875
3 0.8953125 0.2734375 0.040625 0.084375
1 0.86328125 0.18984375 0.025 0.0390625
3 0.85078125 0.2046875 0.0578125 0.0765625
3 0.88359375 0.20546875 0.0515625 0.0703125
1 0.8421875 0.1375 0.021875 0.034375
3 0.8375 0.153125 0.0421875 0.065625
1 0.83046875 0.10078125 0.0203125 0.03125
1 0.859375 0.125 0.0171875 0.0265625
3 0.825 0.109375 0.040625 0.05
0 0.85390625 0.1328125 0.0359375 0.0453125