1 0.125 0.5203125 0.0359375 0.059375
0 0.14375 0.52421875 0.0796875 0.1125
3 0.21015625 0.51328125 0.0625 0.11875
1 0.253125 0.521875 0.0375 0.059375
0 0.2625 0.54453125 0.1015625 0.1296875
1 0.3453125 0.4515625 0.0359375 0.0703125
1 0.41171875 0.45859375 0.0390625 0.0734375
3 0.35234375 0.50234375 0.0875 0.1765625
3 0.41796875 0.52734375 0.0890625 0.2125
3 0.590625 0.5375 0.1078125 0.15
1 0.6765625 0.5296875 0.0375 0.071875
3 0.675 0.559375 0.103125 0.1796875
1 0.778125 0.54765625 0.0390625 0.0625
1 0.834375 0.56640625 0.0390625 0.0640625
3 0.75234375 0.58046875 0.0875 0.1484375
0 0.821875 0.57734375 0.0828125 0.1609375
1 0.7984375 0.4109375 0.0296875 0.05
0 0.7875 0.42265625 0.0796875 0.1
0 0.725 0.41953125 0.071875 0.1125
0 0.6671875 0.38515625 0.071875 0.1265625
1 0.6109375 0.29453125 0.03125 0.0578125
3 0.603125 0.33671875 0.0890625 0.146875
1 0.20625 0.34609375 0.03125 0.0515625
1 0.2671875 0.33984375 0.0296875 0.0515625
1 0.3328125 0.3296875 0.034375 0.0578125
0 0.3375 0.35078125 0.09375 0.1125
0 0.2109375 0.35390625 0.065625 0.1109375
0 0.26875 0.3515625 0.0703125 0.1203125
1 0.253125 0.19140625 0.0234375 0.0453125
1 0.30859375 0.14921875 0.021875 0.040625
1 0.33984375 0.14921875 0.025 0.0375
3 0.26171875 0.22578125 0.06875 0.109375
0 0.30625 0.1671875 0.05 0.0828125
0 0.3515625 0.1640625 0.05625 0.0765625
1 0.3796875 0.2203125 0.028125 0.0578125
3 0.3703125 0.2390625 0.0734375 0.0953125
1 0.4328125 0.21015625 0.0265625 0.05625
3 0.43515625 0.2328125 0.0765625 0.10625
1 0.49765625 0.240625 0.0296875 0.0515625
1 0.5640625 0.2234375 0.0296875 0.053125
0 0.49609375 0.2421875 0.0625 0.0796875
3 0.55859375 0.24609375 0.08125 0.103125
1 0.72421875 0.25390625 0.0265625 0.0515625
3 0.71875 0.278125 0.06875 0.103125
3 0.77421875 0.29609375 0.0640625 0.11875
1 0.78515625 0.271875 0.028125 0.05
1 0.69140625 0.15 0.0203125 0.0390625
1 0.74453125 0.16796875 0.0203125 0.0390625
3 0.73828125 0.1921875 0.059375 0.090625
3 0.68828125 0.175 0.053125 0.09375
1 0.61328125 0.14609375 0.0265625 0.046875
1 0.54609375 0.1328125 0.021875 0.046875
3 0.5453125 0.15703125 0.0765625 0.1015625
3 0.6015625 0.16484375 0.0546875 0.0859375
1 0.48984375 0.12734375 0.025 0.046875
3 0.4375 0.146875 0.065625 0.1
3 0.4890625 0.1578125 0.05625 0.109375
1 0.39375 0.07265625 0.0171875 0.0328125
1 0.4328125 0.06015625 0.0203125 0.0375
1 0.48671875 0.08984375 0.021875 0.0375
1 0.47734375 0.03046875 0.0171875 0.0328125
1 0.44375 0.03515625 0.0171875 0.0265625
3 0.39609375 0.090625 0.04375 0.0703125
3 0.4375 0.084375 0.046875 0.0828125
3 0.478125 0.0421875 0.0484375 0.059375
0 0.4765625 0.0984375 0.0453125 0.0546875
0 0.4375 0.046875 0.0421875 0.05
1 0.52578125 0.08125 0.021875 0.0390625
1 0.51796875 0.0296875 0.015625 0.0296875
1 0.5625 0.034375 0.015625 0.03125
1 0.6 0.05 0.0171875 0.028125
3 0.51640625 0.0421875 0.0421875 0.0546875
0 0.52109375 0.09296875 0.05625 0.0703125
3 0.55859375 0.046875 0.0421875 0.059375
0 0.59765625 0.0515625 0.046875 0.053125
0 0.61015625 0.08984375 0.021875 0.0359375
0 0.61171875 0.10234375 0.053125 0.06875
0 0.63984375 0.04375 0.01875 0.0375
1 0.69140625 0.05625 0.0171875 0.0375
1 0.69609375 0.0984375 0.0203125 0.0375
0 0.6390625 0.0546875 0.0484375 0.065625
3 0.65625 0.1078125 0.05 0.0875
3 0.68671875 0.065625 0.0375 0.0578125
3 0.69453125 0.11171875 0.0484375 0.0765625
1 0.14453125 0.29296875 0.021875 0.04375
3 0.15625 0.3015625 0.0515625 0.065625
1 0.171875 0.1921875 0.0203125 0.0375
3 0.18125 0.20859375 0.05 0.0796875
1 0.22265625 0.1296875 0.015625 0.03125
1 0.26328125 0.1296875 0.0171875 0.0390625
3 0.2625 0.13515625 0.04375 0.059375
0 0.2265625 0.13984375 0.0390625 0.059375
2 0.25078125 0.08046875 0.015625 0.0328125
3 0.25234375 0.090625 0.03125 0.053125
1 0.28359375 0.06796875 0.0140625 0.0296875
3 0.2859375 0.08125 0.040625 0.0671875
1 0.31171875 0.04609375 0.0171875 0.0296875
0 0.325 0.0515625 0.046875 0.0484375
1 0.3265625 0.01171875 0.015625 0.0234375
1 0.35234375 0.00625 0.0140625 0.0125
0 0.32734375 0.0203125 0.0328125 0.040625
3 0.359375 0.01953125 0.0375 0.0390625
1 0.76484375 0.05390625 0.015625 0.028125
1 0.79765625 0.071875 0.0140625 0.025
1 0.79140625 0.0875 0.015625 0.0328125
1 0.8125 0.13671875 0.0203125 0.040625
1 0.84609375 0.13984375 0.015625 0.034375
3 0.76015625 0.06796875 0.034375 0.05625
3 0.78515625 0.10390625 0.0390625 0.0625
3 0.8046875 0.14921875 0.046875 0.0765625
3 0.83828125 0.1515625 0.040625 0.059375
1 0.83828125 0.18984375 0.021875 0.040625
1 0.85859375 0.19140625 0.01875 0.0359375
3 0.82421875 0.21328125 0.05 0.0875
3 0.8546875 0.2140625 0.0296875 0.0828125
1 0.89921875 0.3546875 0.0296875 0.0625
3 0.8734375 0.41953125 0.084375 0.20625
1 0.93125 0.52265625 0.0265625 0.0546875
3 0.90390625 0.53984375 0.078125 0.1125
1 0.66328125 0.753125 0.04375 0.071875
3 0.64140625 0.77265625 0.14375 0.1890625