1 0.09609375 0.4 0.0296875 0.04375
3 0.11171875 0.41015625 0.05625 0.071875
1 0.09296875 0.3078125 0.021875 0.0375
3 0.10703125 0.32109375 0.0578125 0.08125
1 0.1203125 0.23359375 0.0203125 0.034375
2 0.1484375 0.1953125 0.0203125 0.0359375
0 0.1265625 0.240625 0.0421875 0.059375
3 0.15625 0.21640625 0.059375 0.0875
2 0.13359375 0.17890625 0.0171875 0.0328125
1 0.16171875 0.1515625 0.01875 0.03125
3 0.13515625 0.18671875 0.028125 0.05
3 0.1703125 0.165625 0.0421875 0.0640625
0 0.19375 0.125 0.046875 0.0515625
1 0.2046875 0.07109375 0.01875 0.0265625
1 0.18359375 0.08828125 0.0171875 0.028125
3 0.21640625 0.08125 0.040625 0.0546875
0 0.18828125 0.0953125 0.034375 0.04375
1 0.303125 0.08046875 0.01875 0.0328125
1 0.27109375 0.1328125 0.021875 0.0359375
1 0.3109375 0.12265625 0.025 0.0375
1 0.3609375 0.11640625 0.0234375 0.0328125
3 0.27734375 0.14375 0.05 0.0671875
3 0.31640625 0.13125 0.053125 0.06875
3 0.33828125 0.07109375 0.053125 0.0625
0 0.35625 0.12578125 0.0484375 0.05625
0 0.30078125 0.08828125 0.0484375 0.05625
1 0.39453125 0.09375 0.025 0.0375
1 0.371875 0.046875 0.0171875 0.0296875
3 0.375 0.059375 0.046875 0.05625
0 0.39453125 0.10703125 0.0609375 0.0734375
1 0.415625 0.03828125 0.01875 0.03125
3 0.41484375 0.0515625 0.046875 0.0625
1 0.47734375 0.07578125 0.025 0.034375
1 0.45546875 0.03984375 0.0203125 0.03125
1 0.49296875 0.02109375 0.021875 0.0359375
1 0.53515625 0.0640625 0.0234375 0.0375
0 0.4546875 0.04296875 0.053125 0.0578125
3 0.52578125 0.07890625 0.0546875 0.06875
0 0.48359375 0.0875 0.05625 0.071875
0 0.4953125 0.03359375 0.053125 0.0640625
1 0.56171875 0.0578125 0.0234375 0.0390625
1 0.54609375 0.0203125 0.0203125 0.0359375
3 0.54140625 0.03046875 0.0484375 0.0609375
3 0.565625 0.07109375 0.0546875 0.078125
1 0.578125 0.11875 0.025 0.040625
1 0.63359375 0.1203125 0.0265625 0.0375
3 0.58046875 0.1375 0.065625 0.0890625
0 0.6328125 0.1375 0.065625 0.0890625
1 0.49765625 0.12890625 0.0328125 0.0484375
1 0.4296875 0.13671875 0.0265625 0.046875
3 0.4375 0.16015625 0.084375 0.1046875
3 0.49296875 0.14921875 0.065625 0.0890625
3 0.3828125 0.1765625 0.0640625 0.1015625
3 0.33359375 0.18359375 0.071875 0.1
1 0.23828125 0.2171875 0.028125 0.040625
1 0.20859375 0.228125 0.025 0.0359375
0 0.21171875 0.24140625 0.0578125 0.0828125
0 0.25390625 0.2265625 0.0625 0.0796875
3 0.190625 0.31640625 0.0953125 0.13125
1 0.27890625 0.25859375 0.03125 0.0546875
1 0.346875 0.24453125 0.0328125 0.0546875
3 0.29140625 0.2828125 0.084375 0.1234375
3 0.35625 0.265625 0.0828125 0.109375
1 0.41953125 0.246875 0.03125 0.0484375
1 0.47578125 0.2171875 0.034375 0.0546875
0 0.4171875 0.2546875 0.071875 0.0890625
3 0.47734375 0.240625 0.0890625 0.1109375
1 0.6359375 0.20546875 0.0296875 0.05
1 0.7 0.19296875 0.03125 0.0546875
3 0.6359375 0.221875 0.06875 0.0953125
3 0.69453125 0.22265625 0.08125 0.1234375
1 0.75703125 0.32421875 0.0359375 0.053125
0 0.75 0.33828125 0.0875 0.10625
0 0.6890625 0.353125 0.08125 0.1125
0 0.6234375 0.3390625 0.084375 0.1359375
1 0.55390625 0.2953125 0.0375 0.0609375
3 0.54921875 0.32421875 0.109375 0.134375
1 0.23046875 0.415625 0.03125 0.0484375
0 0.2328125 0.43203125 0.0828125 0.125
0 0.29921875 0.40859375 0.1 0.1265625
3 0.18203125 0.44140625 0.0875 0.134375
1 0.146875 0.58046875 0.0359375 0.0578125
3 0.1671875 0.61796875 0.0859375 0.146875
3 0.22265625 0.58984375 0.071875 0.1328125
1 0.2453125 0.5546875 0.04375 0.075
3 0.2765625 0.58984375 0.1125 0.1640625
1 0.33828125 0.50234375 0.0421875 0.0703125
3 0.35703125 0.54609375 0.1 0.16875
3 0.428125 0.51953125 0.10625 0.1640625
1 0.625 0.51796875 0.05 0.0796875
1 0.67734375 0.45546875 0.0484375 0.084375
0 0.5953125 0.509375 0.1171875 0.15625
3 0.6859375 0.4984375 0.1171875 0.1828125
1 0.77890625 0.46015625 0.04375 0.0640625
1 0.83671875 0.4546875 0.0421875 0.0671875
3 0.7640625 0.49609375 0.1 0.1484375
3 0.82890625 0.4796875 0.096875 0.178125
1 0.73125 0.69765625 0.05 0.078125
0 0.71796875 0.71484375 0.1609375 0.1984375
1 0.91796875 0.3890625 0.03125 0.0546875
1 0.89765625 0.4125 0.0890625 0.1171875
1 0.8171875 0.24609375 0.03125 0.0515625
3 0.815625 0.2734375 0.0625 0.1078125
1 0.84453125 0.2296875 0.025 0.04375
3 0.8421875 0.25390625 0.046875 0.090625
1 0.72734375 0.1 0.025 0.0390625
1 0.7484375 0.09921875 0.021875 0.0328125
3 0.7171875 0.12578125 0.0640625 0.0859375
3 0.75078125 0.12109375 0.0359375 0.0796875
1 0.684375 0.05703125 0.0234375 0.0421875
1 0.61640625 0.003125 0.0171875 0.00625
3 0.6125 0.01875 0.040625 0.0375
2 0.64765625 0.0234375 0.0171875 0.028125
3 0.64921875 0.0375 0.0421875 0.0609375
3 0.68046875 0.071875 0.053125 0.078125
3 0.71171875 0.06484375 0.0453125 0.0671875