1 0.12578125 0.328125 0.02109375 0.0359375
3 0.1390625 0.334375 0.04609375 0.05625
1 0.14140625 0.22734375 0.015625 0.0359375
3 0.15 0.24375 0.04609375 0.07421875
1 0.18359375 0.16484375 0.0140625 0.028125
1 0.215625 0.14296875 0.0140625 0.03828125
0 0.190625 0.16875 0.03359375 0.05078125
3 0.22578125 0.15546875 0.03828125 0.06328125
2 0.209375 0.109375 0.0109375 0.03125
1 0.24453125 0.096875 0.0125 0.03046875
3 0.2109375 0.11796875 0.02421875 0.04921875
3 0.24453125 0.1109375 0.034375 0.05546875
1 0.26484375 0.06875 0.0140625 0.028125
0 0.278125 0.07265625 0.04140625 0.04375
1 0.27578125 0.03125 0.0125 0.0265625
0 0.27890625 0.03671875 0.028125 0.04375
1 0.30078125 0.01875 0.01328125 0.025
3 0.309375 0.03125 0.03046875 0.04921875
1 0.39453125 0.0484375 0.01015625 0.03046875
1 0.35234375 0.0921875 0.01484375 0.03203125
1 0.39375 0.0921875 0.01796875 0.034375
1 0.4421875 0.09765625 0.02265625 0.03984375
0 0.390625 0.05546875 0.03828125 0.0484375
0 0.43671875 0.103125 0.04296875 0.04921875
3 0.35625 0.10546875 0.0390625 0.0609375
3 0.396875 0.1015625 0.03984375 0.06484375
3 0.43203125 0.04921875 0.04140625 0.05546875
1 0.48125 0.06875 0.0171875 0.03671875
1 0.46875 0.03125 0.01328125 0.0265625
1 0.51484375 0.03125 0.01171875 0.02890625
1 0.55078125 0.04296875 0.01484375 0.02890625
1 0.5671875 0.08046875 0.01640625 0.03515625
3 0.48125 0.08671875 0.05546875 0.06953125
3 0.46953125 0.04296875 0.03671875 0.04921875
3 0.509375 0.04375 0.03828125 0.05703125
0 0.55 0.04375 0.0421875 0.0515625
3 0.56953125 0.09375 0.04609375 0.06484375
1 0.625 0.07578125 0.01796875 0.03671875
1 0.653125 0.08046875 0.015625 0.03515625
1 0.64453125 0.040625 0.015625 0.0359375
1 0.59375 0.03046875 0.01640625 0.03515625
0 0.59140625 0.04296875 0.04375 0.05625
3 0.61328125 0.09140625 0.040625 0.06640625
3 0.65390625 0.09375 0.04296875 0.0703125
3 0.63828125 0.046875 0.03515625 0.05546875
1 0.71015625 0.15625 0.01796875 0.034375
1 0.65390625 0.134375 0.01875 0.04375
3 0.65625 0.15546875 0.0484375 0.08671875
3 0.70625 0.171875 0.0484375 0.08125
1 0.57578125 0.13671875 0.02265625 0.04375
1 0.50703125 0.13046875 0.01796875 0.0453125
3 0.509375 0.15390625 0.065625 0.09453125
3 0.565625 0.15625 0.04765625 0.08203125
3 0.40234375 0.15625 0.0578125 0.08828125
3 0.453125 0.15546875 0.04609375 0.1
1 0.271875 0.1734375 0.01796875 0.03359375
1 0.303125 0.16875 0.02109375 0.03515625
0 0.27265625 0.18828125 0.04296875 0.0765625
0 0.3171875 0.18046875 0.04765625 0.071875
2 0.23046875 0.20546875 0.0203125 0.040625
3 0.2390625 0.24375 0.05625 0.11640625
1 0.33515625 0.21875 0.021875 0.0515625
1 0.403125 0.21796875 0.0234375 0.04921875
3 0.34296875 0.24453125 0.0640625 0.11328125
3 0.4078125 0.240625 0.06328125 0.09921875
1 0.4703125 0.240625 0.02265625 0.0453125
0 0.46875 0.246875 0.0546875 0.08046875
1 0.534375 0.2234375 0.02421875 0.04453125
3 0.53125 0.24140625 0.06953125 0.09296875
1 0.6984375 0.24296875 0.021875 0.046875
1 0.76015625 0.23984375 0.02109375 0.0515625
3 0.69609375 0.259375 0.05859375 0.09375
3 0.7515625 0.26796875 0.05703125 0.1140625
1 0.78984375 0.38046875 0.0265625 0.04609375
0 0.778125 0.39296875 0.0671875 0.09140625
0 0.71640625 0.39375 0.06328125 0.1015625
0 0.65390625 0.36875 0.0625 0.121875
1 0.59453125 0.33046875 0.02578125 0.05703125
3 0.5875 0.35625 0.0734375 0.13046875
1 0.25390625 0.3609375 0.021875 0.0453125
1 0.31640625 0.34453125 0.02578125 0.05859375
0 0.32265625 0.36875 0.07890625 0.1
0 0.253125 0.3765625 0.0609375 0.1140625
3 0.2 0.37578125 0.05546875 0.11953125
1 0.1390625 0.50625 0.02421875 0.05390625
3 0.15078125 0.54609375 0.05859375 0.13671875
3 0.21015625 0.528125 0.04921875 0.14296875
2 0.2421875 0.490625 0.02578125 0.06875
3 0.26484375 0.52109375 0.08984375 0.13515625
1 0.34453125 0.4703125 0.028125 0.06328125
3 0.353125 0.5171875 0.07109375 0.16015625
1 0.415625 0.46640625 0.03203125 0.07109375
3 0.4265625 0.50390625 0.075 0.146875
1 0.684375 0.49453125 0.02890625 0.07578125
3 0.59453125 0.52421875 0.08984375 0.13515625
3 0.68359375 0.5390625 0.08515625 0.1734375
1 0.78125 0.52109375 0.03203125 0.05546875
1 0.8390625 0.52421875 0.03046875 0.05859375
3 0.76015625 0.553125 0.071875 0.1390625
3 0.825 0.54609375 0.06484375 0.1609375
1 0.69453125 0.73203125 0.03828125 0.0734375
3 0.66953125 0.75546875 0.125 0.17578125
1 0.93203125 0.478125 0.02109375 0.05390625
3 0.90703125 0.4953125 0.06953125 0.10703125
1 0.86328125 0.3171875 0.01953125 0.0453125
1 0.89296875 0.30703125 0.01796875 0.040625
3 0.8546875 0.34296875 0.04765625 0.103125
3 0.8875 0.33203125 0.0265625 0.08828125
1 0.80703125 0.16015625 0.015625 0.03671875
1 0.82421875 0.15546875 0.0140625 0.03515625
3 0.790625 0.18046875 0.046875 0.078125
3 0.8234375 0.17890625 0.02109375 0.08125
1 0.7703125 0.10625 0.015625 0.0359375
3 0.7625 0.12421875 0.0421875 0.06875
3 0.79453125 0.11640625 0.03671875 0.06328125
1 0.73671875 0.0609375 0.0140625 0.03125
3 0.7359375 0.07734375 0.028125 0.06015625
1 0.715625 0.02890625 0.01328125 0.02890625
1 0.75 0.04453125 0.01171875 0.02421875
3 0.7125 0.03828125 0.0296875 0.04453125
0 0.746875 0.05390625 0.0265625 0.03984375