0 0.11953125 0.403125 0.02578125 0.025
1 0.12578125 0.33046875 0.01796875 0.03671875
3 0.1328125 0.34296875 0.05546875 0.0703125
1 0.14140625 0.21796875 0.01484375 0.0390625
3 0.15390625 0.23203125 0.040625 0.07578125
1 0.1875 0.1609375 0.01484375 0.03046875
1 0.2171875 0.134375 0.01484375 0.03125
1 0.2078125 0.1109375 0.01015625 0.03046875
1 0.23203125 0.10078125 0.01328125 0.02578125
0 0.18828125 0.17109375 0.03359375 0.05546875
0 0.2421875 0.10859375 0.03515625 0.0484375
3 0.22578125 0.15390625 0.0375 0.06796875
3 0.2109375 0.11875 0.02578125 0.0484375
1 0.26484375 0.06875 0.0140625 0.0296875
1 0.278125 0.03125 0.01171875 0.02578125
1 0.3015625 0.01953125 0.0125 0.0234375
1 0.26328125 0.09140625 0.01015625 0.01640625
0 0.27890625 0.0734375 0.04140625 0.04140625
0 0.2796875 0.040625 0.02890625 0.040625
3 0.309375 0.03125 0.0328125 0.04921875
1 0.71875 0.028125 0.01171875 0.02890625
1 0.74921875 0.04375 0.01171875 0.02421875
3 0.7125 0.04140625 0.0296875 0.05625
0 0.74140625 0.04921875 0.02890625 0.03125
1 0.74765625 0.06875 0.01484375 0.02421875
1 0.78203125 0.090625 0.01640625 0.025
3 0.74140625 0.08125 0.03515625 0.046875
1 0.7734375 0.11015625 0.01796875 0.03125
3 0.76484375 0.12421875 0.04296875 0.06875
1 0.80703125 0.109375 0.01328125 0.03125
3 0.8 0.121875 0.0359375 0.05546875
1 0.80078125 0.15859375 0.01796875 0.03671875
1 0.82421875 0.15546875 0.0140625 0.03671875
3 0.7921875 0.17890625 0.03671875 0.0734375
3 0.82109375 0.1796875 0.0234375 0.08125
1 0.89375 0.30859375 0.0171875 0.0390625
1 0.86484375 0.31875 0.01796875 0.04375
0 0.8546875 0.34375 0.05 0.090625
3 0.8875 0.33125 0.02890625 0.084375
1 0.9296875 0.47890625 0.02109375 0.05078125
3 0.90390625 0.49375 0.06875 0.1046875
1 0.69140625 0.73046875 0.03828125 0.071875
3 0.66796875 0.759375 0.12734375 0.18125
1 0.13203125 0.55546875 0.02578125 0.0515625
0 0.1484375 0.5625 0.06796875 0.10625
1 0.29375 0.55546875 0.03515625 0.05546875
0 0.2390625 0.53125 0.08203125 0.11796875
0 0.29453125 0.56953125 0.07578125 0.12421875
1 0.34140625 0.46796875 0.028125 0.065625
3 0.35625 0.515625 0.0703125 0.15703125
3 0.4265625 0.50625 0.08671875 0.1359375
1 0.61328125 0.5046875 0.0375 0.06328125
3 0.59140625 0.525 0.09140625 0.13125
3 0.68203125 0.52421875 0.09765625 0.18046875
1 0.78203125 0.53046875 0.03046875 0.0609375
1 0.840625 0.53046875 0.0296875 0.05859375
0 0.759375 0.55625 0.07421875 0.13203125
0 0.82578125 0.54375 0.06796875 0.14453125
1 0.78515625 0.35625 0.021875 0.04921875
0 0.7765625 0.38046875 0.065625 0.1
0 0.71640625 0.39453125 0.06171875 0.1
0 0.65390625 0.36875 0.06171875 0.12578125
1 0.58984375 0.3453125 0.0265625 0.0515625
0 0.578125 0.35 0.0828125 0.11875
1 0.2515625 0.35625 0.02265625 0.046875
1 0.315625 0.35078125 0.02890625 0.05625
0 0.321875 0.36953125 0.08203125 0.0984375
0 0.26171875 0.365625 0.05234375 0.0953125
1 0.190625 0.38046875 0.02578125 0.0484375
0 0.2015625 0.38671875 0.06015625 0.1046875
1 0.22890625 0.24375 0.01875 0.04453125
3 0.2390625 0.26875 0.059375 0.1046875
2 0.346875 0.2296875 0.0203125 0.05546875
3 0.34453125 0.25390625 0.06328125 0.10546875
3 0.40546875 0.27109375 0.0265625 0.02421875
1 0.40390625 0.21875 0.02265625 0.0515625
3 0.4078125 0.24140625 0.065625 0.09921875
1 0.47109375 0.24296875 0.02265625 0.0484375
0 0.46875 0.24453125 0.0546875 0.0765625
1 0.534375 0.21953125 0.0234375 0.05
3 0.5328125 0.24296875 0.06875 0.096875
3 0.69453125 0.2609375 0.05859375 0.09453125
3 0.7515625 0.26796875 0.05546875 0.1140625
1 0.65703125 0.140625 0.01796875 0.040625
1 0.70859375 0.15546875 0.0171875 0.03515625
3 0.65625 0.15859375 0.04921875 0.08515625
3 0.70625 0.171875 0.0484375 0.08046875
1 0.5125 0.13046875 0.01953125 0.04296875
1 0.57578125 0.140625 0.02265625 0.040625
3 0.50703125 0.15625 0.059375 0.096875
3 0.56640625 0.15625 0.05078125 0.0796875
1 0.4484375 0.14375 0.02109375 0.04296875
3 0.40546875 0.15859375 0.0546875 0.0859375
3 0.453125 0.1640625 0.0484375 0.08671875
1 0.27421875 0.16953125 0.01796875 0.03828125
1 0.30703125 0.15546875 0.01953125 0.04296875
0 0.2734375 0.1859375 0.04609375 0.0796875
0 0.31953125 0.178125 0.04765625 0.084375
1 0.35390625 0.084375 0.01484375 0.03046875
1 0.39453125 0.04375 0.01328125 0.021875
1 0.3921875 0.07265625 0.01875 0.03203125
1 0.4265625 0.03359375 0.0125 0.028125
1 0.44375 0.09375 0.01953125 0.03203125
3 0.35625 0.1015625 0.03984375 0.06953125
3 0.39765625 0.09296875 0.04296875 0.071875
3 0.43125 0.0484375 0.0421875 0.05546875
0 0.43203125 0.10078125 0.04375 0.04375
1 0.48203125 0.08125 0.01640625 0.034375
0 0.47890625 0.09296875 0.05234375 0.06796875
1 0.46875 0.03125 0.01171875 0.0265625
3 0.46953125 0.04375 0.03671875 0.05
1 0.5125 0.03046875 0.0140625 0.0296875
3 0.51171875 0.04375 0.0359375 0.05625
1 0.55234375 0.040625 0.0140625 0.02890625
1 0.59375 0.03125 0.0140625 0.03359375
1 0.5671875 0.07890625 0.01640625 0.03125
1 0.61875 0.0765625 0.0171875 0.03984375
0 0.56953125 0.09296875 0.04453125 0.065625
0 0.55 0.04453125 0.04296875 0.05
0 0.59140625 0.04375 0.04140625 0.05546875
3 0.61328125 0.09296875 0.04296875 0.0765625
1 0.64609375 0.04375 0.0140625 0.0296875
1 0.65078125 0.07890625 0.01796875 0.0359375
3 0.6546875 0.09609375 0.04140625 0.07578125
3 0.64140625 0.05234375 0.03671875 0.046875