1 0.11171875 0.3515625 0.025 0.0421875
3 0.12578125 0.36328125 0.05 0.0671875
1 0.11953125 0.259375 0.0171875 0.0375
3 0.13203125 0.27421875 0.0484375 0.0765625
1 0.15625 0.1890625 0.0171875 0.0328125
2 0.18828125 0.1546875 0.015625 0.034375
0 0.1609375 0.196875 0.0359375 0.05625
3 0.19296875 0.1765625 0.05 0.084375
2 0.17578125 0.13671875 0.0140625 0.0328125
1 0.20625 0.11328125 0.015625 0.0296875
3 0.17578125 0.14453125 0.0234375 0.0484375
3 0.21328125 0.128125 0.0359375 0.0625
0 0.24140625 0.090625 0.0421875 0.0484375
1 0.25859375 0.03828125 0.015625 0.025
1 0.2359375 0.05234375 0.0140625 0.028125
3 0.26953125 0.05 0.0359375 0.0515625
0 0.23984375 0.06015625 0.03125 0.040625
1 0.35546875 0.059375 0.015625 0.0328125
1 0.3171875 0.10703125 0.0171875 0.034375
1 0.35859375 0.10234375 0.0203125 0.0359375
1 0.40859375 0.10234375 0.0203125 0.03125
3 0.32265625 0.11953125 0.04375 0.0625
3 0.3625 0.1109375 0.046875 0.0640625
3 0.3921875 0.0546875 0.046875 0.059375
0 0.403125 0.1109375 0.04375 0.053125
0 0.35234375 0.06640625 0.0421875 0.053125
1 0.44453125 0.08359375 0.0203125 0.0359375
1 0.428125 0.03515625 0.0140625 0.0296875
3 0.4296875 0.04765625 0.040625 0.0515625
0 0.44375 0.096875 0.0546875 0.06875
1 0.47265625 0.03125 0.015625 0.03125
3 0.4703125 0.04453125 0.0421875 0.0578125
1 0.5296875 0.0765625 0.021875 0.0328125
1 0.51171875 0.0375 0.0171875 0.0296875
1 0.5515625 0.02421875 0.0171875 0.034375
1 0.58828125 0.071875 0.0203125 0.0359375
0 0.5109375 0.04140625 0.0484375 0.053125
3 0.5765625 0.08515625 0.0484375 0.0640625
0 0.53359375 0.08828125 0.05 0.0671875
0 0.55234375 0.03671875 0.0484375 0.059375
1 0.61484375 0.06875 0.01875 0.0375
1 0.60390625 0.0296875 0.015625 0.0359375
3 0.5984375 0.0390625 0.04375 0.059375
3 0.6171875 0.08203125 0.046875 0.075
1 0.6234375 0.13046875 0.0203125 0.0390625
1 0.67890625 0.1390625 0.021875 0.0359375
3 0.62421875 0.14921875 0.05625 0.084375
0 0.6765625 0.15703125 0.05625 0.084375
1 0.54296875 0.13125 0.0265625 0.046875
1 0.475 0.13125 0.021875 0.0453125
3 0.47890625 0.15546875 0.075 0.0984375
3 0.5359375 0.15078125 0.0578125 0.084375
3 0.42265625 0.16484375 0.0546875 0.096875
3 0.3734375 0.165625 0.0625 0.0953125
1 0.275 0.1875 0.0234375 0.0390625
1 0.24453125 0.19453125 0.0203125 0.034375
0 0.2453125 0.20859375 0.05 0.078125
0 0.2890625 0.1984375 0.0546875 0.075
3 0.21484375 0.28046875 0.0828125 0.125
1 0.309375 0.23359375 0.025 0.053125
1 0.37890625 0.22734375 0.028125 0.053125
3 0.31953125 0.259375 0.071875 0.11875
3 0.3859375 0.25 0.071875 0.103125
1 0.4515625 0.2390625 0.0265625 0.046875
1 0.51015625 0.215625 0.0296875 0.053125
0 0.44765625 0.246875 0.0640625 0.0828125
3 0.509375 0.23984375 0.078125 0.1046875
1 0.67109375 0.22421875 0.025 0.0484375
1 0.7359375 0.21953125 0.0265625 0.053125
3 0.66875 0.240625 0.059375 0.090625
3 0.7265625 0.24765625 0.06875 0.11875
1 0.7765625 0.35625 0.0296875 0.0515625
0 0.76796875 0.36953125 0.078125 0.0984375
0 0.70546875 0.3765625 0.0703125 0.10625
0 0.6421875 0.3546875 0.0703125 0.13125
1 0.578125 0.303125 0.03125 0.0578125
3 0.5703125 0.33125 0.0953125 0.1265625
1 0.24296875 0.38359375 0.0265625 0.046875
0 0.24375 0.4 0.0703125 0.11875
0 0.31171875 0.384375 0.0890625 0.1203125
3 0.19140625 0.403125 0.0734375 0.1296875
1 0.1390625 0.53671875 0.0296875 0.05625
3 0.15546875 0.5765625 0.0703125 0.1421875
3 0.2140625 0.55546875 0.05625 0.1296875
1 0.23984375 0.5234375 0.0359375 0.071875
3 0.2671875 0.56171875 0.0953125 0.15625
1 0.3390625 0.4828125 0.034375 0.06875
3 0.35234375 0.52890625 0.0828125 0.1640625
3 0.4265625 0.51015625 0.0890625 0.1578125
1 0.621875 0.53359375 0.0421875 0.0765625
1 0.68125 0.47734375 0.0390625 0.08125
0 0.59375 0.52109375 0.103125 0.1484375
3 0.684375 0.52109375 0.0984375 0.1765625
1 0.78203125 0.49453125 0.0375 0.0625
1 0.83984375 0.49609375 0.034375 0.065625
3 0.7625 0.528125 0.084375 0.1421875
3 0.82890625 0.51953125 0.078125 0.1734375
1 0.70546875 0.72421875 0.040625 0.075
0 0.690625 0.73984375 0.140625 0.1859375
1 0.928125 0.440625 0.025 0.053125
1 0.90546875 0.46171875 0.0765625 0.1109375
1 0.84609375 0.28671875 0.025 0.05
3 0.84140625 0.31328125 0.0515625 0.1046875
1 0.875 0.2734375 0.0203125 0.0421875
3 0.86953125 0.29765625 0.0359375 0.0890625
1 0.77421875 0.13125 0.0203125 0.0375
1 0.7953125 0.13203125 0.01875 0.03125
3 0.76171875 0.1546875 0.0546875 0.0828125
3 0.7953125 0.15390625 0.028125 0.078125
1 0.7375 0.08359375 0.01875 0.040625
1 0.67734375 0.01171875 0.0140625 0.0234375
3 0.671875 0.02734375 0.034375 0.0546875
2 0.7046875 0.0453125 0.0140625 0.0265625
3 0.7046875 0.059375 0.0375 0.0578125
3 0.73125 0.096875 0.0453125 0.075
3 0.76328125 0.09453125 0.0390625 0.0640625