1 0.16875 0.2546875 0.028125 0.04375
3 0.17578125 0.2703125 0.0625 0.075
2 0.20859375 0.15 0.021875 0.0375
3 0.21796875 0.165625 0.053125 0.08125
1 0.26640625 0.0984375 0.0203125 0.034375
1 0.30078125 0.0828125 0.0171875 0.0328125
1 0.2953125 0.053125 0.0171875 0.0328125
1 0.32109375 0.05390625 0.0203125 0.028125
0 0.26640625 0.1109375 0.0453125 0.059375
0 0.33046875 0.06171875 0.0453125 0.05625
3 0.296875 0.0671875 0.0375 0.05625
3 0.303125 0.1046875 0.046875 0.075
1 0.36015625 0.02890625 0.01875 0.028125
0 0.37265625 0.03125 0.0484375 0.0453125
1 0.3765625 0.00390625 0.01875 0.0078125
0 0.378125 0.01328125 0.0375 0.0265625
3 0.4078125 0.0140625 0.040625 0.028125
1 0.8125 0.08203125 0.0171875 0.028125
1 0.8375 0.1046875 0.015625 0.025
3 0.80390625 0.0953125 0.0390625 0.0609375
0 0.83203125 0.103125 0.034375 0.0359375
1 0.83203125 0.12890625 0.0203125 0.028125
1 0.86171875 0.15859375 0.01875 0.0265625
3 0.8234375 0.140625 0.046875 0.05625
1 0.85 0.171875 0.0234375 0.0390625
1 0.88125 0.178125 0.0171875 0.0328125
3 0.83828125 0.184375 0.053125 0.0765625
3 0.87265625 0.18984375 0.0453125 0.0625
3 0.85078125 0.2484375 0.05 0.0765625
3 0.88125 0.2546875 0.0390625 0.084375
1 0.8640625 0.23515625 0.021875 0.040625
1 0.88984375 0.23046875 0.0234375 0.0375
1 0.8953125 0.39765625 0.028125 0.046875
0 0.8796875 0.42109375 0.065625 0.0984375
2 0.92265625 0.37890625 0.0265625 0.046875
3 0.91171875 0.41015625 0.04375 0.1015625
1 0.92578125 0.56796875 0.03125 0.05625
3 0.89765625 0.58125 0.090625 0.11875
1 0.44453125 0.06015625 0.021875 0.034375
1 0.48515625 0.06015625 0.0234375 0.0328125
1 0.4921875 0.03125 0.015625 0.025
1 0.52578125 0.02578125 0.0171875 0.0296875
1 0.52890625 0.090625 0.0234375 0.0328125
3 0.4421875 0.08203125 0.053125 0.0734375
3 0.484375 0.08046875 0.05625 0.0796875
3 0.52578125 0.0390625 0.0515625 0.0640625
0 0.51640625 0.0984375 0.053125 0.05625
1 0.56875 0.0859375 0.025 0.0390625
1 0.5671875 0.03515625 0.01875 0.028125
1 0.6109375 0.04375 0.01875 0.03125
1 0.646875 0.05625 0.0203125 0.034375
1 0.65234375 0.1015625 0.0234375 0.0359375
3 0.6046875 0.05546875 0.0484375 0.0640625
0 0.56328125 0.09765625 0.0625 0.078125
3 0.56484375 0.046875 0.046875 0.0578125
0 0.64375 0.0640625 0.053125 0.0578125
0 0.6515625 0.1171875 0.0578125 0.0734375
1 0.6890625 0.06015625 0.021875 0.034375
1 0.7046875 0.1109375 0.0234375 0.0390625
1 0.7359375 0.1203125 0.021875 0.0375
1 0.73671875 0.08359375 0.01875 0.03125
3 0.684375 0.07265625 0.0515625 0.0671875
3 0.6953125 0.12578125 0.0578125 0.0828125
3 0.73359375 0.13671875 0.0578125 0.0875
3 0.73046875 0.09296875 0.04375 0.0546875
1 0.72890625 0.1796875 0.025 0.0421875
1 0.7765625 0.20625 0.025 0.0390625
3 0.721875 0.19609375 0.06875 0.096875
3 0.7703125 0.22109375 0.0640625 0.0890625
2 0.58828125 0.13359375 0.028125 0.046875
1 0.64375 0.165625 0.0265625 0.0390625
3 0.5796875 0.15859375 0.0765625 0.103125
3 0.63828125 0.18046875 0.059375 0.0765625
1 0.52265625 0.13984375 0.0265625 0.0421875
3 0.4765625 0.1484375 0.071875 0.090625
3 0.525 0.16015625 0.065625 0.1015625
1 0.3484375 0.13125 0.028125 0.0453125
1 0.378125 0.12578125 0.03125 0.053125
0 0.34375 0.1453125 0.0609375 0.0859375
0 0.38515625 0.14921875 0.065625 0.0890625
1 0.2890625 0.190625 0.028125 0.046875
3 0.29296875 0.21875 0.0796875 0.115625
2 0.40625 0.203125 0.034375 0.059375
3 0.3984375 0.22734375 0.0859375 0.1203125
1 0.46328125 0.2046875 0.034375 0.0546875
3 0.46328125 0.22890625 0.0828125 0.1078125
1 0.5265625 0.23203125 0.028125 0.0421875
1 0.59140625 0.23203125 0.0296875 0.053125
0 0.52265625 0.2421875 0.06875 0.084375
3 0.58515625 0.25546875 0.0875 0.1078125
1 0.746875 0.28828125 0.03125 0.053125
1 0.80703125 0.30078125 0.03125 0.05625
3 0.740625 0.30703125 0.0765625 0.1046875
3 0.79609375 0.32578125 0.075 0.121875
1 0.80859375 0.41796875 0.03125 0.053125
0 0.7953125 0.440625 0.0875 0.1109375
0 0.6796875 0.40390625 0.0859375 0.134375
0 0.7328125 0.44296875 0.0828125 0.1171875
1 0.62109375 0.365625 0.0359375 0.0546875
0 0.60703125 0.37109375 0.1046875 0.1265625
1 0.21953125 0.31875 0.034375 0.053125
1 0.28671875 0.3171875 0.0359375 0.0515625
1 0.35078125 0.31796875 0.0375 0.0625
0 0.35390625 0.33515625 0.1 0.1125
0 0.29296875 0.321875 0.0765625 0.109375
0 0.23125 0.3265625 0.078125 0.1046875
1 0.13046875 0.475 0.0328125 0.0515625
0 0.14296875 0.48671875 0.090625 0.1171875
0 0.23828125 0.47578125 0.10625 0.1296875
0 0.2859375 0.52578125 0.1015625 0.1375
1 0.35625 0.4375 0.0421875 0.06875
1 0.41796875 0.453125 0.0515625 0.0765625
3 0.35625 0.4828125 0.0984375 0.1671875
3 0.4296875 0.49140625 0.1078125 0.1515625
1 0.6125 0.53984375 0.046875 0.075
3 0.58671875 0.54921875 0.1171875 0.15
1 0.6875 0.5359375 0.046875 0.0796875
3 0.6703125 0.578125 0.1203125 0.190625
1 0.771875 0.57734375 0.0421875 0.06875
1 0.83046875 0.58828125 0.0453125 0.0734375
3 0.74453125 0.60625 0.1 0.1421875
3 0.81171875 0.6140625 0.0953125 0.171875
1 0.63828125 0.76640625 0.053125 0.0796875
3 0.61015625 0.78515625 0.1609375 0.1984375