1 0.12578125 0.33046875 0.01875 0.0390625
3 0.134375 0.34296875 0.0515625 0.06328125
0 0.32265625 0.3734375 0.08203125 0.10390625
3 0.66640625 0.746875 0.12578125 0.15546875
3 0.153125 0.23515625 0.0421875 0.08125
3 0.1875 0.16875 0.02734375 0.05546875
0 0.21640625 0.1703125 0.04921875 0.05703125
3 0.2109375 0.11875 0.02578125 0.04609375
0 0.240625 0.1140625 0.0359375 0.0515625
0 0.278125 0.07109375 0.0390625 0.040625
0 0.2796875 0.03984375 0.028125 0.040625
3 0.31015625 0.03203125 0.03046875 0.0484375
0 0.1484375 0.5640625 0.06796875 0.10078125
0 0.20078125 0.390625 0.059375 0.09453125
3 0.23984375 0.26875 0.0578125 0.10703125
0 0.27265625 0.18359375 0.04140625 0.06875
0 0.3171875 0.1765625 0.046875 0.08828125
3 0.35625 0.1015625 0.03984375 0.06875
0 0.3671875 0.01953125 0.03203125 0.03828125
3 0.39609375 0.09140625 0.0421875 0.0796875
0 0.34375 0.2609375 0.0640625 0.08125
0 0.240625 0.53125 0.08125 0.115625
0 0.296875 0.57109375 0.0734375 0.1265625
3 0.35546875 0.51640625 0.0671875 0.15390625
3 0.42734375 0.50625 0.08515625 0.13046875
1 0.4078125 0.240625 0.06328125 0.09921875
0 0.409375 0.16484375 0.0421875 0.08125
0 0.43359375 0.10546875 0.0421875 0.04609375
3 0.43046875 0.04765625 0.0421875 0.05625
0 0.47890625 0.09296875 0.04921875 0.0609375
0 0.45234375 0.16640625 0.04609375 0.08828125
0 0.46875 0.2453125 0.05546875 0.07578125
3 0.53203125 0.24375 0.06953125 0.0984375
3 0.59609375 0.5234375 0.0953125 0.13046875
3 0.6828125 0.53671875 0.08046875 0.16953125
3 0.75234375 0.52421875 0.06328125 0.11875
0 0.5796875 0.3484375 0.084375 0.11796875
3 0.50703125 0.15546875 0.05859375 0.0953125
3 0.5109375 0.04296875 0.0375 0.0546875
0 0.54921875 0.04375 0.04140625 0.053125
3 0.590625 0.04296875 0.0390625 0.0546875
0 0.56953125 0.09296875 0.04296875 0.06015625
3 0.571875 0.15703125 0.05703125 0.07890625
0 0.6546875 0.36875 0.06015625 0.12421875
0 0.71640625 0.39453125 0.06171875 0.1015625
3 0.69609375 0.25703125 0.05859375 0.08828125
3 0.65625 0.16640625 0.04921875 0.078125
3 0.70703125 0.16875 0.04921875 0.08671875
3 0.61328125 0.09296875 0.04296875 0.075
0 0.65390625 0.09609375 0.03828125 0.065625
0 0.640625 0.053125 0.0359375 0.04453125
3 0.64453125 0.0234375 0.03515625 0.04453125
0 0.7140625 0.040625 0.02890625 0.0546875
0 0.74140625 0.05234375 0.02578125 0.034375
0 0.740625 0.07890625 0.03203125 0.046875
1 0.7828125 0.08984375 0.015625 0.021875
1 0.76640625 0.128125 0.0375 0.0734375
1 0.80078125 0.11875 0.03359375 0.05859375
1 0.8 0.165625 0.01640625 0.0390625
1 0.834375 0.171875 0.01484375 0.03125
1 0.85703125 0.21796875 0.01328125 0.03984375
3 0.75234375 0.27109375 0.0546875 0.1140625
0 0.778125 0.38125 0.06328125 0.09921875
0 0.821875 0.54140625 0.07578125 0.14609375
3 0.96796875 0.70546875 0.0640625 0.09375
3 0.9078125 0.49375 0.06953125 0.10390625
1 0.86796875 0.31796875 0.0203125 0.0453125
1 0.90078125 0.3265625 0.01796875 0.03984375
1 0.93046875 0.47890625 0.02109375 0.053125
0 0.85703125 0.34296875 0.04453125 0.0953125
3 0.89296875 0.33515625 0.0328125 0.08125
3 0.84765625 0.24375 0.03515625 0.09453125
3 0.7921875 0.17890625 0.03828125 0.0734375
3 0.8265625 0.19140625 0.034375 0.07109375
1 0.746875 0.06953125 0.01328125 0.025
1 0.7171875 0.02578125 0.01171875 0.03046875
1 0.74765625 0.04453125 0.0125 0.02421875
1 0.64609375 0.04375 0.01484375 0.03046875
1 0.5953125 0.03125 0.01640625 0.03203125
1 0.553125 0.03984375 0.01484375 0.0296875
1 0.5125 0.03046875 0.0140625 0.0296875
1 0.46875 0.03125 0.01171875 0.0265625
3 0.46953125 0.04296875 0.03671875 0.04921875
1 0.4265625 0.034375 0.0125 0.028125
1 0.353125 0.084375 0.0140625 0.03046875
1 0.3953125 0.06953125 0.01953125 0.03828125
1 0.4390625 0.10234375 0.01796875 0.034375
1 0.48125 0.08046875 0.01796875 0.03515625
1 0.5109375 0.1296875 0.01875 0.04609375
1 0.571875 0.1421875 0.02109375 0.04140625
1 0.565625 0.0796875 0.01796875 0.03125
1 0.61875 0.07578125 0.01640625 0.0390625
1 0.65703125 0.08125 0.01796875 0.0359375
1 0.65625 0.14375 0.01796875 0.03359375
1 0.4453125 0.14375 0.021875 0.04375
2 0.30546875 0.153125 0.0203125 0.040625
1 0.2734375 0.16875 0.01796875 0.03671875
1 0.2296875 0.240625 0.01953125 0.046875
1 0.346875 0.24375 0.02109375 0.0453125
1 0.40234375 0.21796875 0.0234375 0.05078125
1 0.4703125 0.23125 0.021875 0.03984375
1 0.53515625 0.21953125 0.025 0.05
1 0.7 0.24375 0.02109375 0.0484375
1 0.76328125 0.24375 0.02265625 0.0515625
1 0.78515625 0.35859375 0.02109375 0.05078125
1 0.590625 0.34609375 0.02734375 0.05078125
1 0.315625 0.353125 0.02890625 0.05859375
1 0.2546875 0.36796875 0.02265625 0.046875
0 0.26015625 0.36875 0.05546875 0.096875
1 0.18828125 0.37421875 0.02578125 0.04375
1 0.13203125 0.55390625 0.02421875 0.04609375
1 0.29453125 0.55 0.034375 0.05546875
1 0.34375 0.47109375 0.02890625 0.06328125
1 0.68671875 0.5046875 0.0328125 0.07421875
1 0.76640625 0.50546875 0.02890625 0.05703125
1 0.840625 0.528125 0.03046875 0.06015625
1 0.69453125 0.73203125 0.0375 0.071875
2 0.14140625 0.21875 0.01484375 0.040625
1 0.21328125 0.16171875 0.015625 0.034375
1 0.23125 0.10078125 0.01328125 0.02421875
1 0.2078125 0.11171875 0.01015625 0.0296875
1 0.265625 0.06640625 0.0140625 0.02578125
1 0.27578125 0.03125 0.01171875 0.02578125
1 0.30390625 0.021875 0.0125 0.02421875