1 0.09921875 0.40546875 0.025 0.04375
3 0.10859375 0.41640625 0.0671875 0.0765625
2 0.0953125 0.29140625 0.021875 0.040625
3 0.10859375 0.3015625 0.053125 0.084375
1 0.128125 0.22109375 0.0203125 0.03125
1 0.128125 0.2578125 0.0140625 0.0171875
0 0.13046875 0.234375 0.0421875 0.0640625
1 0.15546875 0.203125 0.0234375 0.0375
3 0.15703125 0.22109375 0.053125 0.075
1 0.13828125 0.17265625 0.015625 0.0328125
3 0.14375 0.18125 0.0359375 0.053125
1 0.159375 0.15546875 0.0203125 0.0328125
0 0.17265625 0.165625 0.0453125 0.0625
1 0.18671875 0.121875 0.01875 0.03125
0 0.2 0.11875 0.0453125 0.04375
1 0.190625 0.08203125 0.0171875 0.0296875
0 0.19375 0.0875 0.0390625 0.05
1 0.215625 0.0640625 0.015625 0.0265625
3 0.2234375 0.0765625 0.040625 0.0578125
1 0.27578125 0.11796875 0.0203125 0.0328125
1 0.31484375 0.09609375 0.0234375 0.0375
1 0.33828125 0.05390625 0.01875 0.0328125
1 0.36640625 0.11484375 0.025 0.034375
3 0.28359375 0.13828125 0.053125 0.075
3 0.32109375 0.1171875 0.0578125 0.084375
3 0.3453125 0.065625 0.0515625 0.0625
0 0.359375 0.11796875 0.0484375 0.0515625
1 0.3796875 0.0453125 0.0171875 0.0296875
1 0.4234375 0.0375 0.01875 0.0328125
1 0.4015625 0.09140625 0.025 0.0390625
1 0.4640625 0.0390625 0.01875 0.03125
1 0.48515625 0.07421875 0.021875 0.034375
3 0.3828125 0.05703125 0.04375 0.05625
0 0.40078125 0.1046875 0.0609375 0.0765625
3 0.4234375 0.04921875 0.046875 0.0625
0 0.46171875 0.04296875 0.0515625 0.0578125
0 0.490625 0.08828125 0.05625 0.0734375
1 0.5359375 0.06171875 0.021875 0.040625
3 0.534375 0.07890625 0.0546875 0.0828125
1 0.503125 0.02109375 0.0203125 0.0359375
3 0.5015625 0.034375 0.05 0.065625
1 0.55625 0.0234375 0.01875 0.03125
1 0.5734375 0.059375 0.0234375 0.0375
3 0.553125 0.03671875 0.0453125 0.0546875
3 0.57421875 0.075 0.0515625 0.075
1 0.58515625 0.11640625 0.0265625 0.04375
3 0.5859375 0.13359375 0.065625 0.0890625
3 0.63828125 0.13515625 0.0671875 0.103125
1 0.503125 0.13515625 0.028125 0.0453125
1 0.43828125 0.134375 0.0265625 0.046875
3 0.440625 0.15703125 0.0734375 0.1
3 0.5046875 0.14921875 0.0734375 0.090625
1 0.3796875 0.1609375 0.028125 0.046875
3 0.33984375 0.18046875 0.0703125 0.1015625
0 0.390625 0.18046875 0.065625 0.096875
1 0.21484375 0.21796875 0.025 0.0390625
0 0.21640625 0.23671875 0.0546875 0.08125
0 0.259375 0.21953125 0.0671875 0.090625
1 0.1859375 0.296875 0.0296875 0.05
3 0.20078125 0.32265625 0.0765625 0.1140625
1 0.30234375 0.28203125 0.0296875 0.0484375
0 0.29765625 0.28984375 0.078125 0.0875
1 0.35234375 0.2421875 0.034375 0.0546875
0 0.36015625 0.26328125 0.0828125 0.1078125
1 0.4171875 0.2515625 0.028125 0.0421875
0 0.4203125 0.2546875 0.0703125 0.0875
1 0.48046875 0.21640625 0.0328125 0.0546875
3 0.4828125 0.2421875 0.0875 0.1109375
1 0.6453125 0.2109375 0.028125 0.0515625
3 0.64609375 0.228125 0.075 0.103125
1 0.7078125 0.19765625 0.0328125 0.0546875
3 0.70546875 0.22421875 0.0765625 0.11875
1 0.75234375 0.3046875 0.03125 0.0546875
0 0.7484375 0.3296875 0.0859375 0.1125
0 0.69140625 0.3546875 0.0796875 0.1109375
0 0.62734375 0.340625 0.0828125 0.1359375
1 0.559375 0.32890625 0.0375 0.0578125
0 0.5484375 0.3375 0.103125 0.1328125
1 0.2328125 0.4171875 0.034375 0.053125
1 0.29140625 0.39140625 0.0359375 0.059375
0 0.23984375 0.4171875 0.071875 0.1125
0 0.30078125 0.4046875 0.1 0.1125
1 0.171875 0.4328125 0.0328125 0.046875
0 0.18515625 0.4484375 0.078125 0.1109375
1 0.1484375 0.62109375 0.03125 0.05
0 0.16484375 0.628125 0.0890625 0.1171875
0 0.25 0.5796875 0.1046875 0.128125
1 0.30859375 0.59140625 0.04375 0.0609375
0 0.31328125 0.60625 0.0984375 0.1375
3 0.36171875 0.54140625 0.0984375 0.1734375
3 0.428125 0.51875 0.1125 0.153125
1 0.62421875 0.49453125 0.0484375 0.0765625
3 0.59921875 0.5109375 0.1171875 0.1453125
1 0.68515625 0.46953125 0.0453125 0.075
3 0.68671875 0.50078125 0.1109375 0.18125
2 0.7625 0.4390625 0.0375 0.071875
3 0.76015625 0.490625 0.0984375 0.1796875
1 0.8390625 0.4578125 0.0421875 0.0703125
0 0.828125 0.4859375 0.1015625 0.1796875
1 0.91875 0.39609375 0.0296875 0.05625
3 0.8984375 0.41640625 0.0859375 0.115625
1 0.82421875 0.25234375 0.028125 0.0484375
1 0.85859375 0.2453125 0.0265625 0.04375
0 0.8203125 0.278125 0.0609375 0.1
3 0.85390625 0.26328125 0.05 0.0859375
1 0.78203125 0.11640625 0.0296875 0.05
3 0.78125 0.15625 0.0828125 0.1359375
1 0.73125 0.1125 0.025 0.0390625
3 0.7265625 0.13046875 0.0515625 0.0796875
1 0.75234375 0.10078125 0.0234375 0.0390625
1 0.6953125 0.06328125 0.0234375 0.040625
1 0.72578125 0.0546875 0.01875 0.0359375
0 0.68984375 0.08046875 0.0515625 0.075
3 0.72265625 0.06875 0.0453125 0.0671875
1 0.6578125 0.03203125 0.015625 0.025
0 0.65625 0.04296875 0.040625 0.0546875
1 0.69140625 0.0234375 0.01875 0.0296875
3 0.68984375 0.03671875 0.0453125 0.0625
1 0.62578125 0.0046875 0.0171875 0.009375
3 0.621875 0.01953125 0.040625 0.0390625
1 0.65625 0.00859375 0.015625 0.0171875
0 0.6515625 0.0171875 0.034375 0.034375
1 0.7328125 0.6953125 0.0515625 0.0765625
3 0.7125 0.71875 0.1578125 0.190625