3 0.16015625 0.29453125 0.0578125 0.090625
3 0.21875 0.18828125 0.0578125 0.10625
3 0.190625 0.184375 0.0421875 0.09375
3 0.2375 0.12734375 0.0390625 0.0640625
3 0.27265625 0.121875 0.0484375 0.065625
3 0.30234375 0.07578125 0.0421875 0.059375
3 0.2671875 0.08125 0.040625 0.0578125
0 0.33671875 0.04296875 0.0453125 0.05
0 0.3453125 0.0203125 0.040625 0.040625
3 0.37265625 0.0203125 0.0390625 0.040625
0 0.4546875 0.0484375 0.0515625 0.05
0 0.4046875 0.0984375 0.05625 0.0671875
3 0.4953125 0.0453125 0.046875 0.05625
0 0.4875 0.09375 0.0546875 0.0609375
0 0.53515625 0.09375 0.0625 0.071875
3 0.534375 0.04296875 0.0484375 0.0640625
3 0.57421875 0.04921875 0.0453125 0.0609375
3 0.61328125 0.0546875 0.046875 0.059375
3 0.58359375 0.09765625 0.053125 0.0796875
3 0.621875 0.10625 0.046875 0.06875
3 0.65625 0.059375 0.05 0.0640625
0 0.69765625 0.07890625 0.04375 0.053125
3 0.70859375 0.11953125 0.05625 0.0921875
0 0.746875 0.21015625 0.0640625 0.0828125
3 0.69921875 0.19140625 0.0546875 0.09375
3 0.6609375 0.15234375 0.0609375 0.1234375
3 0.61875 0.16875 0.065625 0.0921875
3 0.55546875 0.1578125 0.0578125 0.09375
3 0.50234375 0.15390625 0.0734375 0.1015625
3 0.45 0.08671875 0.053125 0.0859375
3 0.4453125 0.1578125 0.06875 0.096875
0 0.4015625 0.1546875 0.05625 0.075
0 0.35625 0.15703125 0.059375 0.096875
0 0.31171875 0.15625 0.05625 0.0875
3 0.2734375 0.2390625 0.0734375 0.1375
3 0.32421875 0.228125 0.06875 0.1078125
3 0.38359375 0.2296875 0.075 0.1140625
0 0.44375 0.23671875 0.078125 0.1015625
0 0.50234375 0.25234375 0.0671875 0.0796875
3 0.5671875 0.2484375 0.0859375 0.1046875
3 0.665625 0.27265625 0.0765625 0.11875
3 0.72734375 0.28125 0.065625 0.0953125
3 0.77890625 0.309375 0.0765625 0.1265625
3 0.79296875 0.4203125 0.071875 0.1140625
0 0.73515625 0.4109375 0.0796875 0.1109375
0 0.6703125 0.39140625 0.0828125 0.134375
0 0.603125 0.37421875 0.0953125 0.1421875
3 0.5375 0.3578125 0.096875 0.175
3 0.4828125 0.31484375 0.084375 0.1609375
3 0.40859375 0.3265625 0.096875 0.14375
0 0.33125 0.35234375 0.1 0.1203125
0 0.27265625 0.334375 0.0671875 0.1171875
3 0.21640625 0.3484375 0.0703125 0.1171875
3 0.1453125 0.49765625 0.084375 0.115625
0 0.2140625 0.49140625 0.08125 0.1390625
0 0.26953125 0.51796875 0.09375 0.1640625
3 0.34609375 0.515625 0.10625 0.178125
3 0.4296875 0.51328125 0.1015625 0.153125
3 0.5953125 0.53984375 0.1203125 0.1625
0 0.67890625 0.56015625 0.103125 0.1546875
3 0.746875 0.590625 0.096875 0.178125
0 0.815625 0.58828125 0.0921875 0.1640625
3 0.6296875 0.7734375 0.125 0.20625
3 0.93359375 0.765625 0.0796875 0.1125
3 0.896875 0.5609375 0.0828125 0.1625
0 0.8765625 0.40703125 0.0625 0.109375
3 0.91640625 0.421875 0.053125 0.11875
0 0.85078125 0.3015625 0.071875 0.0828125
3 0.88984375 0.31328125 0.04375 0.0625
3 0.8328125 0.225 0.059375 0.08125
3 0.871875 0.2421875 0.046875 0.071875
3 0.80859375 0.15703125 0.05 0.0796875
3 0.846875 0.1734375 0.040625 0.0671875
0 0.83203125 0.13984375 0.03125 0.0484375
0 0.79140625 0.115625 0.0359375 0.053125
3 0.775 0.075 0.0375 0.0625
0 0.8046875 0.09375 0.028125 0.0375
1 0.153125 0.28046875 0.0265625 0.046875
2 0.19453125 0.16328125 0.0234375 0.046875
1 0.21171875 0.16171875 0.025 0.0453125
1 0.23671875 0.11484375 0.01875 0.034375
1 0.26640625 0.1171875 0.0234375 0.0421875
2 0.26484375 0.07265625 0.01875 0.0328125
1 0.29609375 0.06484375 0.01875 0.0328125
1 0.33515625 0.0390625 0.0203125 0.03125
1 0.4109375 0.0875 0.0234375 0.0390625
1 0.44921875 0.06953125 0.028125 0.04375
1 0.49375 0.034375 0.01875 0.03125
1 0.4921875 0.08828125 0.025 0.0421875
1 0.53515625 0.028125 0.01875 0.0328125
1 0.54296875 0.0828125 0.025 0.0421875
1 0.58984375 0.08203125 0.025 0.046875
1 0.58125 0.0375 0.0203125 0.034375
1 0.615625 0.04375 0.021875 0.0375
1 0.62421875 0.0921875 0.025 0.0390625
1 0.66015625 0.0484375 0.021875 0.0375
1 0.70546875 0.07265625 0.021875 0.0328125
1 0.71171875 0.1 0.025 0.046875
2 0.66796875 0.11796875 0.0265625 0.046875
1 0.70234375 0.16796875 0.0265625 0.0421875
1 0.75625 0.2015625 0.025 0.04375
1 0.62734375 0.153125 0.0296875 0.0515625
1 0.56171875 0.1359375 0.028125 0.05
1 0.50078125 0.1328125 0.028125 0.046875
1 0.4578125 0.13515625 0.03125 0.053125
1 0.40078125 0.1515625 0.0265625 0.0453125
1 0.34765625 0.134375 0.028125 0.046875
1 0.3140625 0.1390625 0.0265625 0.0421875
1 0.2734375 0.20546875 0.03125 0.05625
1 0.32109375 0.20234375 0.0296875 0.0546875
1 0.38671875 0.21171875 0.0328125 0.0609375
1 0.4390625 0.21953125 0.0359375 0.0578125
1 0.5015625 0.2453125 0.034375 0.059375
1 0.571875 0.225 0.0328125 0.0578125
1 0.6734375 0.240625 0.03125 0.0546875
1 0.73203125 0.2609375 0.03125 0.05
1 0.79375 0.28203125 0.0328125 0.0578125
1 0.809375 0.39765625 0.0359375 0.0546875
1 0.6171875 0.36484375 0.040625 0.059375
2 0.54453125 0.31015625 0.0390625 0.071875
2 0.48515625 0.27265625 0.0359375 0.0671875
1 0.32734375 0.3296875 0.040625 0.0671875
1 0.2703125 0.3140625 0.0328125 0.059375
1 0.21328125 0.33125 0.0328125 0.059375
2 0.13203125 0.47890625 0.0359375 0.0625
1 0.2015625 0.4640625 0.0390625 0.0671875
1 0.27734375 0.48046875 0.0421875 0.0734375
1 0.34765625 0.471875 0.04375 0.078125
1 0.4265625 0.4828125 0.04375 0.0875
1 0.59921875 0.51796875 0.0484375 0.0828125
1 0.69296875 0.57109375 0.053125 0.0828125
2 0.76640625 0.54296875 0.040625 0.0734375
1 0.82890625 0.58046875 0.0453125 0.0734375
1 0.6625 0.72109375 0.0515625 0.0859375
2 0.92109375 0.5140625 0.03125 0.059375
1 0.89296875 0.38359375 0.028125 0.0484375
1 0.9296875 0.38984375 0.025 0.053125
1 0.8640625 0.29140625 0.0265625 0.046875
1 0.89921875 0.3078125 0.0234375 0.0421875
1 0.8828125 0.23125 0.0234375 0.0421875
1 0.84921875 0.21015625 0.025 0.0421875
1 0.85390625 0.1625 0.0203125 0.040625
1 0.8171875 0.1359375 0.0234375 0.0390625
1 0.83515625 0.13671875 0.0203125 0.0328125
1 0.78359375 0.059375 0.0171875 0.0328125