3 0.13515625 0.34375 0.04609375 0.08515625
3 0.178125 0.23046875 0.04375 0.1015625
3 0.15 0.23046875 0.03046875 0.090625
3 0.18828125 0.1671875 0.03125 0.06015625
3 0.221875 0.15703125 0.03984375 0.0609375
3 0.2453125 0.10703125 0.03515625 0.05546875
3 0.2109375 0.11796875 0.03359375 0.053125
0 0.275 0.0703125 0.03984375 0.04453125
0 0.27890625 0.040625 0.03359375 0.05078125
3 0.30703125 0.03359375 0.03125 0.05546875
0 0.3921875 0.059375 0.04609375 0.04375
0 0.35 0.115625 0.0484375 0.06171875
3 0.43203125 0.05078125 0.03984375 0.05078125
0 0.43125 0.09921875 0.04765625 0.05546875
0 0.478125 0.09296875 0.05390625 0.065625
3 0.4703125 0.04296875 0.03984375 0.059375
3 0.5109375 0.04296875 0.0375 0.05703125
3 0.55 0.04296875 0.03984375 0.0546875
3 0.5265625 0.08984375 0.04375 0.07421875
3 0.565625 0.09296875 0.0390625 0.06328125
3 0.59375 0.0421875 0.0421875 0.05859375
0 0.6375 0.05546875 0.03671875 0.0484375
3 0.65390625 0.09453125 0.04453125 0.08671875
0 0.70390625 0.17890625 0.05390625 0.07578125
3 0.65390625 0.16640625 0.04296875 0.0890625
3 0.6109375 0.13359375 0.04453125 0.11875
3 0.571875 0.15546875 0.05390625 0.08515625
3 0.50703125 0.153125 0.04609375 0.08828125
3 0.45390625 0.15703125 0.06015625 0.09453125
3 0.39296875 0.09765625 0.0421875 0.08046875
3 0.3984375 0.16875 0.05625 0.090625
0 0.3546875 0.171875 0.04765625 0.06875
0 0.31015625 0.18046875 0.04765625 0.090625
0 0.265625 0.1859375 0.0453125 0.08125
3 0.2390625 0.2734375 0.05546875 0.13046875
3 0.28828125 0.25546875 0.05546875 0.1015625
3 0.346875 0.2484375 0.0609375 0.10625
0 0.4078125 0.246875 0.06640625 0.09375
0 0.46796875 0.2546875 0.0578125 0.071875
3 0.53125 0.24140625 0.0734375 0.0953125
3 0.63203125 0.2515625 0.06171875 0.1109375
3 0.69453125 0.2515625 0.05390625 0.0890625
3 0.75 0.27265625 0.06015625 0.11953125
3 0.77890625 0.38046875 0.05703125 0.10703125
0 0.7203125 0.37890625 0.06640625 0.103125
0 0.65390625 0.36875 0.06640625 0.12578125
0 0.584375 0.3609375 0.07734375 0.13203125
3 0.5171875 0.35390625 0.07421875 0.16640625
3 0.45703125 0.31875 0.06328125 0.15390625
3 0.38515625 0.340625 0.07890625 0.13359375
0 0.3125 0.37734375 0.0859375 0.11015625
0 0.2515625 0.36796875 0.053125 0.11015625
3 0.19765625 0.3890625 0.05546875 0.11015625
3 0.1484375 0.546875 0.06953125 0.10625
0 0.215625 0.53125 0.0640625 0.13125
0 0.27421875 0.55 0.0734375 0.15546875
3 0.35 0.53671875 0.0828125 0.16875
3 0.43203125 0.52265625 0.08203125 0.14375
3 0.6 0.5265625 0.10078125 0.14921875
0 0.68515625 0.534375 0.084375 0.14375
3 0.75703125 0.55546875 0.07421875 0.16875
0 0.825 0.54375 0.07109375 0.15546875
3 0.66640625 0.753125 0.09921875 0.19453125
3 0.96640625 0.70234375 0.06640625 0.1046875
3 0.9015625 0.50546875 0.06171875 0.15546875
0 0.86015625 0.35546875 0.04921875 0.10390625
3 0.9015625 0.36484375 0.03828125 0.11484375
0 0.81953125 0.2546875 0.06171875 0.07421875
3 0.86015625 0.2609375 0.03515625 0.05859375
3 0.79140625 0.18125 0.05 0.075
3 0.83203125 0.19296875 0.0375 0.06796875
3 0.7578125 0.1171875 0.03984375 0.075
3 0.79765625 0.128125 0.03203125 0.06328125
0 0.77890625 0.096875 0.02578125 0.04453125
0 0.73515625 0.07890625 0.02890625 0.04921875
3 0.71328125 0.040625 0.02890625 0.059375
0 0.7453125 0.05546875 0.02421875 0.03515625
1 0.12578125 0.33125 0.02109375 0.04375
2 0.15078125 0.209375 0.01796875 0.04453125
1 0.1671875 0.20546875 0.01953125 0.04375
1 0.1859375 0.15546875 0.01484375 0.03203125
1 0.215625 0.153125 0.01796875 0.040625
2 0.2078125 0.109375 0.01484375 0.03125
1 0.2375 0.09765625 0.01484375 0.03046875
1 0.27265625 0.06640625 0.015625 0.0296875
1 0.3546875 0.10390625 0.01796875 0.03671875
1 0.38984375 0.08046875 0.0234375 0.040625
1 0.42890625 0.03984375 0.01484375 0.0296875
1 0.43515625 0.09296875 0.01953125 0.03984375
1 0.46953125 0.028125 0.01484375 0.03046875
1 0.484375 0.08125 0.0203125 0.03984375
1 0.53046875 0.0734375 0.01953125 0.04453125
1 0.51640625 0.03046875 0.015625 0.03203125
1 0.55078125 0.03203125 0.01640625 0.03515625
1 0.56640625 0.07890625 0.01953125 0.0359375
1 0.59609375 0.03046875 0.0171875 0.0359375
1 0.64375 0.0484375 0.0171875 0.03125
1 0.65390625 0.07421875 0.01953125 0.04453125
2 0.61328125 0.0984375 0.02109375 0.04375
1 0.65390625 0.14296875 0.02109375 0.03984375
1 0.7125 0.16875 0.0203125 0.040625
1 0.578125 0.1390625 0.0234375 0.04921875
1 0.51015625 0.13125 0.02109375 0.046875
1 0.45 0.1359375 0.021875 0.04453125
1 0.4078125 0.14453125 0.025 0.05
1 0.353125 0.16875 0.0203125 0.04296875
1 0.2984375 0.159375 0.02265625 0.04375
1 0.265625 0.16875 0.02109375 0.0390625
1 0.234375 0.23984375 0.0234375 0.05390625
1 0.28125 0.23046875 0.0234375 0.0515625
1 0.34765625 0.23046875 0.02421875 0.05859375
1 0.40078125 0.23046875 0.028125 0.0546875
1 0.46640625 0.24765625 0.02734375 0.05625
1 0.5328125 0.21796875 0.02578125 0.0546875
1 0.6359375 0.21875 0.02421875 0.0515625
1 0.696875 0.23125 0.025 0.046875
1 0.76015625 0.24296875 0.02578125 0.0546875
1 0.7921875 0.35546875 0.02890625 0.0515625
1 0.596875 0.35 0.0328125 0.05546875
2 0.51796875 0.30546875 0.0296875 0.06875
2 0.45390625 0.2765625 0.028125 0.06328125
1 0.30546875 0.35546875 0.03203125 0.0640625
1 0.246875 0.34765625 0.025 0.05625
1 0.1921875 0.37265625 0.02578125 0.05625
2 0.1328125 0.53046875 0.02734375 0.05859375
1 0.19921875 0.50625 0.0296875 0.0640625
1 0.2765625 0.51171875 0.03359375 0.06875
1 0.3453125 0.49296875 0.03359375 0.07421875
1 0.425 0.49296875 0.0328125 0.08359375
1 0.60078125 0.50390625 0.0375 0.07890625
1 0.70078125 0.54375 0.04296875 0.078125
2 0.76953125 0.50546875 0.03125 0.0703125
1 0.83671875 0.53359375 0.03671875 0.06875
1 0.69140625 0.69609375 0.040625 0.08046875
2 0.91875 0.45546875 0.0234375 0.05703125
1 0.87265625 0.33046875 0.021875 0.04609375
1 0.91015625 0.33125 0.01875 0.05078125
1 0.83125 0.24296875 0.02109375 0.04453125
1 0.86875 0.25390625 0.0171875 0.040625
1 0.84140625 0.18046875 0.01796875 0.040625
1 0.80546875 0.1640625 0.0203125 0.03984375
1 0.803125 0.11640625 0.015625 0.03828125
1 0.76328125 0.0953125 0.01796875 0.03671875
1 0.78125 0.09375 0.01640625 0.03125
1 0.71953125 0.02421875 0.01328125 0.03125