1 0.98359375 0.77890625 0.0296875 0.06328125
3 0.96015625 0.80703125 0.07890625 0.14453125
2 0.78203125 0.60546875 0.03203125 0.0765625
3 0.7875 0.646875 0.0859375 0.16953125
1 0.58203125 0.53046875 0.03125 0.06953125
3 0.57265625 0.571875 0.08515625 0.16953125
1 0.959375 0.578125 0.01953125 0.05
3 0.9484375 0.6140625 0.04453125 0.121875
1 0.91953125 0.56953125 0.02265625 0.05625
3 0.896875 0.60546875 0.06640625 0.11875
2 0.88828125 0.38515625 0.01953125 0.04453125
3 0.87578125 0.409375 0.04609375 0.09375
3 0.83203125 0.40078125 0.04296875 0.09921875
2 0.76640625 0.421875 0.021875 0.05546875
3 0.765625 0.4671875 0.0546875 0.14140625
2 0.725 0.39375 0.02734375 0.06640625
3 0.71328125 0.43359375 0.07421875 0.15546875
1 0.84140625 0.29453125 0.02109375 0.04453125
1 0.82109375 0.30546875 0.0203125 0.04453125
3 0.80390625 0.31875 0.06015625 0.08671875
1 0.73515625 0.35703125 0.02109375 0.04453125
0 0.7296875 0.365625 0.05703125 0.07578125
1 0.68515625 0.30390625 0.021875 0.053125
3 0.6796875 0.31953125 0.04921875 0.10625
1 0.82265625 0.23203125 0.01796875 0.04453125
3 0.81328125 0.25234375 0.04140625 0.075
1 0.7875 0.23203125 0.0171875 0.03125
3 0.778125 0.25234375 0.046875 0.075
1 0.64765625 0.39453125 0.028125 0.05625
3 0.63828125 0.43046875 0.07265625 0.13359375
1 0.5796875 0.41796875 0.03359375 0.06484375
3 0.56875 0.428125 0.0859375 0.13046875
1 0.63828125 0.32734375 0.02265625 0.05078125
0 0.63125 0.3421875 0.06796875 0.08046875
1 0.5859375 0.303125 0.021875 0.04453125
3 0.5734375 0.31796875 0.05546875 0.084375
1 0.78984375 0.19296875 0.01484375 0.03203125
1 0.7625 0.16875 0.0171875 0.03828125
3 0.78515625 0.19296875 0.03046875 0.05625
3 0.75703125 0.18203125 0.0375 0.0640625
1 0.49453125 0.334375 0.025 0.05625
0 0.50078125 0.34296875 0.06875 0.09375
1 0.5203125 0.19609375 0.02109375 0.04921875
3 0.51171875 0.21484375 0.0578125 0.07421875
1 0.475 0.54296875 0.0359375 0.08515625
3 0.4796875 0.59609375 0.07421875 0.19375
1 0.48828125 0.40546875 0.02890625 0.05546875
3 0.4875 0.43046875 0.07109375 0.11875
2 0.60859375 0.1828125 0.0203125 0.04921875
1 0.5734375 0.19453125 0.02109375 0.046875
3 0.6046875 0.209375 0.03828125 0.1
3 0.56640625 0.22109375 0.04375 0.09375
1 0.659375 0.15703125 0.01796875 0.03125
3 0.6515625 0.1703125 0.046875 0.05546875
1 0.61328125 0.15546875 0.015625 0.0296875
1 0.56640625 0.134375 0.01875 0.04453125
3 0.565625 0.15546875 0.04921875 0.09453125
0 0.6125 0.16875 0.0453125 0.06328125
1 0.7625 0.1390625 0.0171875 0.034375
3 0.75703125 0.14296875 0.03828125 0.05078125
1 0.7375 0.096875 0.0140625 0.03125
3 0.73359375 0.10703125 0.0296875 0.05390625
1 0.7109375 0.0640625 0.0125 0.025
3 0.70703125 0.0765625 0.02734375 0.04921875
1 0.671875 0.109375 0.01953125 0.03125
3 0.665625 0.121875 0.0390625 0.05546875
1 0.62578125 0.10546875 0.01796875 0.03046875
0 0.62265625 0.11640625 0.04375 0.05625
1 0.6828125 0.05546875 0.01328125 0.021875
3 0.6796875 0.06875 0.028125 0.05546875
1 0.65234375 0.0703125 0.0140625 0.028125
3 0.64765625 0.08125 0.02890625 0.04921875
1 0.61328125 0.05546875 0.0125 0.02578125
1 0.62265625 0.03984375 0.01015625 0.021875
3 0.609375 0.06796875 0.0359375 0.0546875
3 0.61875 0.0515625 0.0296875 0.046875
1 0.584375 0.08046875 0.0140625 0.03359375
1 0.51953125 0.14921875 0.02109375 0.04453125
0 0.509375 0.15625 0.05859375 0.0640625
1 0.58828125 0.04296875 0.01484375 0.0296875
0 0.58671875 0.04375 0.03203125 0.040625
3 0.58203125 0.09296875 0.03515625 0.06953125
1 0.58046875 0.06484375 0.01640625 0.02578125
3 0.57265625 0.06796875 0.03984375 0.046875
1 0.5171875 0.09296875 0.01796875 0.02890625
1 0.496875 0.08203125 0.01484375 0.03125
3 0.53203125 0.10546875 0.046875 0.06171875
3 0.46875 0.09609375 0.04453125 0.04375
3 0.496875 0.09296875 0.02734375 0.05625
1 0.54921875 0.02109375 0.0109375 0.02578125
3 0.5484375 0.03046875 0.02734375 0.04609375
3 0.525 0.0546875 0.01484375 0.01484375
1 0.51875 0.01796875 0.01328125 0.0265625
3 0.52109375 0.028125 0.02578125 0.04921875
1 0.503125 0.0421875 0.0140625 0.03046875
3 0.503125 0.0546875 0.0328125 0.05546875
1 0.49296875 0.0171875 0.01328125 0.0265625
3 0.4890625 0.028125 0.028125 0.05
1 0.453125 0.02421875 0.01328125 0.0203125
1 0.46328125 0.0421875 0.01328125 0.03203125
3 0.4609375 0.05390625 0.03828125 0.05703125
3 0.45078125 0.03125 0.02578125 0.04375
2 0.41640625 0.01640625 0.0125 0.025
2 0.428125 0.03359375 0.0140625 0.03125
3 0.4265625 0.04765625 0.03125 0.05625
3 0.41640625 0.02734375 0.02734375 0.05078125
1 0.45078125 0.20546875 0.02109375 0.040625
0 0.45546875 0.21875 0.06015625 0.08359375
1 0.38515625 0.18984375 0.02109375 0.040625
3 0.38671875 0.20625 0.06328125 0.08125
2 0.43984375 0.10546875 0.0171875 0.0359375
3 0.4421875 0.13125 0.04609375 0.09375
1 0.38203125 0.09296875 0.01796875 0.0265625
0 0.3765625 0.10546875 0.04375 0.053125
1 0.38828125 0.046875 0.01328125 0.03125
3 0.38828125 0.05703125 0.034375 0.05546875
1 0.38046875 0.028125 0.01328125 0.025
3 0.378125 0.03125 0.03671875 0.04453125
1 0.35078125 0.06796875 0.01484375 0.02890625
0 0.34921875 0.06796875 0.0359375 0.03984375
1 0.35390625 0.03046875 0.01171875 0.02421875
3 0.35625 0.040625 0.02734375 0.03515625
1 0.3171875 0.05625 0.01484375 0.03125
3 0.31328125 0.06875 0.0375 0.0515625
1 0.32109375 0.0390625 0.01328125 0.03515625
3 0.32265625 0.0421875 0.03984375 0.046875
1 0.290625 0.09296875 0.0140625 0.03046875
3 0.28828125 0.11328125 0.040625 0.06171875
0 0.33671875 0.10625 0.0359375 0.046875
1 0.34921875 0.13984375 0.01796875 0.0390625
3 0.3484375 0.15390625 0.046875 0.06640625
1 0.38515625 0.14609375 0.01796875 0.03046875
3 0.3875 0.15546875 0.040625 0.05
1 0.2984375 0.14296875 0.01796875 0.0359375
3 0.30078125 0.15625 0.04609375 0.06171875
1 0.31328125 0.2015625 0.01875 0.03828125
1 0.24921875 0.22890625 0.02109375 0.03984375
0 0.25078125 0.24296875 0.05546875 0.06953125
3 0.31171875 0.21875 0.0578125 0.08515625
1 0.44296875 0.2890625 0.02734375 0.053125
3 0.4390625 0.31875 0.06875 0.109375
3 0.38515625 0.309375 0.059375 0.14453125
1 0.315625 0.31875 0.0265625 0.05
0 0.321875 0.33203125 0.06796875 0.08125
1 0.3953125 0.54296875 0.03125 0.0734375
3 0.39765625 0.57890625 0.07734375 0.14609375
1 0.31015625 0.51796875 0.03046875 0.08125
3 0.3171875 0.565625 0.075 0.18671875
1 0.2421875 0.5046875 0.03203125 0.06640625
3 0.24453125 0.55625 0.075 0.17890625
1 0.28125 0.2671875 0.0234375 0.05859375
3 0.275 0.29296875 0.0546875 0.115625
1 0.2109375 0.31015625 0.02421875 0.04453125
0 0.21953125 0.334375 0.05859375 0.11953125
1 0.15390625 0.23046875 0.01875 0.04375
3 0.1578125 0.25703125 0.04765625 0.1046875
3 0.1984375 0.190625 0.03671875 0.06953125
1 0.15546875 0.19296875 0.01640625 0.03046875
3 0.16171875 0.20625 0.03359375 0.05625
1 0.1890625 0.1359375 0.01484375 0.03359375
3 0.196875 0.14453125 0.03515625 0.05703125
1 0.253125 0.07890625 0.01640625 0.0296875
3 0.25625 0.09375 0.04296875 0.06484375