1 0.49609375 0.56875 0.0375 0.0765625
1 0.58359375 0.5265625 0.0375 0.071875
3 0.57890625 0.57421875 0.0796875 0.16875
3 0.48984375 0.60625 0.084375 0.1515625
2 0.7875 0.59140625 0.0359375 0.078125
3 0.79375 0.63125 0.0890625 0.1734375
1 0.98984375 0.74453125 0.0203125 0.0640625
3 0.965625 0.78125 0.06875 0.146875
1 0.9296875 0.55703125 0.025 0.053125
1 0.9640625 0.553125 0.021875 0.05
3 0.95390625 0.59453125 0.05 0.1328125
3 0.90703125 0.58984375 0.078125 0.1234375
2 0.7625 0.4109375 0.0265625 0.05625
1 0.57421875 0.41484375 0.0375 0.0703125
1 0.4859375 0.4 0.034375 0.065625
3 0.48203125 0.440625 0.0796875 0.140625
3 0.56953125 0.446875 0.0890625 0.134375
2 0.63828125 0.37109375 0.034375 0.0734375
3 0.63515625 0.41171875 0.078125 0.1578125
2 0.71640625 0.38203125 0.03125 0.065625
3 0.7109375 0.4296875 0.078125 0.1578125
3 0.7609375 0.4546875 0.065625 0.1484375
1 0.8375 0.35078125 0.021875 0.05
1 0.884375 0.36640625 0.0234375 0.0546875
3 0.8734375 0.39140625 0.05 0.096875
3 0.82578125 0.3765625 0.0515625 0.1109375
0 0.72109375 0.35546875 0.0640625 0.0890625
1 0.6765625 0.29296875 0.025 0.059375
3 0.66875 0.31640625 0.053125 0.109375
1 0.62890625 0.32265625 0.025 0.04375
0 0.61953125 0.3375 0.071875 0.084375
1 0.56953125 0.296875 0.0296875 0.0515625
3 0.5609375 0.31484375 0.0609375 0.0921875
1 0.24765625 0.534375 0.0359375 0.065625
1 0.31328125 0.52734375 0.0359375 0.0828125
1 0.39609375 0.52890625 0.0390625 0.0734375
3 0.40234375 0.57578125 0.084375 0.16875
3 0.3234375 0.57578125 0.084375 0.184375
3 0.25546875 0.58125 0.0765625 0.159375
1 0.4859375 0.3375 0.034375 0.0609375
0 0.49453125 0.34375 0.0734375 0.1015625
3 0.42890625 0.3171875 0.0703125 0.121875
2 0.36953125 0.2671875 0.03125 0.0578125
3 0.375 0.30703125 0.0609375 0.140625
1 0.0296875 0.59140625 0.0296875 0.059375
3 0.05 0.62265625 0.0828125 0.15
2 0.30703125 0.27578125 0.0296875 0.0640625
3 0.3125 0.315625 0.071875 0.146875
1 0.24296875 0.30703125 0.0296875 0.0515625
3 0.25859375 0.34375 0.065625 0.13125
1 0.2015625 0.321875 0.025 0.0546875
0 0.20390625 0.35234375 0.0640625 0.121875
2 0.14140625 0.24453125 0.0203125 0.0515625
3 0.14453125 0.2734375 0.0515625 0.109375
1 0.16875 0.2015625 0.021875 0.0453125
3 0.17890625 0.215625 0.0546875 0.071875
3 0.1453125 0.2234375 0.0390625 0.0640625
1 0.23671875 0.2421875 0.021875 0.040625
0 0.240625 0.2546875 0.0671875 0.0671875
1 0.1765625 0.16875 0.0203125 0.0359375
0 0.17734375 0.17265625 0.040625 0.0484375
1 0.23515625 0.08671875 0.01875 0.0359375
3 0.23359375 0.1046875 0.0484375 0.071875
1 0.27578125 0.15078125 0.0203125 0.0359375
3 0.28125 0.16640625 0.0484375 0.065625
1 0.32421875 0.13984375 0.021875 0.0421875
3 0.3265625 0.1609375 0.0484375 0.08125
1 0.36953125 0.15234375 0.0234375 0.0375
0 0.36875 0.1625 0.0421875 0.053125
1 0.26796875 0.109375 0.01875 0.0328125
3 0.2671875 0.121875 0.0453125 0.059375
1 0.3234375 0.1078125 0.0203125 0.0328125
0 0.31640625 0.115625 0.0453125 0.0515625
1 0.36015625 0.10078125 0.01875 0.03125
0 0.3546875 0.1125 0.0453125 0.0578125
1 0.2984375 0.2078125 0.025 0.0453125
3 0.29921875 0.2265625 0.059375 0.0875
1 0.3796875 0.20859375 0.028125 0.05
0 0.371875 0.2234375 0.0671875 0.0796875
1 0.43671875 0.209375 0.025 0.0453125
0 0.43984375 0.21484375 0.065625 0.084375
2 0.49609375 0.16796875 0.0265625 0.046875
3 0.4984375 0.19375 0.05 0.10625
1 0.29296875 0.06953125 0.01875 0.0328125
0 0.2921875 0.0796875 0.0390625 0.0546875
1 0.3015625 0.0375 0.015625 0.028125
3 0.3046875 0.04375 0.034375 0.046875
1 0.33125 0.0640625 0.01875 0.0328125
3 0.32734375 0.071875 0.0375 0.0515625
1 0.3640625 0.06015625 0.0140625 0.0265625
3 0.3640625 0.0671875 0.0421875 0.0578125
1 0.39609375 0.0609375 0.0171875 0.0296875
0 0.40234375 0.0640625 0.034375 0.0453125
1 0.4390625 0.0453125 0.0171875 0.0328125
3 0.4390625 0.0578125 0.04375 0.059375
1 0.39140625 0.0234375 0.0171875 0.028125
3 0.39375 0.0328125 0.0328125 0.05
1 0.428125 0.021875 0.015625 0.0296875
3 0.4265625 0.03203125 0.03125 0.0515625
1 0.46953125 0.01875 0.0125 0.028125
3 0.46875 0.0296875 0.0328125 0.053125
1 0.47890625 0.0421875 0.015625 0.03125
3 0.4796875 0.05703125 0.0359375 0.0578125
1 0.43828125 0.07890625 0.0203125 0.03125
1 0.4203125 0.11953125 0.01875 0.0375
3 0.44140625 0.09453125 0.0421875 0.065625
3 0.42265625 0.14296875 0.05 0.0859375
1 0.4921875 0.09296875 0.01875 0.03125
0 0.4859375 0.103125 0.0515625 0.059375
1 0.50234375 0.1328125 0.021875 0.0453125
3 0.4921875 0.14921875 0.05625 0.0734375
1 0.52109375 0.07734375 0.015625 0.0328125
3 0.5203125 0.0921875 0.040625 0.0671875
1 0.5015625 0.025 0.0125 0.025
3 0.4984375 0.0296875 0.028125 0.05
1 0.52578125 0.02734375 0.015625 0.0265625
3 0.5234375 0.0359375 0.0375 0.0453125
1 0.56484375 0.0390625 0.0171875 0.03125
1 0.546875 0.06484375 0.0140625 0.028125
0 0.54296875 0.0671875 0.0328125 0.046875
0 0.56171875 0.04296875 0.0328125 0.0453125
1 0.5890625 0.05078125 0.0171875 0.03125
3 0.58671875 0.0625 0.0390625 0.0609375
1 0.5984375 0.028125 0.015625 0.03125
2 0.56015625 0.07734375 0.0171875 0.0359375
3 0.56015625 0.0890625 0.040625 0.071875
1 0.6015625 0.09921875 0.021875 0.0328125
3 0.60234375 0.11171875 0.0484375 0.065625
1 0.5484375 0.134375 0.0234375 0.0453125
3 0.54609375 0.16015625 0.053125 0.0890625
1 0.628125 0.0609375 0.015625 0.0296875
3 0.625 0.071875 0.034375 0.05625
1 0.55625 0.19296875 0.021875 0.0453125
3 0.5515625 0.21953125 0.053125 0.096875
2 0.5828125 0.18125 0.025 0.046875
3 0.58828125 0.20625 0.04375 0.1078125
1 0.5953125 0.15078125 0.0203125 0.0359375
0 0.5953125 0.16328125 0.0484375 0.065625
1 0.64140625 0.15234375 0.021875 0.0375
3 0.63515625 0.16328125 0.0453125 0.065625
1 0.6484375 0.10859375 0.01875 0.0296875
3 0.64375 0.11796875 0.0421875 0.0515625
1 0.66171875 0.046875 0.0125 0.028125
3 0.65546875 0.06328125 0.03125 0.05625
1 0.6921875 0.0546875 0.0140625 0.0265625
3 0.684375 0.06875 0.028125 0.0546875
1 0.71640625 0.08671875 0.015625 0.03125
3 0.71171875 0.09921875 0.0328125 0.05625
1 0.7421875 0.1328125 0.0203125 0.03125
0 0.7328125 0.13828125 0.0421875 0.0453125
1 0.74609375 0.1625 0.0203125 0.03125
3 0.740625 0.178125 0.046875 0.0703125
1 0.77109375 0.17578125 0.015625 0.0328125
3 0.76796875 0.18046875 0.0296875 0.0546875
1 0.77265625 0.221875 0.0203125 0.034375
1 0.80859375 0.23359375 0.0234375 0.04375
0 0.7625 0.22890625 0.05 0.065625
3 0.8 0.24375 0.040625 0.0703125
3 0.81015625 0.3390625 0.01875 0.0296875
1 0.8125 0.3 0.0234375 0.04375
0 0.79453125 0.3125 0.0640625 0.1
1 0.8421875 0.29609375 0.0234375 0.0453125
3 0.8375 0.3125 0.0421875 0.0765625
1 0.14140625 0.21171875 0.021875 0.0375