1 0.02109375 0.56484375 0.0328125 0.07421875
3 0.0421875 0.60625 0.078125 0.17109375
1 0.25 0.53125 0.03203125 0.06953125
3 0.253125 0.56875 0.06484375 0.15390625
1 0.3125 0.52265625 0.0296875 0.08046875
3 0.32265625 0.55625 0.07109375 0.18125
1 0.39140625 0.53515625 0.03515625 0.0703125
3 0.4 0.578125 0.0828125 0.15546875
1 0.471875 0.53046875 0.03359375 0.0703125
3 0.478125 0.5765625 0.07421875 0.1609375
1 0.58125 0.53125 0.03203125 0.065625
3 0.57890625 0.56796875 0.07421875 0.15625
1 0.92265625 0.56875 0.02109375 0.05546875
3 0.90078125 0.59296875 0.06484375 0.10859375
1 0.9625 0.60625 0.02421875 0.05078125
3 0.95078125 0.6265625 0.04921875 0.0984375
2 0.7671875 0.428125 0.025 0.06328125
3 0.76328125 0.4734375 0.05703125 0.15546875
2 0.72265625 0.39296875 0.02578125 0.06796875
3 0.7171875 0.43125 0.06640625 0.14921875
1 0.65390625 0.39296875 0.03046875 0.065625
3 0.6421875 0.43125 0.07109375 0.14140625
1 0.58125 0.40546875 0.0296875 0.06875
3 0.56953125 0.43046875 0.07421875 0.11875
1 0.49296875 0.403125 0.0265625 0.05859375
3 0.484375 0.43125 0.0765625 0.11953125
1 0.8453125 0.36796875 0.01953125 0.04921875
3 0.83203125 0.403125 0.040625 0.1140625
1 0.88671875 0.3765625 0.0234375 0.053125
3 0.8765625 0.40390625 0.03984375 0.10859375
1 0.68671875 0.30546875 0.0203125 0.05625
3 0.6765625 0.31875 0.04453125 0.10390625
1 0.6421875 0.31796875 0.02265625 0.046875
0 0.62578125 0.33046875 0.05703125 0.08671875
1 0.57578125 0.30078125 0.02421875 0.0484375
3 0.5703125 0.31640625 0.05390625 0.08203125
0 0.50078125 0.34140625 0.06640625 0.09609375
1 0.45078125 0.3140625 0.02890625 0.053125
0 0.44375 0.3265625 0.05859375 0.078125
2 0.3765625 0.25546875 0.02734375 0.05546875
3 0.38515625 0.29375 0.05234375 0.1203125
3 0.32265625 0.30703125 0.06484375 0.11875
2 0.2546875 0.2890625 0.028125 0.05078125
3 0.265625 0.32890625 0.05625 0.13359375
1 0.209375 0.303125 0.0234375 0.04296875
0 0.21328125 0.31796875 0.05546875 0.09375
2 0.1515625 0.228125 0.02421875 0.04453125
3 0.15546875 0.253125 0.05 0.103125
1 0.2515625 0.228125 0.01953125 0.03984375
0 0.2546875 0.24140625 0.059375 0.065625
1 0.3125 0.19296875 0.0203125 0.04375
3 0.3140625 0.21875 0.05078125 0.0796875
1 0.3953125 0.20390625 0.01953125 0.04296875
0 0.3875 0.21875 0.06015625 0.078125
1 0.51953125 0.19296875 0.02109375 0.03828125
3 0.5125 0.21640625 0.0546875 0.08359375
1 0.571875 0.19296875 0.0203125 0.04375
3 0.5640625 0.21875 0.04453125 0.09453125
2 0.60703125 0.18046875 0.01875 0.04375
3 0.60703125 0.20546875 0.040625 0.10546875
1 0.18515625 0.18515625 0.01796875 0.03671875
3 0.19375 0.20078125 0.0421875 0.06953125
1 0.81953125 0.30546875 0.01953125 0.04453125
0 0.80078125 0.33046875 0.05703125 0.096875
1 0.846875 0.31328125 0.0203125 0.04453125
1 0.81953125 0.23046875 0.01796875 0.0390625
3 0.81640625 0.25390625 0.03828125 0.0796875
1 0.78203125 0.22890625 0.01640625 0.0359375
3 0.77578125 0.24296875 0.040625 0.08046875
0 0.7875 0.20546875 0.02890625 0.0484375
1 0.7609375 0.16953125 0.01640625 0.03984375
3 0.75390625 0.18046875 0.03515625 0.06875
1 0.659375 0.15546875 0.0171875 0.03125
3 0.6515625 0.17578125 0.04453125 0.06328125
1 0.61875 0.14375 0.0203125 0.03046875
1 0.575 0.14375 0.01953125 0.04453125
3 0.56484375 0.16328125 0.05 0.08203125
1 0.51953125 0.13125 0.01953125 0.04140625
3 0.515625 0.14296875 0.05390625 0.08046875
1 0.440625 0.10546875 0.0203125 0.04453125
3 0.4421875 0.13046875 0.04609375 0.09453125
1 0.38828125 0.14296875 0.01796875 0.03046875
0 0.38671875 0.15546875 0.03984375 0.05390625
1 0.33828125 0.140625 0.02109375 0.034375
0 0.34375 0.153125 0.03984375 0.06171875
1 0.3 0.13046875 0.0171875 0.0390625
3 0.2984375 0.14296875 0.04140625 0.06953125
1 0.19609375 0.1515625 0.01875 0.03671875
2 0.66796875 0.10546875 0.01328125 0.03359375
3 0.665625 0.11796875 0.03828125 0.05859375
1 0.6203125 0.1 0.01796875 0.03359375
0 0.621875 0.115625 0.0453125 0.05546875
1 0.584375 0.08125 0.0140625 0.03828125
3 0.58203125 0.09296875 0.03515625 0.06953125
1 0.546875 0.0875 0.01796875 0.03046875
3 0.54140625 0.096875 0.034375 0.05546875
1 0.515625 0.09375 0.0171875 0.0296875
3 0.50703125 0.10625 0.04609375 0.0546875
1 0.37265625 0.078125 0.01796875 0.02890625
3 0.37734375 0.09296875 0.0453125 0.06953125
1 0.290625 0.09921875 0.01640625 0.03359375
3 0.2875 0.11171875 0.03984375 0.05859375
1 0.25234375 0.08125 0.0140625 0.02890625
0 0.26015625 0.09375 0.0375 0.0515625
1 0.76171875 0.14375 0.01953125 0.03125
0 0.753125 0.15078125 0.0421875 0.04453125
1 0.7375 0.10078125 0.0140625 0.0296875
3 0.73359375 0.11171875 0.0296875 0.05625
1 0.6515625 0.07734375 0.01640625 0.02890625
3 0.64765625 0.0859375 0.03046875 0.04453125
2 0.6140625 0.0515625 0.015625 0.03125
3 0.609375 0.06640625 0.0328125 0.06171875
1 0.50390625 0.04296875 0.01484375 0.03125
3 0.503125 0.05625 0.03359375 0.05859375
1 0.46328125 0.04140625 0.01484375 0.03359375
3 0.4625 0.05390625 0.03828125 0.06015625
3 0.390625 0.05546875 0.03203125 0.05703125
1 0.35625 0.05390625 0.01328125 0.025
0 0.35234375 0.06640625 0.03828125 0.0515625
1 0.31640625 0.05859375 0.01640625 0.034375
3 0.3140625 0.06875 0.03671875 0.0515625
1 0.3265625 0.028125 0.01328125 0.025
3 0.328125 0.0359375 0.03203125 0.04453125
1 0.41640625 0.0265625 0.01328125 0.028125
0 0.41796875 0.03359375 0.03359375 0.040625
1 0.5546875 0.03046875 0.01015625 0.02578125
0 0.55 0.03046875 0.03359375 0.04453125
0 0.5203125 0.02734375 0.01328125 0.0265625
1 0.4953125 0.01640625 0.01171875 0.02578125
3 0.49375 0.02890625 0.0296875 0.05
3 0.5234375 0.03125 0.021875 0.04140625
1 0.5859375 0.040625 0.01328125 0.02890625
0 0.58515625 0.04296875 0.03203125 0.0359375
1 0.68203125 0.0640625 0.01484375 0.02421875
3 0.675 0.07578125 0.02890625 0.05078125
1 0.71328125 0.065625 0.01171875 0.025
3 0.70625 0.0765625 0.02578125 0.0484375
1 0.98046875 0.790625 0.0265625 0.06015625
3 0.95546875 0.8171875 0.07890625 0.14140625
0 0.8078125 0.65234375 0.109375 0.1234375
0 0.45390625 0.21875 0.06015625 0.08671875
0 0.3328125 0.10546875 0.046875 0.04453125
1 0.453125 0.021875 0.01484375 0.03125
3 0.46171875 0.09765625 0.03984375 0.05625
3 0.45078125 0.03125 0.02578125 0.04921875
0 0.19453125 0.15703125 0.03671875 0.04921875