1 0.025 0.58984375 0.0359375 0.0765625
3 0.0484375 0.6296875 0.0875 0.175
1 0.25234375 0.54453125 0.0359375 0.071875
3 0.25703125 0.58125 0.0734375 0.1578125
1 0.3140625 0.5328125 0.034375 0.08125
3 0.32578125 0.565625 0.08125 0.184375
1 0.39375 0.540625 0.0390625 0.071875
3 0.40390625 0.58359375 0.090625 0.159375
1 0.4734375 0.53203125 0.0375 0.071875
3 0.48203125 0.57734375 0.0828125 0.1640625
1 0.5828125 0.52734375 0.0359375 0.0671875
3 0.58203125 0.5640625 0.0828125 0.159375
1 0.92578125 0.546875 0.0234375 0.05625
3 0.90546875 0.571875 0.0703125 0.1125
1 0.9671875 0.58203125 0.0265625 0.0515625
3 0.95703125 0.603125 0.0546875 0.1015625
2 0.76328125 0.4140625 0.028125 0.0640625
3 0.76171875 0.459375 0.065625 0.1578125
2 0.71640625 0.38125 0.0296875 0.06875
3 0.71328125 0.4203125 0.0734375 0.153125
1 0.6484375 0.38515625 0.034375 0.0671875
3 0.63828125 0.42421875 0.078125 0.1453125
1 0.5765625 0.4015625 0.0328125 0.0703125
3 0.565625 0.4265625 0.0796875 0.121875
1 0.48828125 0.40390625 0.0296875 0.059375
3 0.48046875 0.43203125 0.0828125 0.1234375
1 0.83828125 0.35 0.021875 0.05
3 0.8265625 0.3859375 0.046875 0.115625
1 0.8796875 0.35625 0.0265625 0.0546875
3 0.87109375 0.384375 0.0453125 0.1109375
1 0.6765625 0.29609375 0.0234375 0.0578125
3 0.6671875 0.309375 0.05 0.10625
1 0.6328125 0.3109375 0.025 0.0484375
0 0.61640625 0.32421875 0.0609375 0.0890625
1 0.565625 0.296875 0.0265625 0.05
3 0.5609375 0.31328125 0.0578125 0.084375
0 0.4921875 0.34140625 0.071875 0.1
1 0.44140625 0.3171875 0.03125 0.0546875
0 0.434375 0.3296875 0.0625 0.08125
2 0.3640625 0.2625 0.0296875 0.05625
3 0.37421875 0.3 0.0578125 0.1234375
3 0.3125 0.31640625 0.0703125 0.121875
2 0.24375 0.30234375 0.03125 0.0515625
3 0.25703125 0.34140625 0.0625 0.1359375
1 0.19921875 0.31875 0.025 0.04375
0 0.20390625 0.33359375 0.0609375 0.096875
2 0.1375 0.246875 0.0265625 0.0453125
3 0.14296875 0.271875 0.0546875 0.10625
1 0.2375 0.24140625 0.021875 0.040625
0 0.24140625 0.2546875 0.0625 0.06875
1 0.296875 0.203125 0.021875 0.0453125
3 0.29921875 0.22890625 0.0546875 0.0828125
1 0.3796875 0.21015625 0.021875 0.04375
0 0.37265625 0.225 0.0640625 0.08125
1 0.503125 0.1921875 0.0234375 0.0390625
3 0.49765625 0.21640625 0.059375 0.0859375
1 0.55546875 0.18984375 0.021875 0.0453125
3 0.54921875 0.215625 0.05 0.096875
2 0.58984375 0.175 0.0203125 0.0453125
3 0.59140625 0.2 0.0453125 0.1078125
1 0.16875 0.20234375 0.0203125 0.0375
3 0.178125 0.2171875 0.0453125 0.071875
1 0.80859375 0.2890625 0.021875 0.0453125
0 0.79140625 0.31484375 0.0625 0.1
1 0.83671875 0.2953125 0.021875 0.0453125
1 0.8046875 0.2140625 0.0203125 0.040625
3 0.803125 0.2375 0.0421875 0.08125
1 0.7671875 0.21484375 0.01875 0.0375
3 0.76171875 0.22890625 0.0453125 0.0828125
0 0.771875 0.190625 0.03125 0.05
1 0.74296875 0.15625 0.01875 0.040625
3 0.73671875 0.16796875 0.0390625 0.0703125
1 0.64140625 0.14765625 0.01875 0.0328125
3 0.634375 0.16796875 0.0484375 0.065625
1 0.6 0.13828125 0.021875 0.03125
1 0.55625 0.140625 0.021875 0.0453125
3 0.546875 0.16015625 0.0546875 0.084375
1 0.5 0.13046875 0.021875 0.0421875
3 0.496875 0.14296875 0.0578125 0.0828125
1 0.4203125 0.109375 0.021875 0.0453125
3 0.42265625 0.134375 0.0515625 0.096875
1 0.36953125 0.14921875 0.0203125 0.03125
0 0.36875 0.16171875 0.0421875 0.05625
1 0.31953125 0.14921875 0.0234375 0.0359375
0 0.32578125 0.16171875 0.04375 0.0640625
1 0.28125 0.14140625 0.01875 0.040625
3 0.2796875 0.15390625 0.0453125 0.071875
1 0.178125 0.16796875 0.0203125 0.0375
2 0.646875 0.096875 0.015625 0.034375
3 0.6453125 0.11015625 0.040625 0.0609375
1 0.59921875 0.09453125 0.0203125 0.034375
0 0.6015625 0.11015625 0.0484375 0.0578125
1 0.5625 0.07734375 0.015625 0.0390625
3 0.5609375 0.0890625 0.0390625 0.071875
1 0.525 0.0859375 0.0203125 0.03125
3 0.5203125 0.0953125 0.0375 0.0578125
1 0.49453125 0.09375 0.01875 0.03125
3 0.48671875 0.10625 0.0484375 0.05625
1 0.35078125 0.08515625 0.01875 0.0296875
3 0.35625 0.1 0.0484375 0.071875
1 0.2703125 0.1109375 0.01875 0.034375
3 0.2671875 0.1234375 0.0421875 0.0609375
1 0.23046875 0.09453125 0.015625 0.0296875
0 0.2390625 0.10703125 0.040625 0.053125
1 0.74296875 0.13046875 0.021875 0.0328125
0 0.734375 0.13828125 0.04375 0.046875
1 0.71640625 0.0890625 0.015625 0.0296875
3 0.71328125 0.1 0.0328125 0.0578125
1 0.62890625 0.0703125 0.0171875 0.0296875
3 0.62578125 0.07890625 0.0328125 0.0453125
2 0.590625 0.04609375 0.0171875 0.03125
3 0.58671875 0.0609375 0.0359375 0.0640625
1 0.4796875 0.04375 0.0171875 0.03125
3 0.4796875 0.05703125 0.0359375 0.0609375
1 0.4390625 0.04375 0.0171875 0.034375
3 0.4390625 0.05625 0.040625 0.0625
3 0.3671875 0.06171875 0.034375 0.059375
1 0.3328125 0.06171875 0.0140625 0.025
0 0.3296875 0.075 0.040625 0.053125
1 0.29375 0.06875 0.01875 0.0359375
3 0.29140625 0.07890625 0.0390625 0.053125
1 0.30234375 0.0375 0.0140625 0.025
3 0.30390625 0.0453125 0.034375 0.046875
1 0.39140625 0.03125 0.0140625 0.028125
0 0.39375 0.03828125 0.0359375 0.0421875
1 0.5296875 0.028125 0.0109375 0.0265625
0 0.525 0.028125 0.0359375 0.046875
0 0.4953125 0.0265625 0.0140625 0.0265625
1 0.4703125 0.0171875 0.0125 0.0265625
3 0.46875 0.0296875 0.0328125 0.0515625
3 0.49921875 0.03046875 0.0234375 0.0421875
1 0.56171875 0.03671875 0.0140625 0.0296875
0 0.5609375 0.0390625 0.034375 0.0375
1 0.65859375 0.05546875 0.015625 0.025
3 0.65234375 0.0671875 0.03125 0.0515625
1 0.690625 0.0546875 0.0125 0.025
3 0.68359375 0.06640625 0.028125 0.05
1 0.98984375 0.76484375 0.0203125 0.0609375
3 0.9640625 0.79296875 0.071875 0.1453125
0 0.815625 0.6359375 0.115625 0.1296875
0 0.4390625 0.221875 0.0640625 0.0890625
0 0.3125 0.11484375 0.0484375 0.046875
1 0.428125 0.025 0.0171875 0.03125
3 0.440625 0.1 0.0421875 0.0578125
3 0.4265625 0.034375 0.028125 0.05
0 0.17734375 0.1734375 0.0390625 0.0515625