2 0.84765625 0.63203125 0.03359375 0.071875
0 0.80859375 0.66015625 0.1109375 0.13125
1 0.98125 0.79140625 0.02578125 0.05546875
3 0.95703125 0.80625 0.07890625 0.13046875
1 0.925 0.58046875 0.021875 0.0546875
1 0.9625 0.60625 0.02109375 0.0515625
3 0.95 0.628125 0.05078125 0.1
3 0.9015625 0.60859375 0.06875 0.1203125
2 0.7671875 0.428125 0.02578125 0.06328125
2 0.72265625 0.39375 0.02578125 0.06640625
3 0.7640625 0.46796875 0.05859375 0.15078125
3 0.715625 0.440625 0.0703125 0.15703125
1 0.88828125 0.3859375 0.021875 0.0546875
1 0.84453125 0.36953125 0.02109375 0.05
3 0.83359375 0.403125 0.0453125 0.1140625
3 0.8765625 0.4078125 0.04375 0.10078125
1 0.84375 0.30390625 0.0203125 0.03984375
1 0.81953125 0.31171875 0.02421875 0.046875
0 0.803125 0.3234375 0.0578125 0.08203125
1 0.8234375 0.24375 0.01953125 0.0390625
1 0.784375 0.23046875 0.01796875 0.0390625
3 0.815625 0.25625 0.0390625 0.071875
0 0.77890625 0.24453125 0.03984375 0.07421875
1 0.68515625 0.3 0.025 0.05546875
3 0.67578125 0.3265625 0.04765625 0.1109375
2 0.64375 0.378125 0.02890625 0.06171875
3 0.63828125 0.41796875 0.06953125 0.153125
1 0.5859375 0.53125 0.03125 0.071875
3 0.58125 0.5765625 0.0734375 0.1640625
1 0.4734375 0.534375 0.0375 0.08046875
3 0.47578125 0.59296875 0.07734375 0.196875
1 0.3875 0.55703125 0.03359375 0.0703125
3 0.39609375 0.5875 0.0765625 0.13046875
1 0.3109375 0.515625 0.03203125 0.0859375
3 0.31953125 0.56875 0.071875 0.18125
1 0.24609375 0.52265625 0.03046875 0.06796875
3 0.25234375 0.56953125 0.0703125 0.16328125
1 0.02890625 0.56328125 0.02734375 0.0640625
3 0.046875 0.6 0.0703125 0.15546875
2 0.15390625 0.2265625 0.02109375 0.046875
3 0.15703125 0.25625 0.04375 0.103125
1 0.15703125 0.19375 0.01640625 0.03359375
1 0.18515625 0.18203125 0.01953125 0.04296875
3 0.19453125 0.19921875 0.046875 0.06875
1 0.2515625 0.22578125 0.02265625 0.04375
1 0.2109375 0.31328125 0.02578125 0.05078125
0 0.21328125 0.3375 0.05859375 0.11953125
1 0.25546875 0.29296875 0.02734375 0.05078125
3 0.2671875 0.33125 0.0625 0.13515625
0 0.253125 0.23828125 0.0609375 0.06953125
1 0.33046875 0.29921875 0.02734375 0.05625
3 0.32265625 0.3296875 0.065625 0.11640625
1 0.19453125 0.15078125 0.01796875 0.03046875
0 0.19453125 0.15625 0.03828125 0.0453125
1 0.38203125 0.2609375 0.02578125 0.05703125
1 0.31328125 0.19921875 0.02109375 0.04609375
3 0.315625 0.2171875 0.05234375 0.08046875
1 0.25703125 0.0734375 0.01796875 0.03203125
3 0.25703125 0.09140625 0.04375 0.06875
1 0.290625 0.09609375 0.0171875 0.03671875
3 0.28828125 0.1109375 0.040625 0.05625
1 0.33125 0.09453125 0.01953125 0.03203125
0 0.334375 0.10625 0.0421875 0.053125
1 0.31640625 0.05390625 0.01484375 0.02890625
3 0.3140625 0.06796875 0.03984375 0.05625
1 0.49140625 0.40078125 0.03125 0.06328125
3 0.48515625 0.434375 0.07890625 0.13828125
1 0.578125 0.41796875 0.03203125 0.065625
3 0.571875 0.4515625 0.08203125 0.13671875
1 0.5796875 0.30390625 0.02421875 0.046875
3 0.571875 0.321875 0.0546875 0.08125
1 0.63828125 0.32890625 0.02578125 0.04375
0 0.62890625 0.34375 0.06875 0.08515625
0 0.72578125 0.3671875 0.05859375 0.084375
3 0.57265625 0.26796875 0.05546875 0.03046875
2 0.60703125 0.17890625 0.01796875 0.03984375
3 0.60625 0.209375 0.0421875 0.10546875
2 0.5703125 0.19609375 0.02265625 0.04921875
3 0.5671875 0.21953125 0.04453125 0.09921875
1 0.7875 0.1828125 0.01953125 0.0359375
3 0.78515625 0.19375 0.02578125 0.05390625
1 0.76328125 0.1703125 0.01953125 0.0390625
3 0.75703125 0.18828125 0.03984375 0.06953125
2 0.66015625 0.1609375 0.01875 0.03203125
3 0.653125 0.17265625 0.04296875 0.06171875
1 0.615625 0.15625 0.01484375 0.03046875
0 0.61171875 0.16875 0.0453125 0.06484375
1 0.57578125 0.14296875 0.01640625 0.03828125
2 0.5171875 0.15625 0.01796875 0.03984375
3 0.5125 0.1921875 0.0484375 0.11796875
3 0.5640625 0.16796875 0.04921875 0.090625
1 0.6703125 0.11875 0.01640625 0.03125
0 0.66328125 0.12578125 0.0375 0.05
1 0.7609375 0.14453125 0.01796875 0.0296875
0 0.7515625 0.1484375 0.04140625 0.04375
1 0.7375 0.10078125 0.0140625 0.03046875
3 0.734375 0.11171875 0.03203125 0.0546875
1 0.7125 0.0640625 0.0140625 0.0265625
3 0.70703125 0.07578125 0.02578125 0.05546875
1 0.68203125 0.05546875 0.01484375 0.0265625
3 0.675 0.06796875 0.03125 0.06015625
2 0.29921875 0.13359375 0.01796875 0.040625
3 0.3 0.15390625 0.0453125 0.07890625
1 0.3453125 0.1359375 0.01875 0.04375
3 0.3453125 0.15078125 0.04140625 0.08046875
1 0.38515625 0.1515625 0.021875 0.03828125
0 0.38671875 0.15546875 0.0390625 0.0515625
1 0.4421875 0.115625 0.01875 0.04296875
3 0.44296875 0.13828125 0.04765625 0.09375
1 0.38125 0.09375 0.01796875 0.03359375
0 0.37734375 0.10625 0.04453125 0.0546875
1 0.45078125 0.2078125 0.02421875 0.046875
1 0.3953125 0.20546875 0.02265625 0.04453125
0 0.4546875 0.21796875 0.06015625 0.08828125
0 0.38828125 0.21875 0.059375 0.08125
3 0.38515625 0.30625 0.053125 0.153125
1 0.46015625 0.30625 0.02890625 0.0546875
0 0.44453125 0.33046875 0.0625 0.10390625
1 0.49453125 0.34140625 0.02890625 0.05625
0 0.5015625 0.34375 0.06640625 0.0953125
1 0.51328125 0.1203125 0.01953125 0.03671875
3 0.5140625 0.14375 0.05390625 0.08046875
1 0.459375 0.09296875 0.01484375 0.02890625
3 0.46328125 0.0953125 0.03828125 0.0515625
1 0.51328125 0.09375 0.01640625 0.03125
3 0.50625 0.10546875 0.05078125 0.0515625
1 0.3875 0.053125 0.01640625 0.03046875
1 0.35546875 0.05625 0.01484375 0.02890625
1 0.32578125 0.02890625 0.01484375 0.028125
3 0.3296875 0.03515625 0.03046875 0.04453125
3 0.35234375 0.06328125 0.0328125 0.05078125
1 0.41953125 0.05546875 0.015625 0.02578125
0 0.425 0.05859375 0.0328125 0.05
1 0.415625 0.03046875 0.01484375 0.0296875
1 0.5015625 0.0421875 0.01484375 0.03203125
1 0.4625 0.04375 0.01640625 0.03359375
3 0.46328125 0.05546875 0.040625 0.059375
3 0.50234375 0.05390625 0.0328125 0.05859375
1 0.45390625 0.01875 0.015625 0.0265625
3 0.45078125 0.03046875 0.02578125 0.0484375
1 0.54375 0.08671875 0.01640625 0.03203125
3 0.5421875 0.0984375 0.03515625 0.05625
1 0.51875 0.03203125 0.0140625 0.025
1 0.49375 0.0171875 0.0125 0.0265625
3 0.490625 0.02890625 0.02890625 0.05
1 0.546875 0.0234375 0.0140625 0.03046875
3 0.52265625 0.0359375 0.025 0.04140625
3 0.546875 0.03125 0.02734375 0.04921875
1 0.5890625 0.04375 0.01328125 0.02578125
3 0.58671875 0.046875 0.03046875 0.0390625
1 0.56875 0.06640625 0.01484375 0.02890625
0 0.56484375 0.071875 0.0296875 0.04453125
2 0.58359375 0.07890625 0.0140625 0.034375
3 0.5828125 0.09375 0.03359375 0.06875
1 0.625 0.10625 0.01640625 0.034375
0 0.62265625 0.11796875 0.04453125 0.06015625
1 0.61328125 0.05546875 0.01484375 0.0296875
3 0.61015625 0.06796875 0.03671875 0.0546875
3 0.646875 0.0796875 0.0296875 0.05
1 0.621875 0.0359375 0.01484375 0.03125
3 0.3875 0.06171875 0.03984375 0.05625