1 0.0203125 0.44921875 0.040625 0.0609375
3 0.0421875 0.4921875 0.084375 0.146875
1 0.25078125 0.45625 0.05 0.0703125
3 0.24453125 0.50546875 0.1 0.16875
1 0.3125 0.47265625 0.0515625 0.084375
3 0.3109375 0.52265625 0.1140625 0.19375
1 0.38828125 0.50703125 0.05 0.08125
3 0.3828125 0.54921875 0.1171875 0.1703125
1 0.46953125 0.52265625 0.05 0.078125
3 0.46328125 0.56171875 0.1140625 0.1828125
1 0.57109375 0.54921875 0.05 0.0765625
0 0.5578125 0.5953125 0.1125 0.178125
1 0.8953125 0.68671875 0.0359375 0.0609375
3 0.86640625 0.7140625 0.096875 0.1375
1 0.91484375 0.69921875 0.0328125 0.05625
1 0.89609375 0.89765625 0.040625 0.0671875
3 0.8671875 0.91171875 0.1078125 0.15625
2 0.77890625 0.49140625 0.0421875 0.0703125
3 0.7640625 0.53828125 0.0921875 0.1640625
2 0.74140625 0.453125 0.04375 0.075
3 0.725 0.490625 0.10625 0.16875
2 0.66484375 0.41953125 0.0453125 0.075
3 0.65546875 0.45859375 0.1109375 0.1640625
1 0.6 0.434375 0.05 0.0765625
3 0.58046875 0.46171875 0.10625 0.15625
1 0.51640625 0.4046875 0.04375 0.0671875
3 0.503125 0.4296875 0.10625 0.1390625
1 0.72890625 0.35703125 0.034375 0.0578125
3 0.715625 0.37578125 0.0703125 0.1125
1 0.68359375 0.35859375 0.0375 0.053125
3 0.6140625 0.340625 0.071875 0.103125
1 0.6265625 0.32578125 0.034375 0.0546875
1 0.53828125 0.33671875 0.0421875 0.06875
0 0.540625 0.3484375 0.0890625 0.109375
0 0.4890625 0.31640625 0.084375 0.1046875
2 0.43828125 0.2390625 0.0453125 0.0703125
3 0.4359375 0.28359375 0.090625 0.1578125
1 0.3828125 0.25 0.040625 0.0609375
3 0.37109375 0.2828125 0.0953125 0.1375
2 0.31875 0.221875 0.0421875 0.0609375
3 0.3171875 0.26484375 0.090625 0.15625
1 0.265625 0.246875 0.0359375 0.05
0 0.26328125 0.271875 0.08125 0.1328125
1 0.8640625 0.4671875 0.0328125 0.0515625
3 0.84765625 0.4875 0.0671875 0.0953125
1 0.90625 0.4765625 0.03125 0.05
3 0.890625 0.5 0.0609375 0.1078125
2 0.228125 0.153125 0.028125 0.04375
3 0.2265625 0.178125 0.06875 0.1015625
1 0.85546875 0.40078125 0.03125 0.05
0 0.83515625 0.40859375 0.0796875 0.0953125
1 0.88203125 0.4234375 0.03125 0.0484375
2 0.878125 0.31953125 0.0296875 0.05
3 0.86640625 0.3375 0.0625 0.09375
1 0.840625 0.30703125 0.0265625 0.0421875
0 0.82890625 0.3234375 0.0625 0.0890625
2 0.68203125 0.2296875 0.034375 0.0546875
3 0.67421875 0.253125 0.065625 0.1078125
2 0.640625 0.22109375 0.0359375 0.05625
3 0.63359375 0.2421875 0.0671875 0.1
1 0.5890625 0.22421875 0.03125 0.0484375
0 0.57890625 0.23828125 0.071875 0.0875
1 0.52578125 0.20703125 0.0328125 0.0484375
0 0.52421875 0.215625 0.0765625 0.090625
1 0.47109375 0.1875 0.0328125 0.0484375
0 0.459375 0.2 0.078125 0.0984375
1 0.3921875 0.1609375 0.03125 0.046875
3 0.38359375 0.18359375 0.0796875 0.1015625
1 0.33359375 0.1640625 0.03125 0.04375
3 0.3296875 0.1796875 0.071875 0.0890625
1 0.271875 0.11796875 0.0265625 0.04375
0 0.27265625 0.1359375 0.0609375 0.084375
1 0.39296875 0.096875 0.028125 0.0453125
3 0.3875 0.1140625 0.0640625 0.0859375
1 0.434375 0.10390625 0.0265625 0.0421875
3 0.43203125 0.12421875 0.05625 0.0828125
1 0.475 0.1265625 0.0234375 0.0359375
0 0.46875 0.1375 0.0625 0.065625
1 0.54140625 0.1140625 0.028125 0.0421875
3 0.53046875 0.13671875 0.0671875 0.0984375
1 0.6078125 0.14609375 0.0296875 0.046875
3 0.6015625 0.1609375 0.0765625 0.0921875
3 0.653125 0.1828125 0.0515625 0.071875
1 0.7359375 0.21171875 0.025 0.0390625
0 0.72578125 0.2203125 0.05625 0.065625
1 0.834375 0.2453125 0.0234375 0.0390625
3 0.8234375 0.26015625 0.0484375 0.075
1 0.86015625 0.27421875 0.0265625 0.040625
0 0.85078125 0.2796875 0.046875 0.059375
2 0.759375 0.15859375 0.025 0.0390625
3 0.75 0.171875 0.0546875 0.071875
1 0.715625 0.1359375 0.0265625 0.0421875
0 0.7109375 0.15390625 0.059375 0.0765625
2 0.6828125 0.11484375 0.0234375 0.040625
3 0.678125 0.12890625 0.0515625 0.075
1 0.64453125 0.109375 0.021875 0.0328125
0 0.6375 0.11953125 0.05 0.0640625
1 0.61328125 0.109375 0.0234375 0.034375
0 0.603125 0.11953125 0.0578125 0.0625
1 0.56171875 0.084375 0.025 0.0390625
3 0.56171875 0.0984375 0.05 0.0625
1 0.484375 0.06484375 0.0234375 0.034375
3 0.48125 0.07734375 0.05625 0.0734375
1 0.39453125 0.0578125 0.025 0.0375
0 0.38828125 0.06953125 0.0546875 0.0703125
1 0.4328125 0.065625 0.025 0.0375
0 0.4359375 0.078125 0.0625 0.0671875
1 0.28828125 0.0875 0.0234375 0.0359375
0 0.28828125 0.090625 0.0453125 0.053125
1 0.8421875 0.21328125 0.0234375 0.034375
0 0.83125 0.22109375 0.0515625 0.059375
1 0.82734375 0.16953125 0.0203125 0.0328125
3 0.82109375 0.1796875 0.04375 0.0609375
1 0.81171875 0.13125 0.01875 0.028125
3 0.80234375 0.140625 0.0375 0.053125
1 0.78359375 0.12109375 0.01875 0.0265625
3 0.77421875 0.125 0.0375 0.05
0 0.7609375 0.13359375 0.0234375 0.0296875
0 0.7515625 0.1375 0.0453125 0.0515625
2 0.71796875 0.08984375 0.0203125 0.0328125
3 0.71171875 0.10546875 0.046875 0.0734375
2 0.61484375 0.05625 0.021875 0.0328125
3 0.6109375 0.06953125 0.046875 0.0671875
1 0.5765625 0.0484375 0.0203125 0.0359375
3 0.57109375 0.059375 0.0515625 0.0640625
0 0.53828125 0.053125 0.04375 0.05625
0 0.50078125 0.046875 0.05 0.0640625
0 0.4640625 0.04296875 0.0484375 0.0578125
1 0.428125 0.02578125 0.021875 0.034375
3 0.4234375 0.03828125 0.046875 0.0640625
1 0.36171875 0.03359375 0.021875 0.03125
0 0.36640625 0.04375 0.0484375 0.05625
3 0.4484375 0.01640625 0.040625 0.0328125
2 0.54140625 0.0125 0.0203125 0.025
3 0.5359375 0.02421875 0.040625 0.0484375
1 0.57109375 0.02421875 0.021875 0.0296875
3 0.56796875 0.03359375 0.0359375 0.0515625
1 0.61171875 0.03046875 0.0203125 0.03125
3 0.60625 0.040625 0.040625 0.0578125
1 0.6328125 0.04921875 0.01875 0.0265625
3 0.63359375 0.053125 0.03125 0.040625
1 0.665625 0.0578125 0.021875 0.03125
3 0.66015625 0.06484375 0.0421875 0.05
1 0.69609375 0.07578125 0.021875 0.0328125
0 0.69296875 0.0828125 0.040625 0.05
1 0.68203125 0.09296875 0.025 0.034375
0 0.67421875 0.0984375 0.05 0.0578125
0 0.75 0.7234375 0.1296875 0.140625
0 0.665625 0.37578125 0.084375 0.1078125
0 0.75078125 0.42734375 0.0734375 0.09375
0 0.6859375 0.20390625 0.0546875 0.0640625