1 0.0546875 0.69375 0.0453125 0.0625
3 0.0859375 0.71875 0.109375 0.15625
1 0.09453125 0.3234375 0.0265625 0.046875
3 0.10546875 0.353125 0.0703125 0.1140625
1 0.1140625 0.290625 0.0234375 0.034375
0 0.125 0.29609375 0.053125 0.0625
1 0.10390625 0.2171875 0.021875 0.034375
3 0.11640625 0.22734375 0.046875 0.0625
1 0.15 0.1546875 0.021875 0.0296875
3 0.16015625 0.16953125 0.0546875 0.071875
1 0.20859375 0.1234375 0.021875 0.034375
0 0.20859375 0.13125 0.046875 0.059375
1 0.24296875 0.121875 0.021875 0.0296875
0 0.2421875 0.121875 0.04375 0.040625
1 0.2375 0.08515625 0.0171875 0.025
3 0.24296875 0.09296875 0.0359375 0.040625
1 0.26484375 0.08125 0.015625 0.021875
1 0.2765625 0.10078125 0.0203125 0.028125
0 0.278125 0.109375 0.0515625 0.0578125
1 0.30625 0.09140625 0.0203125 0.028125
0 0.31328125 0.09140625 0.040625 0.0515625
2 0.29609375 0.053125 0.0171875 0.025
3 0.29921875 0.06015625 0.04375 0.0515625
0 0.3296875 0.06015625 0.0328125 0.0453125
1 0.34609375 0.065625 0.0203125 0.0328125
3 0.34921875 0.0796875 0.0515625 0.065625
1 0.3703125 0.034375 0.01875 0.028125
3 0.36875 0.04765625 0.0375 0.05625
2 0.390625 0.05625 0.021875 0.0328125
3 0.39296875 0.06875 0.05 0.0671875
1 0.3953125 0.03359375 0.015625 0.021875
1 0.42265625 0.021875 0.0171875 0.025
3 0.425 0.03359375 0.0375 0.0515625
1 0.46953125 0.03515625 0.01875 0.028125
0 0.46328125 0.03828125 0.0421875 0.04375
1 0.4640625 0.0625 0.0203125 0.025
0 0.4578125 0.065625 0.05 0.053125
2 0.49453125 0.03359375 0.021875 0.0328125
3 0.49375 0.053125 0.04375 0.0671875
1 0.5390625 0.05078125 0.01875 0.028125
3 0.5390625 0.059375 0.04375 0.0515625
1 0.56171875 0.07578125 0.021875 0.03125
3 0.559375 0.090625 0.05 0.0640625
1 0.51953125 0.08671875 0.021875 0.0328125
0 0.51875 0.0984375 0.0578125 0.065625
1 0.47734375 0.0859375 0.021875 0.0328125
1 0.47734375 0.0984375 0.0484375 0.0578125
1 0.4359375 0.08984375 0.021875 0.0328125
3 0.43828125 0.10625 0.05 0.0703125
1 0.4078125 0.10390625 0.021875 0.03125
0 0.40390625 0.11796875 0.0546875 0.0625
1 0.35 0.10078125 0.021875 0.0328125
3 0.35625 0.115625 0.053125 0.06875
1 0.2796875 0.1375 0.0234375 0.0328125
0 0.2796875 0.1515625 0.053125 0.059375
1 0.24140625 0.14765625 0.021875 0.0296875
0 0.23984375 0.16015625 0.053125 0.059375
1 0.190625 0.1625 0.021875 0.0328125
3 0.19375 0.178125 0.0515625 0.0640625
1 0.215625 0.2046875 0.0234375 0.0375
3 0.2203125 0.21796875 0.059375 0.075
1 0.25390625 0.18359375 0.025 0.0390625
3 0.259375 0.20390625 0.053125 0.0828125
1 0.2984375 0.190625 0.025 0.034375
0 0.30234375 0.19609375 0.0484375 0.0578125
1 0.34375 0.1578125 0.0265625 0.0421875
3 0.34765625 0.171875 0.0609375 0.0796875
1 0.42890625 0.1484375 0.0296875 0.0421875
3 0.4265625 0.15546875 0.0546875 0.065625
1 0.478125 0.13359375 0.0265625 0.0390625
3 0.47421875 0.15 0.0640625 0.0765625
1 0.51796875 0.12890625 0.021875 0.0328125
3 0.5171875 0.140625 0.0484375 0.0625
1 0.565625 0.13046875 0.025 0.034375
3 0.5609375 0.1453125 0.0578125 0.065625
2 0.5328125 0.16015625 0.0265625 0.040625
3 0.5296875 0.1890625 0.0703125 0.1078125
1 0.4921875 0.1921875 0.028125 0.0421875
3 0.49296875 0.2203125 0.065625 0.0984375
1 0.44609375 0.21015625 0.028125 0.0421875
0 0.43984375 0.2328125 0.0734375 0.0890625
1 0.3765625 0.22890625 0.03125 0.04375
0 0.38203125 0.23515625 0.0765625 0.0890625
1 0.32265625 0.24296875 0.03125 0.04375
0 0.32109375 0.2546875 0.078125 0.0875
1 0.24453125 0.26328125 0.0296875 0.04375
0 0.24453125 0.28125 0.071875 0.08125
1 0.18671875 0.303125 0.028125 0.0421875
0 0.18828125 0.315625 0.0625 0.075
1 0.17109375 0.39140625 0.0328125 0.0484375
0 0.18515625 0.41171875 0.0859375 0.1296875
2 0.21484375 0.3125 0.0328125 0.0546875
2 0.2265625 0.346875 0.0859375 0.1359375
2 0.275 0.325 0.0375 0.0609375
3 0.28046875 0.35703125 0.090625 0.1328125
3 0.3359375 0.34375 0.0890625 0.14375
3 0.3859375 0.3390625 0.1140625 0.1390625
1 0.453125 0.3421875 0.0390625 0.0609375
0 0.46171875 0.3484375 0.0859375 0.1046875
1 0.52890625 0.290625 0.03125 0.0484375
3 0.5234375 0.30859375 0.0734375 0.0921875
1 0.590625 0.29765625 0.0296875 0.04375
0 0.58515625 0.31484375 0.0828125 0.0921875
1 0.634375 0.26328125 0.0328125 0.05
3 0.63046875 0.2875 0.06875 0.1078125
1 0.68984375 0.29921875 0.028125 0.04375
0 0.68359375 0.3140625 0.075 0.0921875
2 0.73515625 0.359375 0.0359375 0.059375
3 0.7453125 0.40078125 0.090625 0.1484375
2 0.684375 0.340625 0.0390625 0.0671875
3 0.69296875 0.38515625 0.103125 0.1625
1 0.60625 0.34609375 0.0390625 0.065625
3 0.6125 0.38515625 0.1 0.15625
1 0.55546875 0.39765625 0.046875 0.0703125
3 0.5546875 0.428125 0.115625 0.153125
1 0.4625 0.4125 0.040625 0.0640625
3 0.46875 0.4375 0.096875 0.1296875
1 0.25390625 0.57265625 0.04375 0.06875
3 0.28125 0.6265625 0.10625 0.184375
1 0.32109375 0.5671875 0.0453125 0.078125
3 0.3453125 0.609375 0.1171875 0.19375
1 0.403125 0.5703125 0.046875 0.0703125
3 0.42109375 0.6046875 0.1078125 0.1578125
1 0.49140625 0.5265625 0.05 0.075
3 0.49765625 0.571875 0.1125 0.1765625
1 0.5875 0.50859375 0.0453125 0.0703125
3 0.6 0.55546875 0.13125 0.1765625
0 0.83125 0.5734375 0.128125 0.1328125
3 0.984375 0.6765625 0.03125 0.134375
1 0.92421875 0.46171875 0.0296875 0.046875
3 0.9125 0.496875 0.0875 0.125
1 0.9609375 0.4546875 0.03125 0.053125
3 0.9609375 0.48671875 0.0671875 0.1234375
1 0.80234375 0.2953125 0.028125 0.0453125
3 0.79609375 0.321875 0.071875 0.103125
2 0.8453125 0.28828125 0.028125 0.046875
3 0.84140625 0.315625 0.0640625 0.1015625
1 0.75546875 0.23125 0.0296875 0.04375
0 0.74453125 0.25234375 0.0765625 0.1046875
1 0.7953125 0.2453125 0.028125 0.040625
0 0.7890625 0.24765625 0.0484375 0.06875
1 0.70703125 0.165625 0.025 0.0375
3 0.69921875 0.18046875 0.0546875 0.071875
1 0.73984375 0.16484375 0.0265625 0.0390625
3 0.7359375 0.18203125 0.05 0.0734375
1 0.671875 0.115625 0.021875 0.034375
3 0.66953125 0.13046875 0.0515625 0.0640625
1 0.68984375 0.10703125 0.0203125 0.0328125
3 0.69375 0.12421875 0.040625 0.0734375
1 0.65390625 0.08046875 0.021875 0.0328125
0 0.653125 0.08984375 0.04375 0.0515625
1 0.62421875 0.0484375 0.0171875 0.0265625
3 0.6234375 0.06015625 0.0421875 0.05625
2 0.58984375 0.0234375 0.015625 0.0265625
3 0.5890625 0.03359375 0.040625 0.059375
1 0.5625 0.0234375 0.015625 0.0234375
3 0.56328125 0.03671875 0.0421875 0.05625