1 0.0265625 0.59296875 0.0328125 0.065625
3 0.04765625 0.62109375 0.0828125 0.146875
1 0.1390625 0.2421875 0.01875 0.0453125
3 0.14609375 0.2734375 0.053125 0.1125
1 0.165625 0.2109375 0.01875 0.040625
3 0.1734375 0.22265625 0.04375 0.0640625
1 0.16953125 0.14765625 0.015625 0.034375
3 0.1765625 0.16015625 0.0421875 0.065625
1 0.23046875 0.0859375 0.0171875 0.03125
3 0.2359375 0.10703125 0.046875 0.06875
1 0.2984375 0.040625 0.0140625 0.028125
3 0.29609375 0.0515625 0.040625 0.046875
1 0.33203125 0.03828125 0.015625 0.028125
3 0.33203125 0.0484375 0.03125 0.0390625
1 0.35546875 0.0375 0.015625 0.03125
3 0.3546875 0.04140625 0.0390625 0.0453125
1 0.29296875 0.06953125 0.01875 0.03125
1 0.26875 0.10546875 0.0171875 0.0359375
1 0.31171875 0.103125 0.0203125 0.0328125
1 0.32734375 0.0765625 0.015625 0.0328125
1 0.36015625 0.1 0.021875 0.0328125
1 0.36640625 0.059375 0.015625 0.0296875
0 0.28984375 0.078125 0.0421875 0.0546875
0 0.328125 0.07734375 0.0375 0.040625
3 0.3625 0.065625 0.0453125 0.0578125
0 0.31484375 0.115625 0.046875 0.0578125
0 0.35625 0.11328125 0.046875 0.0578125
3 0.2671875 0.12265625 0.0453125 0.0703125
2 0.39453125 0.0234375 0.0140625 0.0265625
3 0.39453125 0.0328125 0.0359375 0.0484375
1 0.39453125 0.0609375 0.01875 0.028125
0 0.4015625 0.06015625 0.0359375 0.05
1 0.42578125 0.02109375 0.0140625 0.0234375
3 0.428125 0.02734375 0.03125 0.03125
1 0.43359375 0.04609375 0.0203125 0.03125
3 0.43984375 0.05859375 0.040625 0.0609375
1 0.4703125 0.0171875 0.0125 0.028125
3 0.46640625 0.0296875 0.028125 0.0546875
1 0.42890625 0.08359375 0.0203125 0.034375
3 0.43984375 0.0953125 0.0390625 0.0609375
1 0.49453125 0.02578125 0.0140625 0.025
1 0.525 0.015625 0.0125 0.025
3 0.4984375 0.03046875 0.0234375 0.046875
3 0.52265625 0.0296875 0.0328125 0.05
1 0.56640625 0.0390625 0.0140625 0.0296875
0 0.56015625 0.0390625 0.0359375 0.0421875
1 0.4828125 0.04375 0.0171875 0.03125
1 0.48984375 0.08359375 0.0171875 0.03125
1 0.52265625 0.084375 0.0171875 0.03125
2 0.56015625 0.07734375 0.0171875 0.03125
3 0.4859375 0.05546875 0.040625 0.0625
3 0.4828125 0.1015625 0.046875 0.065625
3 0.5203125 0.10234375 0.0421875 0.0703125
3 0.56015625 0.090625 0.040625 0.071875
1 0.5921875 0.05078125 0.015625 0.0296875
3 0.584375 0.0640625 0.0375 0.0578125
1 0.6046875 0.09921875 0.0171875 0.034375
0 0.60234375 0.1109375 0.0484375 0.0640625
1 0.63125 0.065625 0.0171875 0.03125
1 0.64921875 0.109375 0.01875 0.03125
0 0.6453125 0.11875 0.0421875 0.0515625
3 0.6296875 0.07421875 0.040625 0.053125
1 0.66015625 0.046875 0.0125 0.025
2 0.68671875 0.05078125 0.0140625 0.03125
3 0.6578125 0.059375 0.0328125 0.0546875
3 0.684375 0.06171875 0.0328125 0.05625
1 0.64140625 0.15625 0.01875 0.0359375
3 0.63359375 0.1640625 0.05 0.0578125
1 0.553125 0.13203125 0.0203125 0.0453125
3 0.5453125 0.15234375 0.053125 0.0765625
2 0.59609375 0.175 0.021875 0.046875
1 0.55546875 0.19921875 0.021875 0.040625
3 0.590625 0.20078125 0.046875 0.10625
3 0.5515625 0.2234375 0.0484375 0.0921875
1 0.50625 0.203125 0.021875 0.04375
1 0.49296875 0.13125 0.021875 0.0453125
3 0.49375 0.14296875 0.0625 0.08125
3 0.49609375 0.21796875 0.059375 0.0765625
1 0.434375 0.20859375 0.025 0.04375
2 0.41796875 0.11015625 0.0203125 0.040625
3 0.42265625 0.134375 0.0546875 0.096875
1 0.3671875 0.1578125 0.0203125 0.0375
0 0.36953125 0.1625 0.0421875 0.053125
1 0.325 0.13984375 0.01875 0.0390625
1 0.2859375 0.15234375 0.0171875 0.0390625
3 0.28515625 0.1671875 0.05 0.0765625
3 0.3265625 0.15546875 0.0453125 0.0828125
1 0.234375 0.24375 0.0234375 0.0453125
0 0.23359375 0.25625 0.05625 0.0734375
1 0.29921875 0.21640625 0.0234375 0.0453125
3 0.3 0.2296875 0.05625 0.0828125
1 0.3796875 0.2125 0.0265625 0.0453125
0 0.3734375 0.225 0.0671875 0.0875
0 0.4390625 0.22109375 0.0640625 0.090625
1 0.20078125 0.3265625 0.0265625 0.0453125
0 0.2109375 0.34609375 0.06875 0.121875
0 0.26171875 0.36796875 0.0421875 0.040625
1 0.26796875 0.2671875 0.0265625 0.05625
3 0.26484375 0.30078125 0.0625 0.128125
2 0.31796875 0.28125 0.025 0.0578125
3 0.3125 0.315625 0.0703125 0.1296875
1 0.4171875 0.27734375 0.03125 0.05625
3 0.375 0.31171875 0.059375 0.146875
3 0.425 0.31953125 0.06875 0.14375
1 0.4859375 0.33515625 0.028125 0.0578125
0 0.49375 0.34375 0.071875 0.1015625
1 0.571875 0.3015625 0.0234375 0.046875
3 0.56328125 0.31484375 0.059375 0.0859375
0 0.621875 0.3375 0.0703125 0.0828125
1 0.67890625 0.2953125 0.025 0.05
3 0.6703125 0.3125 0.0515625 0.0953125
1 0.72734375 0.34375 0.021875 0.046875
0 0.7203125 0.35625 0.0625 0.08125
2 0.7625 0.4140625 0.028125 0.0625
2 0.7140625 0.38125 0.028125 0.06875
2 0.63203125 0.3609375 0.03125 0.065625
3 0.76015625 0.45390625 0.065625 0.1453125
3 0.71171875 0.43046875 0.078125 0.1640625
3 0.63359375 0.4109375 0.078125 0.1625
1 0.57421875 0.40625 0.0375 0.0703125
3 0.56640625 0.4390625 0.090625 0.14375
1 0.47890625 0.40546875 0.0328125 0.0640625
3 0.48203125 0.43203125 0.078125 0.128125
1 0.24453125 0.52734375 0.0359375 0.0671875
3 0.2609375 0.57734375 0.075 0.178125
1 0.3109375 0.52734375 0.0328125 0.08125
3 0.32421875 0.575 0.0828125 0.1875
3 0.39921875 0.5859375 0.0875 0.1453125
1 0.4796875 0.5796875 0.0390625 0.0765625
3 0.4796875 0.6203125 0.0921875 0.165625
1 0.58359375 0.52578125 0.0375 0.0671875
3 0.5796875 0.575 0.0890625 0.1578125
2 0.78671875 0.5890625 0.0375 0.0828125
3 0.7921875 0.628125 0.090625 0.1734375
1 0.990625 0.76484375 0.01875 0.0609375
3 0.971875 0.7859375 0.05625 0.146875
1 0.92578125 0.546875 0.0234375 0.0546875
1 0.96015625 0.5484375 0.0234375 0.0578125
3 0.91171875 0.58515625 0.053125 0.1328125
3 0.953125 0.58203125 0.046875 0.1265625
2 0.88046875 0.36328125 0.021875 0.0453125
3 0.825 0.37578125 0.053125 0.1265625
3 0.8703125 0.38984375 0.0484375 0.096875
1 0.80546875 0.28984375 0.0234375 0.0421875
1 0.840625 0.3109375 0.0203125 0.040625
0 0.79375 0.30625 0.0546875 0.0828125
3 0.83359375 0.309375 0.0359375 0.0625
1 0.771875 0.21640625 0.01875 0.0375
1 0.80390625 0.21796875 0.01875 0.0453125
3 0.7609375 0.2296875 0.0453125 0.06875
3 0.79609375 0.23359375 0.0375 0.071875
1 0.7484375 0.16015625 0.01875 0.0328125
1 0.771875 0.15703125 0.01875 0.0328125
3 0.74296875 0.17421875 0.0421875 0.071875
3 0.76875 0.17578125 0.0296875 0.06875
1 0.7375 0.121875 0.0171875 0.03125
3 0.73515625 0.13125 0.0359375 0.0484375
1 0.71640625 0.08671875 0.015625 0.03125
3 0.71171875 0.0984375 0.034375 0.0578125