1 0.01640625 0.4875 0.0328125 0.0625
1 0.0375 0.515625 0.075 0.146875
1 0.21015625 0.16015625 0.028125 0.046875
3 0.215625 0.18359375 0.0578125 0.0984375
1 0.26796875 0.07890625 0.021875 0.0375
1 0.3390625 0.04140625 0.0234375 0.034375
0 0.34296875 0.05078125 0.04375 0.0546875
3 0.42109375 0.0171875 0.0390625 0.034375
3 0.40078125 0.04140625 0.046875 0.0609375
3 0.36640625 0.071875 0.0546875 0.0703125
3 0.42109375 0.07109375 0.0453125 0.0625
3 0.43984375 0.040625 0.0453125 0.0625
3 0.45546875 0.0875 0.053125 0.0671875
3 0.47734375 0.04453125 0.0484375 0.0625
3 0.5109375 0.02578125 0.04375 0.0515625
3 0.54140625 0.02890625 0.0375 0.0578125
0 0.5140625 0.05078125 0.0453125 0.059375
3 0.54921875 0.05625 0.0484375 0.0640625
3 0.540625 0.084375 0.0546875 0.075
3 0.578125 0.03359375 0.0390625 0.0578125
3 0.58515625 0.06328125 0.046875 0.0609375
3 0.609375 0.040625 0.040625 0.059375
3 0.58046875 0.1046875 0.0546875 0.0765625
3 0.6171875 0.1078125 0.0484375 0.0625
3 0.63671875 0.0578125 0.0421875 0.0546875
3 0.65 0.0890625 0.046875 0.0734375
0 0.6734375 0.06796875 0.03125 0.046875
3 0.659375 0.1171875 0.05 0.075
3 0.69375 0.0984375 0.04375 0.0625
0 0.69296875 0.14609375 0.05625 0.0671875
0 0.7328125 0.16875 0.05 0.05625
3 0.72734375 0.1171875 0.0390625 0.05
3 0.7140625 0.20703125 0.0609375 0.078125
3 0.671875 0.19609375 0.0546875 0.0765625
3 0.6265625 0.18359375 0.065625 0.096875
0 0.57734375 0.16875 0.0703125 0.065625
0 0.50703125 0.1515625 0.078125 0.0890625
3 0.453125 0.140625 0.0484375 0.0625
3 0.4140625 0.1296875 0.0578125 0.0875
3 0.36796875 0.11640625 0.059375 0.0875
0 0.3078125 0.19921875 0.075 0.084375
3 0.37265625 0.1796875 0.0703125 0.103125
0 0.44453125 0.2015625 0.0828125 0.0953125
0 0.50859375 0.21171875 0.075 0.090625
3 0.5578125 0.22421875 0.0625 0.08125
3 0.61875 0.24375 0.0671875 0.1078125
3 0.65546875 0.25625 0.05625 0.0890625
0 0.75234375 0.41015625 0.0703125 0.096875
3 0.71015625 0.36796875 0.0671875 0.1109375
0 0.66328125 0.3625 0.075 0.090625
3 0.60703125 0.340625 0.0734375 0.090625
0 0.53125 0.34609375 0.0859375 0.1046875
3 0.4796875 0.29609375 0.0875 0.13125
3 0.4296875 0.28359375 0.078125 0.1203125
3 0.3640625 0.28828125 0.084375 0.1515625
3 0.3171875 0.25390625 0.084375 0.1390625
0 0.2546875 0.27734375 0.078125 0.1140625
1 0.25078125 0.26484375 0.034375 0.053125
3 0.50234375 0.41796875 0.0921875 0.13125
3 0.58046875 0.45859375 0.0921875 0.13125
3 0.64921875 0.4578125 0.09375 0.1453125
3 0.709375 0.4953125 0.0921875 0.1296875
3 0.7640625 0.51953125 0.0828125 0.1578125
0 0.759375 0.69765625 0.1109375 0.14375
3 0.54765625 0.6046875 0.1078125 0.2015625
3 0.459375 0.58203125 0.0984375 0.1609375
3 0.38671875 0.559375 0.1015625 0.1609375
3 0.31171875 0.53359375 0.1046875 0.190625
3 0.24453125 0.51796875 0.1015625 0.184375
3 0.8890625 0.8875 0.1015625 0.1359375
1 0.915625 0.87890625 0.04375 0.0671875
3 0.86953125 0.66640625 0.0921875 0.10625
3 0.9140625 0.6984375 0.0703125 0.125
3 0.84453125 0.46796875 0.0703125 0.1140625
3 0.88984375 0.48046875 0.0609375 0.109375
3 0.82890625 0.37890625 0.0734375 0.1
0 0.87265625 0.4015625 0.0578125 0.0640625
3 0.82265625 0.30078125 0.053125 0.071875
3 0.8546875 0.31953125 0.0515625 0.075
3 0.8125 0.23671875 0.0515625 0.075
3 0.83671875 0.2609375 0.0375 0.0546875
0 0.815625 0.20859375 0.053125 0.053125
3 0.8046875 0.15703125 0.0421875 0.0609375
3 0.7859375 0.12578125 0.03125 0.05
3 0.76484375 0.11328125 0.0390625 0.05
1 0.9328125 0.6671875 0.03125 0.0546875
3 0.27109375 0.09296875 0.0546875 0.075
1 0.24375 0.1484375 0.025 0.0421875
0 0.25625 0.153125 0.05625 0.059375
1 0.9015625 0.6515625 0.03125 0.059375
1 0.4671875 0.0140625 0.01875 0.028125
1 0.85859375 0.44296875 0.0296875 0.053125
1 0.9015625 0.4640625 0.028125 0.053125
1 0.884375 0.40625 0.028125 0.046875
1 0.846875 0.3734375 0.0328125 0.046875
1 0.865625 0.30859375 0.0265625 0.04375
1 0.83125 0.28984375 0.0265625 0.0421875
1 0.84453125 0.2546875 0.0234375 0.0390625
1 0.81953125 0.225 0.025 0.0390625
1 0.81015625 0.14765625 0.0203125 0.0328125
1 0.7890625 0.115625 0.0203125 0.0296875
1 0.7703125 0.1109375 0.01875 0.03125
1 0.41796875 0.009375 0.0203125 0.01875
1 0.40390625 0.028125 0.021875 0.034375
1 0.371875 0.06015625 0.0234375 0.0375
1 0.41953125 0.0625 0.021875 0.034375
1 0.440625 0.0359375 0.0234375 0.034375
1 0.4734375 0.03515625 0.021875 0.0328125
1 0.4609375 0.07890625 0.0234375 0.0359375
2 0.515625 0.01015625 0.01875 0.0203125
1 0.51328125 0.03984375 0.0234375 0.0328125
1 0.54375 0.0171875 0.0171875 0.03125
1 0.553125 0.04453125 0.0203125 0.0328125
1 0.58203125 0.02109375 0.0171875 0.028125
1 0.58984375 0.0515625 0.021875 0.0359375
1 0.5421875 0.06875 0.0234375 0.0390625
1 0.61171875 0.02890625 0.0203125 0.0296875
1 0.58984375 0.09609375 0.021875 0.034375
1 0.621875 0.10234375 0.0203125 0.0328125
1 0.64296875 0.05 0.01875 0.03125
1 0.6703125 0.0671875 0.0203125 0.0328125
2 0.65625 0.0703125 0.0203125 0.0328125
2 0.66484375 0.1046875 0.0234375 0.0375
1 0.703125 0.08984375 0.0234375 0.034375
1 0.7015625 0.1375 0.0234375 0.0359375
1 0.7296875 0.1171875 0.0203125 0.0328125
1 0.7421875 0.16171875 0.025 0.034375
1 0.72109375 0.196875 0.025 0.034375
1 0.66640625 0.2375 0.03125 0.0484375
1 0.6296875 0.21796875 0.03125 0.0484375
1 0.640625 0.16484375 0.028125 0.0484375
1 0.56171875 0.215625 0.0296875 0.046875
1 0.5828125 0.165625 0.0296875 0.0453125
1 0.50546875 0.13125 0.0296875 0.0484375
1 0.50625 0.20703125 0.03125 0.0484375
1 0.44765625 0.2 0.0328125 0.05
1 0.4578125 0.13203125 0.025 0.0328125
1 0.41484375 0.10859375 0.0265625 0.046875
2 0.37421875 0.1 0.025 0.040625
1 0.3078125 0.1859375 0.03125 0.046875
1 0.378125 0.1640625 0.03125 0.0515625
1 0.31796875 0.21953125 0.0375 0.0609375
1 0.37265625 0.24921875 0.0375 0.0640625
1 0.43671875 0.2546875 0.0390625 0.0609375
1 0.528125 0.33828125 0.0375 0.0609375
1 0.61640625 0.325 0.0328125 0.0546875
1 0.67265625 0.35 0.0328125 0.053125
1 0.721875 0.3453125 0.0328125 0.053125
1 0.7578125 0.40390625 0.034375 0.05625
2 0.771875 0.4796875 0.0359375 0.06875
1 0.73046875 0.478125 0.0453125 0.0734375
1 0.6609375 0.425 0.040625 0.065625
1 0.58984375 0.434375 0.046875 0.0734375
1 0.503125 0.38984375 0.0390625 0.0671875
1 0.24609375 0.4640625 0.04375 0.0734375
2 0.3125 0.48046875 0.05 0.0828125
1 0.39140625 0.52265625 0.046875 0.0765625
1 0.45703125 0.54453125 0.0484375 0.0796875
2 0.56015625 0.55546875 0.0515625 0.090625
1 0.78359375 0.696875 0.046875 0.0796875