1 0.0296875 0.61328125 0.028125 0.05625
1 0.05078125 0.6375 0.0765625 0.140625
1 0.13828125 0.24140625 0.021875 0.046875
3 0.14375 0.265625 0.046875 0.103125
1 0.17265625 0.15234375 0.0171875 0.0359375
1 0.22578125 0.0984375 0.0203125 0.0328125
0 0.23203125 0.10703125 0.0390625 0.05
3 0.296875 0.04765625 0.034375 0.0515625
3 0.2859375 0.0828125 0.040625 0.0578125
3 0.26171875 0.125 0.05 0.065625
3 0.3140625 0.109375 0.04375 0.059375
3 0.32265625 0.071875 0.0390625 0.059375
3 0.35 0.11328125 0.046875 0.0625
3 0.36015625 0.065625 0.0421875 0.0578125
3 0.38671875 0.03671875 0.0390625 0.05625
3 0.41796875 0.034375 0.03125 0.05625
0 0.39296875 0.06796875 0.0375 0.046875
3 0.43203125 0.05859375 0.0421875 0.059375
3 0.43203125 0.090625 0.0484375 0.071875
3 0.4546875 0.0296875 0.0328125 0.0546875
3 0.46875 0.05625 0.040625 0.0578125
3 0.48671875 0.028125 0.034375 0.05625
0 0.47890625 0.10703125 0.0515625 0.059375
3 0.5125 0.0921875 0.04375 0.0625
3 0.51796875 0.0375 0.0375 0.05
3 0.5390625 0.0625 0.040625 0.06875
0 0.55546875 0.0421875 0.0265625 0.0453125
3 0.55390625 0.09921875 0.0421875 0.0609375
3 0.5828125 0.06171875 0.0375 0.059375
0 0.59453125 0.1078125 0.05 0.0625
0 0.6390625 0.11953125 0.0453125 0.053125
3 0.61953125 0.075 0.0328125 0.0453125
3 0.6296875 0.1625 0.053125 0.0734375
3 0.5875 0.1609375 0.046875 0.0703125
3 0.540625 0.1609375 0.05625 0.0921875
0 0.4875 0.1609375 0.065625 0.059375
0 0.41640625 0.1609375 0.06875 0.0828125
3 0.36171875 0.16484375 0.0421875 0.059375
3 0.321875 0.16484375 0.05 0.0828125
3 0.2734375 0.17109375 0.0515625 0.084375
0 0.23671875 0.259375 0.0671875 0.078125
3 0.29453125 0.23125 0.0578125 0.090625
0 0.36875 0.2265625 0.075 0.0890625
0 0.43359375 0.21640625 0.065625 0.084375
3 0.484375 0.22265625 0.053125 0.071875
3 0.546875 0.22265625 0.0546875 0.103125
3 0.58828125 0.22265625 0.0453125 0.08125
0 0.7203125 0.3484375 0.0609375 0.0921875
3 0.66796875 0.31796875 0.0546875 0.1046875
0 0.62109375 0.33515625 0.06875 0.0796875
3 0.5625 0.31875 0.0640625 0.084375
0 0.490625 0.34453125 0.075 0.0984375
3 0.4265625 0.32265625 0.0734375 0.1125
3 0.37265625 0.29375 0.065625 0.134375
3 0.31328125 0.32421875 0.06875 0.146875
3 0.25859375 0.321875 0.065625 0.1171875
0 0.20390625 0.346875 0.065625 0.1046875
1 0.1984375 0.33671875 0.0296875 0.0515625
3 0.48125 0.4078125 0.0765625 0.140625
3 0.5671875 0.4390625 0.078125 0.125
3 0.63203125 0.4109375 0.0796875 0.1578125
3 0.7015625 0.44453125 0.0796875 0.1234375
3 0.76015625 0.45078125 0.065625 0.153125
3 0.8 0.61484375 0.09375 0.1734375
3 0.57265625 0.5984375 0.084375 0.1828125
3 0.48359375 0.58515625 0.084375 0.1609375
3 0.40546875 0.58671875 0.084375 0.1546875
3 0.3265625 0.57890625 0.0859375 0.190625
3 0.2578125 0.58359375 0.0828125 0.178125
3 0.96640625 0.7734375 0.0671875 0.128125
1 0.990625 0.75859375 0.01875 0.0640625
3 0.9 0.56484375 0.0828125 0.0984375
3 0.95078125 0.5875 0.053125 0.1140625
3 0.82421875 0.38046875 0.0578125 0.1109375
3 0.87109375 0.37890625 0.05 0.096875
3 0.78828125 0.2984375 0.0625 0.0953125
0 0.83359375 0.31171875 0.0515625 0.059375
3 0.7609375 0.228125 0.046875 0.084375
3 0.79609375 0.234375 0.0453125 0.071875
3 0.73359375 0.16875 0.04375 0.071875
3 0.76328125 0.18125 0.0328125 0.053125
0 0.72890625 0.13671875 0.046875 0.0484375
3 0.70546875 0.09140625 0.0359375 0.0578125
3 0.6796875 0.06484375 0.0265625 0.0484375
3 0.6546875 0.0625 0.034375 0.046875
1 0.96015625 0.56015625 0.0265625 0.0515625
3 0.17265625 0.16484375 0.0421875 0.071875
1 0.16171875 0.2265625 0.0203125 0.040625
0 0.175 0.228125 0.05 0.0546875
1 0.9265625 0.54453125 0.025 0.0578125
1 0.83203125 0.35078125 0.025 0.046875
1 0.87890625 0.359375 0.0234375 0.046875
1 0.846875 0.31171875 0.021875 0.0453125
1 0.8046875 0.2890625 0.025 0.0453125
1 0.76484375 0.21171875 0.0203125 0.0453125
1 0.80390625 0.2203125 0.021875 0.040625
1 0.76875 0.17421875 0.01875 0.0375
1 0.73984375 0.15234375 0.01875 0.0375
1 0.73828125 0.1296875 0.021875 0.03125
1 0.70859375 0.08203125 0.015625 0.03125
1 0.68046875 0.05390625 0.015625 0.0265625
1 0.6609375 0.05390625 0.0171875 0.0296875
1 0.259375 0.1140625 0.01875 0.034375
1 0.28671875 0.07109375 0.01875 0.03125
1 0.29453125 0.04140625 0.015625 0.0296875
1 0.3234375 0.06640625 0.0171875 0.034375
1 0.31015625 0.09921875 0.0203125 0.034375
1 0.35234375 0.10234375 0.01875 0.0328125
1 0.359375 0.05703125 0.01875 0.03125
1 0.275 0.15234375 0.021875 0.0453125
1 0.31875 0.1453125 0.021875 0.040625
1 0.3640625 0.15703125 0.021875 0.0359375
1 0.38828125 0.025 0.015625 0.0296875
1 0.41171875 0.14453125 0.0234375 0.0453125
1 0.4296875 0.075 0.0203125 0.0375
1 0.43125 0.046875 0.0171875 0.0328125
1 0.41875 0.0234375 0.015625 0.03125
1 0.48671875 0.09375 0.01875 0.0328125
1 0.49453125 0.15546875 0.0234375 0.040625
1 0.4703125 0.04765625 0.0203125 0.0328125
2 0.4546875 0.015625 0.0171875 0.025
2 0.4859375 0.01328125 0.015625 0.025
1 0.51484375 0.0859375 0.01875 0.0328125
2 0.53984375 0.046875 0.015625 0.03125
1 0.521875 0.02890625 0.015625 0.03125
1 0.55859375 0.08828125 0.0171875 0.034375
1 0.5890625 0.05234375 0.0203125 0.03125
1 0.5984375 0.09765625 0.01875 0.0359375
1 0.621875 0.07109375 0.01875 0.03125
1 0.64609375 0.1140625 0.01875 0.0328125
1 0.6359375 0.14921875 0.021875 0.0375
1 0.5890625 0.1484375 0.0203125 0.0375
1 0.54921875 0.13828125 0.0203125 0.0453125
1 0.590625 0.20625 0.0265625 0.046875
1 0.553125 0.19453125 0.0234375 0.0453125
1 0.4859375 0.2109375 0.025 0.0421875
1 0.43359375 0.21484375 0.028125 0.046875
1 0.37265625 0.2171875 0.0265625 0.0375
1 0.2953125 0.2078125 0.025 0.0453125
1 0.2328125 0.24609375 0.0265625 0.046875
1 0.24453125 0.29921875 0.03125 0.0609375
2 0.3125 0.28203125 0.0296875 0.0609375
1 0.3734375 0.259375 0.0296875 0.0578125
1 0.48515625 0.33203125 0.0328125 0.05625
1 0.57109375 0.30390625 0.0296875 0.05
1 0.6265625 0.33125 0.028125 0.040625
1 0.675 0.29296875 0.025 0.05
1 0.675 0.36328125 0.028125 0.0328125
1 0.72421875 0.33984375 0.0265625 0.05
2 0.76015625 0.4109375 0.028125 0.065625
1 0.7171875 0.421875 0.0359375 0.071875
2 0.6359375 0.37109375 0.034375 0.0734375
1 0.5703125 0.4140625 0.0390625 0.071875
1 0.47578125 0.3828125 0.0328125 0.0703125
1 0.24609375 0.53203125 0.0328125 0.0671875
1 0.31484375 0.53515625 0.0375 0.0765625
1 0.4 0.54921875 0.0375 0.0734375
1 0.4734375 0.546875 0.0390625 0.0765625
1 0.57265625 0.54765625 0.0390625 0.0734375
1 0.81953125 0.571875 0.0390625 0.0765625