1 0.04140625 0.65390625 0.0328125 0.0578125
1 0.0640625 0.67578125 0.0875 0.1453125
1 0.1171875 0.2734375 0.0265625 0.0484375
3 0.125 0.29765625 0.05625 0.10625
1 0.14375 0.18203125 0.0203125 0.0375
1 0.1921875 0.12421875 0.021875 0.034375
0 0.1984375 0.13203125 0.0421875 0.053125
3 0.2578125 0.0671875 0.0375 0.053125
3 0.25078125 0.103125 0.0453125 0.0609375
3 0.2296875 0.14765625 0.0546875 0.0703125
3 0.28046875 0.12734375 0.0484375 0.0625
3 0.2859375 0.0890625 0.04375 0.0609375
3 0.3171875 0.128125 0.0515625 0.065625
3 0.32265625 0.0796875 0.046875 0.0609375
3 0.346875 0.0484375 0.04375 0.059375
3 0.378125 0.04296875 0.0359375 0.0578125
0 0.35546875 0.07890625 0.0421875 0.05
3 0.39375 0.065625 0.046875 0.0625
3 0.396875 0.09765625 0.053125 0.075
3 0.4140625 0.03515625 0.0375 0.0578125
3 0.43046875 0.0609375 0.0453125 0.0609375
3 0.4453125 0.03125 0.0390625 0.0578125
0 0.44453125 0.11015625 0.05625 0.0625
3 0.4765625 0.0921875 0.0484375 0.0640625
3 0.47734375 0.0375 0.040625 0.053125
3 0.50078125 0.0609375 0.046875 0.071875
0 0.515625 0.0390625 0.0296875 0.046875
3 0.51875 0.09609375 0.046875 0.0640625
3 0.54453125 0.05625 0.0421875 0.0609375
0 0.56015625 0.1015625 0.0546875 0.065625
0 0.60546875 0.109375 0.0484375 0.05625
3 0.58203125 0.06640625 0.0359375 0.0484375
3 0.6 0.15234375 0.059375 0.0765625
3 0.5578125 0.1546875 0.053125 0.0734375
3 0.5109375 0.15859375 0.0640625 0.0953125
0 0.4578125 0.16328125 0.0703125 0.0640625
0 0.3875 0.16953125 0.075 0.0875
3 0.3328125 0.178125 0.046875 0.0609375
3 0.29296875 0.18125 0.05625 0.0859375
3 0.2453125 0.1921875 0.0578125 0.0875
0 0.21640625 0.2828125 0.071875 0.0828125
3 0.271875 0.25078125 0.065625 0.09375
0 0.3453125 0.2390625 0.08125 0.09375
0 0.409375 0.2234375 0.071875 0.0890625
3 0.46015625 0.225 0.059375 0.075
3 0.52265625 0.21953125 0.0625 0.10625
3 0.56328125 0.21640625 0.053125 0.0828125
0 0.70625 0.3296875 0.0671875 0.0953125
3 0.6515625 0.3046875 0.0640625 0.1078125
0 0.60625 0.325 0.075 0.084375
3 0.54609375 0.3140625 0.0703125 0.0890625
0 0.47734375 0.34609375 0.0828125 0.103125
3 0.41171875 0.3296875 0.0828125 0.1171875
3 0.35546875 0.30546875 0.0765625 0.1390625
3 0.2984375 0.34140625 0.0796875 0.1515625
3 0.24453125 0.34375 0.075 0.1203125
0 0.1921875 0.3734375 0.0734375 0.109375
1 0.18515625 0.3640625 0.0328125 0.053125
3 0.4734375 0.41015625 0.0875 0.1453125
3 0.56171875 0.43359375 0.0875 0.1296875
3 0.62421875 0.4 0.0921875 0.1625
3 0.6953125 0.42734375 0.0890625 0.128125
3 0.75546875 0.428125 0.078125 0.15625
3 0.80859375 0.58828125 0.1078125 0.1796875
3 0.58125 0.59140625 0.0984375 0.1875
3 0.490625 0.5859375 0.096875 0.165625
3 0.4140625 0.59453125 0.096875 0.159375
3 0.334375 0.59375 0.1015625 0.1953125
3 0.265625 0.6046875 0.096875 0.1828125
3 0.97421875 0.73125 0.0515625 0.134375
3 0.90390625 0.53046875 0.0890625 0.1046875
3 0.95703125 0.54765625 0.0625 0.1171875
3 0.8125 0.35234375 0.0671875 0.1140625
3 0.859375 0.34765625 0.0578125 0.1
3 0.76953125 0.2734375 0.0703125 0.0984375
0 0.81640625 0.2828125 0.05625 0.0625
3 0.7359375 0.20625 0.053125 0.0875
3 0.771875 0.209375 0.05 0.0734375
3 0.70390625 0.15 0.05 0.0734375
3 0.73515625 0.16015625 0.0359375 0.0546875
0 0.696875 0.11875 0.0515625 0.0515625
3 0.66953125 0.075 0.040625 0.059375
3 0.640625 0.05078125 0.03125 0.05
3 0.61640625 0.05078125 0.0390625 0.0484375
1 0.96328125 0.5203125 0.0296875 0.053125
3 0.14453125 0.19453125 0.046875 0.075
1 0.1390625 0.25703125 0.0234375 0.0421875
0 0.15234375 0.2578125 0.0546875 0.0578125
1 0.92890625 0.50703125 0.0296875 0.059375
1 0.8171875 0.32265625 0.028125 0.0484375
1 0.86484375 0.3265625 0.0265625 0.0484375
1 0.8296875 0.2828125 0.0265625 0.046875
1 0.78515625 0.26328125 0.0296875 0.046875
1 0.7390625 0.18984375 0.025 0.0453125
1 0.778125 0.19453125 0.025 0.0421875
1 0.7390625 0.15234375 0.021875 0.0390625
1 0.70859375 0.13203125 0.021875 0.0375
1 0.7046875 0.11015625 0.0234375 0.0328125
1 0.671875 0.065625 0.01875 0.0328125
1 0.640625 0.03984375 0.0171875 0.0265625
1 0.62109375 0.0421875 0.01875 0.03125
1 0.2265625 0.13671875 0.021875 0.0359375
1 0.25 0.09140625 0.0203125 0.03125
1 0.25546875 0.0609375 0.01875 0.03125
1 0.2859375 0.08359375 0.0203125 0.0359375
1 0.27578125 0.1171875 0.0234375 0.0359375
1 0.31796875 0.11640625 0.021875 0.034375
1 0.32109375 0.07109375 0.0203125 0.0328125
1 0.24609375 0.1734375 0.0265625 0.046875
1 0.28828125 0.1625 0.025 0.0421875
1 0.334375 0.1703125 0.025 0.0375
1 0.34765625 0.03671875 0.01875 0.0296875
1 0.38125 0.153125 0.0265625 0.046875
1 0.39296875 0.0828125 0.0234375 0.0390625
1 0.3921875 0.0546875 0.0203125 0.0328125
1 0.37734375 0.03203125 0.01875 0.03125
1 0.45078125 0.09609375 0.0203125 0.0328125
1 0.46484375 0.1578125 0.0265625 0.0421875
1 0.43046875 0.05234375 0.021875 0.034375
2 0.4125 0.02109375 0.01875 0.0265625
2 0.44375 0.01640625 0.0171875 0.0265625
1 0.47890625 0.08671875 0.021875 0.0328125
2 0.5 0.0453125 0.01875 0.0328125
1 0.48046875 0.028125 0.0171875 0.0328125
1 0.52265625 0.08515625 0.0203125 0.0359375
1 0.55 0.04609375 0.021875 0.0328125
1 0.56328125 0.090625 0.021875 0.0375
1 0.584375 0.06171875 0.0203125 0.03125
1 0.61171875 0.10234375 0.0203125 0.0328125
1 0.6046875 0.13828125 0.025 0.0390625
1 0.5578125 0.1421875 0.0234375 0.0390625
1 0.5171875 0.1359375 0.0234375 0.0453125
1 0.56484375 0.19921875 0.03125 0.0484375
1 0.5265625 0.19140625 0.0265625 0.046875
1 0.4609375 0.21328125 0.028125 0.04375
1 0.409375 0.221875 0.0328125 0.0484375
1 0.3484375 0.2296875 0.028125 0.0390625
1 0.27109375 0.22734375 0.0296875 0.046875
1 0.21171875 0.2703125 0.03125 0.0484375
1 0.228125 0.32265625 0.0359375 0.0625
2 0.29453125 0.29921875 0.034375 0.0625
1 0.353125 0.27109375 0.034375 0.059375
1 0.4703125 0.33359375 0.0375 0.0578125
1 0.55390625 0.2984375 0.034375 0.0515625
1 0.61171875 0.32109375 0.03125 0.0421875
1 0.65625 0.278125 0.0296875 0.0515625
1 0.6625 0.3484375 0.0296875 0.034375
1 0.71015625 0.32109375 0.0296875 0.0515625
2 0.7515625 0.38828125 0.0328125 0.0671875
1 0.709375 0.40390625 0.040625 0.0734375
2 0.62421875 0.36015625 0.0390625 0.075
1 0.5625 0.40859375 0.04375 0.0734375
1 0.465625 0.38515625 0.0390625 0.071875
1 0.25 0.55390625 0.0390625 0.06875
1 0.31796875 0.55078125 0.04375 0.0796875
1 0.4046875 0.5578125 0.04375 0.075
1 0.47734375 0.5484375 0.0453125 0.0796875
1 0.5765625 0.540625 0.04375 0.075
1 0.825 0.54375 0.0453125 0.078125