1 0.0171875 0.4796875 0.034375 0.059375
1 0.03828125 0.5078125 0.0765625 0.146875
1 0.21171875 0.17578125 0.0296875 0.046875
3 0.21796875 0.190625 0.05625 0.075
1 0.28125 0.07578125 0.021875 0.0375
1 0.34765625 0.03828125 0.0234375 0.034375
0 0.35078125 0.0484375 0.04375 0.0546875
3 0.4296875 0.01796875 0.040625 0.0359375
3 0.409375 0.03984375 0.046875 0.0625
3 0.3734375 0.07578125 0.05625 0.0640625
3 0.42734375 0.0734375 0.0484375 0.0609375
3 0.44765625 0.03984375 0.0453125 0.0625
3 0.4609375 0.07890625 0.0515625 0.0671875
3 0.48359375 0.04765625 0.05 0.0625
3 0.51796875 0.02578125 0.0453125 0.0515625
3 0.55 0.0296875 0.0390625 0.0578125
0 0.5171875 0.0546875 0.04375 0.05
3 0.55703125 0.05703125 0.05 0.0640625
3 0.54921875 0.08125 0.05625 0.0765625
3 0.5859375 0.03515625 0.040625 0.0578125
3 0.58984375 0.06484375 0.0453125 0.0609375
3 0.61875 0.0453125 0.0375 0.0515625
0 0.58828125 0.11640625 0.059375 0.065625
3 0.6234375 0.11484375 0.05 0.0625
3 0.64453125 0.06015625 0.0421875 0.0546875
3 0.6578125 0.09140625 0.0484375 0.0734375
0 0.678125 0.075 0.0359375 0.0484375
3 0.6640625 0.1296875 0.0546875 0.06875
3 0.70078125 0.1015625 0.0453125 0.0625
3 0.7 0.146875 0.05625 0.071875
0 0.7390625 0.17265625 0.0515625 0.0578125
3 0.7375 0.12265625 0.040625 0.059375
3 0.7171875 0.215625 0.059375 0.0734375
3 0.67578125 0.2015625 0.05625 0.0765625
3 0.63203125 0.18515625 0.0671875 0.096875
3 0.58359375 0.1640625 0.075 0.090625
0 0.5125 0.15078125 0.078125 0.0875
3 0.459375 0.13984375 0.0484375 0.0625
3 0.42109375 0.12890625 0.059375 0.0875
3 0.37265625 0.121875 0.0625 0.0890625
0 0.31328125 0.19609375 0.075 0.084375
3 0.3765625 0.18515625 0.0671875 0.09375
0 0.44921875 0.20078125 0.084375 0.096875
0 0.5140625 0.21484375 0.078125 0.1
3 0.56171875 0.2296875 0.0625 0.078125
3 0.621875 0.24609375 0.0671875 0.1078125
3 0.6625 0.24609375 0.0625 0.109375
0 0.75390625 0.41484375 0.071875 0.0984375
3 0.71171875 0.371875 0.065625 0.096875
0 0.66171875 0.37421875 0.0765625 0.084375
3 0.61015625 0.3421875 0.0734375 0.090625
0 0.534375 0.34765625 0.0875 0.10625
0 0.4703125 0.31875 0.0921875 0.1125
3 0.434375 0.27265625 0.084375 0.1375
3 0.365625 0.2953125 0.0828125 0.1296875
3 0.31171875 0.28359375 0.0828125 0.146875
0 0.25859375 0.27265625 0.0796875 0.1140625
1 0.2546875 0.26015625 0.0359375 0.053125
3 0.5078125 0.40625 0.1 0.15625
3 0.58125 0.459375 0.09375 0.1328125
3 0.65078125 0.471875 0.0953125 0.1484375
3 0.709375 0.49921875 0.0953125 0.1421875
3 0.7625 0.5328125 0.0859375 0.1578125
0 0.7375 0.70703125 0.1140625 0.18125
3 0.5453125 0.6171875 0.1109375 0.184375
3 0.4625 0.56171875 0.1140625 0.2015625
3 0.38515625 0.55703125 0.10625 0.165625
3 0.31171875 0.528125 0.109375 0.1984375
3 0.2453125 0.509375 0.1078125 0.18125
3 0.8828125 0.89453125 0.103125 0.1375
1 0.91015625 0.88671875 0.04375 0.0671875
3 0.86640625 0.67265625 0.09375 0.1078125
3 0.909375 0.70859375 0.0671875 0.1171875
3 0.84453125 0.47421875 0.071875 0.115625
3 0.890625 0.4859375 0.0609375 0.1015625
3 0.83203125 0.38515625 0.071875 0.09375
0 0.8734375 0.41171875 0.05625 0.0640625
3 0.825 0.3109375 0.0578125 0.0875
3 0.8578125 0.32578125 0.053125 0.075
3 0.815625 0.24765625 0.053125 0.0765625
3 0.84140625 0.26640625 0.0390625 0.05625
0 0.8203125 0.2140625 0.053125 0.053125
3 0.81015625 0.165625 0.04375 0.0609375
3 0.79296875 0.13046875 0.0328125 0.05
3 0.771875 0.1203125 0.0421875 0.059375
1 0.92578125 0.684375 0.0328125 0.0546875
3 0.27734375 0.0875 0.05 0.075
1 0.25 0.14375 0.0265625 0.0421875
0 0.2625 0.14921875 0.05625 0.059375
1 0.896875 0.6640625 0.0328125 0.059375
1 0.221875 0.13984375 0.0265625 0.04375
2 0.4875 0.009375 0.01875 0.01875
3 0.4828125 0.02265625 0.04375 0.0453125
1 0.86015625 0.44921875 0.03125 0.053125
1 0.903125 0.46875 0.0296875 0.0484375
1 0.88515625 0.415625 0.0296875 0.046875
1 0.85078125 0.38125 0.0296875 0.046875
1 0.87109375 0.31640625 0.0265625 0.04375
1 0.834375 0.29609375 0.025 0.0421875
1 0.8234375 0.23515625 0.0234375 0.034375
1 0.84921875 0.2609375 0.021875 0.0375
1 0.83125 0.20625 0.021875 0.0328125
1 0.81640625 0.1546875 0.0203125 0.0328125
1 0.79609375 0.11953125 0.01875 0.028125
1 0.77734375 0.11484375 0.01875 0.03125
1 0.42890625 0.00859375 0.0203125 0.0171875
1 0.415625 0.028125 0.0234375 0.0328125
1 0.37890625 0.0640625 0.021875 0.0328125
1 0.44921875 0.03359375 0.0203125 0.0328125
1 0.42421875 0.065625 0.0234375 0.0359375
1 0.48125 0.03515625 0.0234375 0.0328125
1 0.465625 0.0671875 0.0234375 0.034375
1 0.37890625 0.10078125 0.0265625 0.046875
1 0.42421875 0.10703125 0.028125 0.04375
1 0.46171875 0.13515625 0.0265625 0.0421875
1 0.51953125 0.01640625 0.0203125 0.0328125
1 0.5078125 0.1359375 0.03125 0.046875
1 0.55 0.06875 0.025 0.0390625
1 0.553125 0.01953125 0.0203125 0.03125
1 0.559375 0.04375 0.0203125 0.034375
1 0.590625 0.021875 0.0203125 0.028125
1 0.596875 0.05625 0.0234375 0.0328125
1 0.61953125 0.03359375 0.01875 0.0296875
1 0.6 0.10625 0.0234375 0.034375
1 0.59609375 0.14921875 0.0296875 0.0484375
1 0.628125 0.10625 0.0234375 0.034375
1 0.65078125 0.053125 0.01875 0.03125
2 0.66171875 0.07265625 0.021875 0.034375
1 0.646875 0.1671875 0.0265625 0.046875
1 0.6828125 0.18671875 0.025 0.0390625
1 0.70234375 0.13359375 0.0265625 0.0359375
1 0.671875 0.11875 0.025 0.0359375
1 0.6765625 0.07109375 0.0203125 0.03125
1 0.71015625 0.0953125 0.0234375 0.034375
1 0.7390625 0.11015625 0.021875 0.03125
1 0.74609375 0.1671875 0.0234375 0.0328125
1 0.7265625 0.20234375 0.025 0.034375
2 0.6640625 0.221875 0.03125 0.0515625
1 0.634375 0.22109375 0.03125 0.046875
1 0.56484375 0.21796875 0.0296875 0.046875
1 0.51640625 0.203125 0.0328125 0.046875
1 0.4578125 0.19296875 0.03125 0.040625
1 0.38359375 0.165625 0.03125 0.046875
1 0.31328125 0.18203125 0.03125 0.046875
1 0.31171875 0.24296875 0.0390625 0.0609375
1 0.3765625 0.2671875 0.0375 0.059375
1 0.44453125 0.23828125 0.0375 0.0546875
1 0.4578125 0.29140625 0.04375 0.05625
1 0.5296875 0.3328125 0.0375 0.05625
1 0.6234375 0.328125 0.0328125 0.0515625
1 0.6671875 0.3765625 0.0375 0.0546875
1 0.72421875 0.35390625 0.034375 0.0484375
1 0.759375 0.4078125 0.0328125 0.053125
1 0.74609375 0.44296875 0.0171875 0.028125
1 0.775 0.4890625 0.0359375 0.065625
2 0.72890625 0.475 0.04375 0.078125
2 0.66328125 0.44296875 0.04375 0.0734375
1 0.59140625 0.4359375 0.0484375 0.075
1 0.509375 0.37734375 0.0453125 0.0765625
1 0.24765625 0.45859375 0.0453125 0.0734375
1 0.31328125 0.48203125 0.0484375 0.0796875
1 0.390625 0.51796875 0.046875 0.0765625
2 0.47890625 0.5125 0.05 0.0828125
1 0.55703125 0.5671875 0.046875 0.075
2 0.746875 0.665625 0.05 0.0859375