1 0.02109375 0.58046875 0.0234375 0.05546875
1 0.040625 0.60546875 0.0671875 0.13671875
1 0.15625 0.23046875 0.0203125 0.04453125
3 0.1625 0.24296875 0.0390625 0.08046875
1 0.19765625 0.13046875 0.01484375 0.03515625
1 0.2546875 0.08046875 0.01796875 0.03125
0 0.26015625 0.0890625 0.03515625 0.0484375
3 0.328125 0.034375 0.0296875 0.0484375
3 0.3171875 0.06875 0.034375 0.05546875
3 0.29765625 0.10625 0.03828125 0.065625
3 0.33828125 0.09609375 0.03828125 0.065625
3 0.353125 0.06171875 0.0359375 0.05625
3 0.37734375 0.10390625 0.04296875 0.059375
3 0.38828125 0.0609375 0.03984375 0.05546875
3 0.41953125 0.03046875 0.03515625 0.0546875
3 0.45078125 0.0296875 0.028125 0.05390625
0 0.4234375 0.06328125 0.034375 0.05
3 0.46328125 0.0546875 0.03828125 0.05703125
3 0.4609375 0.08046875 0.04296875 0.06875
3 0.4859375 0.028125 0.03046875 0.05390625
3 0.5015625 0.05546875 0.03515625 0.059375
3 0.521875 0.03046875 0.0265625 0.04453125
0 0.50390625 0.10625 0.04765625 0.0546875
3 0.54140625 0.09453125 0.03671875 0.05625
3 0.55 0.0390625 0.03515625 0.04921875
0 0.56640625 0.07109375 0.03671875 0.04921875
0 0.58203125 0.04296875 0.03046875 0.04375
3 0.58359375 0.09921875 0.03828125 0.06953125
3 0.6125 0.06953125 0.03515625 0.059375
0 0.621875 0.11796875 0.04296875 0.06015625
0 0.665625 0.13046875 0.04140625 0.05
3 0.65078125 0.08046875 0.028125 0.05546875
3 0.65390625 0.1734375 0.046875 0.06953125
3 0.6125 0.1734375 0.0421875 0.06953125
3 0.56328125 0.165625 0.05 0.0890625
3 0.515625 0.146875 0.05625 0.08125
0 0.44140625 0.15546875 0.0625 0.08125
3 0.38515625 0.15625 0.03984375 0.0546875
3 0.3453125 0.14765625 0.04375 0.08046875
3 0.296875 0.15625 0.04609375 0.08203125
0 0.25390625 0.24140625 0.06171875 0.0734375
3 0.31328125 0.2109375 0.05234375 0.090625
0 0.39140625 0.21796875 0.06640625 0.08046875
0 0.4546875 0.21796875 0.06171875 0.0890625
3 0.50703125 0.21953125 0.05234375 0.08046875
3 0.565625 0.2234375 0.04765625 0.10625
3 0.60703125 0.228125 0.04140625 0.08046875
0 0.73046875 0.3640625 0.0546875 0.08828125
3 0.6796875 0.3203125 0.04921875 0.1109375
0 0.6359375 0.34296875 0.06328125 0.07890625
3 0.575 0.32265625 0.0578125 0.08046875
0 0.5015625 0.34296875 0.06875 0.09375
0 0.43515625 0.32890625 0.06953125 0.115625
3 0.38828125 0.29140625 0.059375 0.128125
3 0.3265625 0.32578125 0.059375 0.11953125
3 0.27265625 0.31796875 0.05546875 0.15078125
0 0.21640625 0.32734375 0.059375 0.103125
1 0.21015625 0.31640625 0.02578125 0.04921875
3 0.47890625 0.43125 0.07890625 0.1234375
3 0.57109375 0.44375 0.0703125 0.1203125
3 0.63984375 0.44296875 0.07109375 0.13515625
3 0.70625 0.45546875 0.0671875 0.12578125
3 0.76328125 0.46796875 0.05546875 0.14921875
3 0.79453125 0.65546875 0.096875 0.18125
3 0.56875 0.60546875 0.0765625 0.171875
3 0.47578125 0.58125 0.07734375 0.13828125
3 0.3984375 0.58046875 0.08046875 0.153125
3 0.3171875 0.58046875 0.07890625 0.15703125
3 0.253125 0.55546875 0.0734375 0.18515625
3 0.95078125 0.79375 0.08203125 0.10625
1 0.97890625 0.80390625 0.02734375 0.06171875
3 0.89453125 0.59296875 0.07421875 0.096875
3 0.94453125 0.61796875 0.05 0.11328125
3 0.83359375 0.40546875 0.05078125 0.1015625
3 0.878125 0.40546875 0.03984375 0.09453125
0 0.80546875 0.31796875 0.05703125 0.08203125
0 0.846875 0.33515625 0.0453125 0.05546875
3 0.77890625 0.246875 0.04140625 0.08125
3 0.8140625 0.25546875 0.03984375 0.06875
3 0.75625 0.18203125 0.0390625 0.06875
3 0.78515625 0.20078125 0.02890625 0.05078125
0 0.75546875 0.15078125 0.04296875 0.04375
3 0.73359375 0.10703125 0.0328125 0.05546875
3 0.709375 0.07734375 0.02265625 0.046875
3 0.6875 0.071875 0.03203125 0.046875
1 0.95703125 0.58828125 0.02265625 0.05078125
3 0.196875 0.14296875 0.03671875 0.06796875
1 0.18125 0.20234375 0.01796875 0.03984375
0 0.19453125 0.20625 0.046875 0.05078125
1 0.92109375 0.571875 0.02109375 0.05546875
1 0.84140625 0.37890625 0.02109375 0.0484375
1 0.8875 0.38515625 0.0203125 0.04453125
1 0.85703125 0.34296875 0.02109375 0.04296875
1 0.82265625 0.315625 0.021875 0.0453125
1 0.82421875 0.24296875 0.01953125 0.040625
1 0.784375 0.23125 0.01796875 0.0390625
1 0.78828125 0.19296875 0.01640625 0.03828125
1 0.76015625 0.16875 0.015625 0.03671875
1 0.76484375 0.14296875 0.0171875 0.02890625
1 0.7375 0.09765625 0.0140625 0.03046875
1 0.7109375 0.06796875 0.01484375 0.025
1 0.69140625 0.065625 0.01328125 0.02890625
1 0.328125 0.028125 0.0140625 0.02890625
1 0.3140625 0.05625 0.015625 0.03125
1 0.29765625 0.0921875 0.015625 0.034375
1 0.328125 0.08359375 0.0171875 0.03515625
1 0.353125 0.053125 0.015625 0.034375
1 0.3 0.1359375 0.01796875 0.04375
1 0.34375 0.13046875 0.01796875 0.04453125
1 0.38125 0.09296875 0.01796875 0.03203125
1 0.38515625 0.1484375 0.02109375 0.034375
1 0.3875 0.05 0.01640625 0.03125
1 0.41875 0.01875 0.01328125 0.0296875
1 0.45078125 0.01953125 0.01484375 0.0296875
1 0.45859375 0.06875 0.0171875 0.03515625
1 0.465625 0.0421875 0.01484375 0.03046875
1 0.4375 0.140625 0.0234375 0.04296875
1 0.4890625 0.01328125 0.01484375 0.025
1 0.5015625 0.04296875 0.01796875 0.034375
1 0.51328125 0.09609375 0.01796875 0.03046875
1 0.51875 0.02578125 0.0140625 0.03046875
1 0.51953125 0.13046875 0.02265625 0.04296875
1 0.55390625 0.03125 0.01328125 0.03046875
1 0.54375 0.090625 0.0171875 0.0296875
1 0.57109375 0.06796875 0.0171875 0.0296875
1 0.57578125 0.14375 0.01953125 0.04296875
1 0.61328125 0.1578125 0.01953125 0.0359375
2 0.58515625 0.08359375 0.01484375 0.03671875
1 0.61640625 0.05546875 0.01796875 0.03359375
1 0.6265625 0.10625 0.01953125 0.034375
1 0.646875 0.06640625 0.0171875 0.028125
1 0.671875 0.12421875 0.01796875 0.03125
1 0.65859375 0.15859375 0.01953125 0.03515625
1 0.61328125 0.209375 0.02421875 0.04375
2 0.56875 0.19296875 0.02265625 0.0453125
1 0.509375 0.20703125 0.02109375 0.040625
1 0.45234375 0.20625 0.0234375 0.04375
1 0.39375 0.209375 0.0234375 0.04375
1 0.253125 0.22578125 0.02265625 0.04453125
1 0.3125 0.19375 0.02109375 0.0484375
2 0.26875 0.27421875 0.0265625 0.05859375
1 0.3296875 0.29296875 0.025 0.0515625
1 0.3953125 0.25625 0.028125 0.053125
1 0.4203125 0.29921875 0.03359375 0.05625
1 0.496875 0.334375 0.0265625 0.05546875
1 0.58203125 0.30703125 0.02265625 0.04921875
1 0.64140625 0.33359375 0.02421875 0.05078125
1 0.6890625 0.296875 0.02265625 0.05
1 0.73515625 0.35703125 0.02265625 0.046875
2 0.7640625 0.428125 0.02578125 0.06328125
1 0.71953125 0.43125 0.03125 0.07109375
2 0.65 0.41171875 0.0328125 0.06953125
1 0.5734375 0.43046875 0.03359375 0.05703125
1 0.48203125 0.4015625 0.03046875 0.06015625
1 0.2453125 0.50546875 0.034375 0.06953125
2 0.30703125 0.54453125 0.03515625 0.08203125
1 0.39765625 0.5390625 0.03359375 0.0734375
1 0.47109375 0.55546875 0.03671875 0.0734375
1 0.56953125 0.55390625 0.03046875 0.06640625
1 0.825 0.60703125 0.0359375 0.07421875