1 0.01484375 0.50390625 0.0296875 0.0578125
1 0.03671875 0.53203125 0.0734375 0.1453125
1 0.1953125 0.19140625 0.028125 0.046875
3 0.203125 0.20625 0.0515625 0.071875
1 0.259375 0.0875 0.0203125 0.0375
1 0.3234375 0.046875 0.021875 0.034375
0 0.32734375 0.05625 0.0421875 0.053125
3 0.4046875 0.01796875 0.034375 0.0359375
3 0.38515625 0.0453125 0.0453125 0.0609375
3 0.3515625 0.08203125 0.053125 0.0625
3 0.40625 0.07421875 0.046875 0.0640625
3 0.4234375 0.04375 0.04375 0.0609375
3 0.440625 0.08984375 0.0515625 0.065625
3 0.459375 0.04375 0.0484375 0.0609375
3 0.49375 0.0265625 0.04375 0.053125
3 0.52421875 0.028125 0.0359375 0.05625
0 0.49296875 0.0546875 0.0421875 0.05
3 0.53359375 0.0546875 0.046875 0.0625
3 0.5265625 0.08359375 0.053125 0.075
3 0.56015625 0.03203125 0.0390625 0.0578125
3 0.57109375 0.0609375 0.04375 0.0640625
3 0.5953125 0.03984375 0.034375 0.05
0 0.56796875 0.11171875 0.05625 0.0625
3 0.6046875 0.1078125 0.0453125 0.0609375
3 0.62109375 0.053125 0.040625 0.053125
0 0.6546875 0.06171875 0.0359375 0.0484375
3 0.64453125 0.11171875 0.053125 0.0796875
3 0.67890625 0.090625 0.0453125 0.06875
3 0.68203125 0.1375 0.0546875 0.0703125
0 0.72109375 0.1609375 0.0484375 0.05625
3 0.71484375 0.109375 0.0359375 0.059375
3 0.703125 0.2 0.0578125 0.075
3 0.66171875 0.1890625 0.053125 0.0734375
3 0.615625 0.17890625 0.0640625 0.0953125
3 0.56796875 0.15546875 0.06875 0.0890625
0 0.4953125 0.15078125 0.075 0.084375
3 0.440625 0.1421875 0.046875 0.0609375
3 0.4015625 0.1328125 0.05625 0.0859375
3 0.353125 0.12890625 0.0578125 0.0875
0 0.29765625 0.20625 0.071875 0.0828125
3 0.36171875 0.18046875 0.0703125 0.1046875
0 0.43828125 0.2046875 0.078125 0.0953125
0 0.49921875 0.2140625 0.075 0.096875
3 0.54921875 0.2328125 0.0640625 0.0875
3 0.60703125 0.2375 0.0625 0.1015625
3 0.64921875 0.23828125 0.05625 0.1078125
0 0.74921875 0.4015625 0.0671875 0.0953125
3 0.7046875 0.34921875 0.059375 0.1078125
0 0.65859375 0.34375 0.0828125 0.128125
3 0.60234375 0.33515625 0.0703125 0.0953125
0 0.525 0.346875 0.0828125 0.103125
0 0.459375 0.31953125 0.0890625 0.1109375
3 0.42265625 0.2765625 0.078125 0.1359375
3 0.3546875 0.303125 0.0765625 0.128125
3 0.30078125 0.29375 0.0765625 0.1453125
0 0.246875 0.2765625 0.0765625 0.1015625
1 0.2421875 0.2734375 0.0328125 0.053125
3 0.49296875 0.428125 0.096875 0.134375
3 0.57890625 0.45546875 0.0875 0.1296875
3 0.64765625 0.465625 0.084375 0.140625
3 0.709375 0.48828125 0.0890625 0.140625
3 0.76484375 0.509375 0.078125 0.15625
0 0.74921875 0.69453125 0.10625 0.178125
3 0.5515625 0.61484375 0.103125 0.18125
3 0.4640625 0.58671875 0.09375 0.153125
3 0.38828125 0.56171875 0.0984375 0.1640625
3 0.3140625 0.5359375 0.1015625 0.1953125
3 0.24765625 0.5171875 0.1015625 0.190625
3 0.90234375 0.87421875 0.0984375 0.134375
1 0.9296875 0.8640625 0.040625 0.065625
3 0.875 0.65390625 0.0890625 0.1046875
3 0.91953125 0.68671875 0.0625 0.1171875
3 0.84453125 0.45859375 0.065625 0.1078125
3 0.8890625 0.46640625 0.0578125 0.1
3 0.82578125 0.36796875 0.06875 0.090625
0 0.86796875 0.3921875 0.053125 0.0625
3 0.815625 0.290625 0.053125 0.0859375
3 0.8484375 0.3078125 0.05 0.0734375
3 0.80234375 0.228125 0.05 0.0734375
3 0.828125 0.24921875 0.0359375 0.0546875
0 0.8046875 0.19765625 0.0515625 0.0515625
3 0.7921875 0.146875 0.040625 0.059375
3 0.77265625 0.115625 0.0296875 0.05
3 0.75 0.11015625 0.0390625 0.053125
1 0.934375 0.6625 0.0296875 0.053125
3 0.25625 0.1 0.046875 0.075
1 0.23125 0.1578125 0.0234375 0.0421875
0 0.24453125 0.16171875 0.0546875 0.0578125
1 0.90546875 0.64296875 0.0296875 0.059375
1 0.2046875 0.15234375 0.0265625 0.0453125
1 0.85625 0.43359375 0.0296875 0.0515625
1 0.89921875 0.446875 0.028125 0.046875
1 0.8453125 0.359375 0.0296875 0.046875
1 0.8796875 0.3953125 0.0265625 0.046875
1 0.8609375 0.29609375 0.025 0.0421875
1 0.8234375 0.28203125 0.025 0.046875
1 0.83515625 0.2421875 0.0234375 0.040625
1 0.8078125 0.21328125 0.0234375 0.040625
1 0.79765625 0.1390625 0.0171875 0.0328125
1 0.775 0.10625 0.01875 0.0296875
1 0.75703125 0.1 0.01875 0.0296875
1 0.4015625 0.0109375 0.01875 0.021875
1 0.39140625 0.034375 0.0203125 0.0328125
1 0.35546875 0.07109375 0.01875 0.0328125
1 0.4046875 0.06171875 0.021875 0.0359375
1 0.42578125 0.03671875 0.021875 0.0375
1 0.4453125 0.07734375 0.0234375 0.0375
1 0.45703125 0.03828125 0.0203125 0.0328125
1 0.4984375 0.01328125 0.01875 0.0265625
1 0.528125 0.0171875 0.01875 0.03125
1 0.53515625 0.040625 0.0203125 0.0328125
1 0.52734375 0.0671875 0.021875 0.0359375
1 0.565625 0.0171875 0.01875 0.0265625
1 0.57265625 0.04921875 0.021875 0.0359375
1 0.5765625 0.10078125 0.021875 0.034375
1 0.59296875 0.034375 0.0171875 0.028125
1 0.6265625 0.0453125 0.0171875 0.028125
1 0.6078125 0.1046875 0.0203125 0.0328125
1 0.6546875 0.06015625 0.01875 0.03125
0 0.6328125 0.084375 0.0375 0.0515625
2 0.6421875 0.0984375 0.021875 0.03125
1 0.68125 0.078125 0.0203125 0.0359375
1 0.7125 0.09609375 0.01875 0.03125
1 0.72890625 0.1546875 0.0203125 0.0328125
1 0.7109375 0.1875 0.0234375 0.040625
1 0.66640625 0.17734375 0.0234375 0.040625
1 0.6296875 0.159375 0.025 0.04375
1 0.57734375 0.1390625 0.0296875 0.046875
1 0.4921875 0.1375 0.028125 0.04375
1 0.4453125 0.1328125 0.025 0.0390625
1 0.40390625 0.11171875 0.0265625 0.04375
2 0.359375 0.10625 0.0234375 0.0421875
1 0.296875 0.19296875 0.028125 0.0453125
2 0.35078125 0.1546875 0.0296875 0.0484375
1 0.44609375 0.18828125 0.03125 0.046875
1 0.49921875 0.203125 0.034375 0.053125
1 0.56015625 0.2171875 0.028125 0.046875
1 0.615625 0.21328125 0.028125 0.046875
2 0.64765625 0.21328125 0.028125 0.053125
1 0.7546875 0.39453125 0.0296875 0.05
1 0.71640625 0.33046875 0.03125 0.0578125
1 0.6703125 0.3171875 0.03125 0.053125
1 0.61328125 0.321875 0.0296875 0.053125
1 0.5203125 0.3359375 0.0359375 0.059375
1 0.44453125 0.2953125 0.0390625 0.059375
1 0.43203125 0.2421875 0.034375 0.0578125
1 0.36328125 0.27265625 0.0359375 0.0578125
1 0.3 0.25390625 0.0328125 0.059375
1 0.5 0.4046875 0.040625 0.0640625
1 0.58671875 0.434375 0.046875 0.075
2 0.66171875 0.4375 0.04375 0.078125
2 0.72734375 0.46328125 0.0421875 0.078125
2 0.77421875 0.47265625 0.0375 0.0703125
2 0.75625 0.65234375 0.046875 0.0859375
1 0.559375 0.5640625 0.0453125 0.0734375
1 0.46015625 0.55 0.0421875 0.0765625
1 0.3921875 0.5203125 0.04375 0.0734375
1 0.3125 0.49140625 0.0453125 0.08125
1 0.246875 0.46640625 0.04375 0.071875