1 0.0359375 0.63828125 0.03125 0.0578125
1 0.05859375 0.66015625 0.0828125 0.14375
1 0.121875 0.2875 0.0265625 0.0453125
3 0.1328125 0.29921875 0.0515625 0.0734375
1 0.1546875 0.1703125 0.01875 0.0359375
1 0.20546875 0.11328125 0.021875 0.0328125
0 0.21171875 0.12109375 0.040625 0.053125
3 0.2734375 0.0578125 0.0359375 0.053125
3 0.2640625 0.09453125 0.04375 0.059375
3 0.2421875 0.13984375 0.053125 0.0609375
3 0.2921875 0.1203125 0.0453125 0.059375
3 0.30078125 0.08203125 0.0421875 0.059375
3 0.32578125 0.1140625 0.046875 0.065625
3 0.3375 0.07734375 0.0453125 0.0609375
3 0.36328125 0.04453125 0.040625 0.053125
3 0.39375 0.0390625 0.034375 0.05625
0 0.37109375 0.0734375 0.040625 0.0484375
3 0.409375 0.0625 0.0453125 0.0609375
3 0.41015625 0.08828125 0.0515625 0.0734375
3 0.4296875 0.03203125 0.0359375 0.05625
3 0.44375 0.059375 0.040625 0.059375
3 0.46484375 0.03125 0.0328125 0.0484375
0 0.45859375 0.10859375 0.0546875 0.0625
3 0.49140625 0.09609375 0.0453125 0.0609375
3 0.49375 0.0375 0.0390625 0.0515625
3 0.51640625 0.06171875 0.04375 0.071875
0 0.5296875 0.03984375 0.0328125 0.046875
3 0.534375 0.096875 0.05 0.065625
3 0.56015625 0.0578125 0.040625 0.0609375
3 0.575 0.1015625 0.0515625 0.06875
0 0.61953125 0.11328125 0.046875 0.0546875
3 0.6015625 0.065625 0.0375 0.0578125
3 0.6125 0.16015625 0.0546875 0.0703125
3 0.56953125 0.16015625 0.0515625 0.075
3 0.52265625 0.159375 0.0609375 0.09375
3 0.46953125 0.1546875 0.06875 0.0859375
0 0.3984375 0.165625 0.0734375 0.0828125
3 0.34375 0.17265625 0.0453125 0.0609375
3 0.30390625 0.17421875 0.053125 0.0859375
3 0.25625 0.18359375 0.05625 0.0875
0 0.22421875 0.2734375 0.0703125 0.0796875
3 0.28125 0.24296875 0.0609375 0.090625
0 0.3546875 0.23359375 0.078125 0.0921875
0 0.4203125 0.22578125 0.071875 0.0953125
3 0.4703125 0.22421875 0.0578125 0.075
3 0.5328125 0.2203125 0.059375 0.1046875
3 0.57109375 0.20703125 0.053125 0.1078125
0 0.7125 0.33671875 0.065625 0.09375
3 0.65859375 0.309375 0.059375 0.09375
0 0.61171875 0.328125 0.071875 0.08125
3 0.553125 0.31484375 0.0671875 0.0875
0 0.4828125 0.34453125 0.0796875 0.1015625
0 0.41328125 0.33828125 0.084375 0.1078125
3 0.3640625 0.30625 0.075 0.134375
3 0.30625 0.35078125 0.0734375 0.1265625
3 0.2515625 0.35625 0.071875 0.14375
0 0.19765625 0.3640625 0.071875 0.1109375
1 0.18984375 0.353125 0.03125 0.0515625
3 0.4765625 0.40859375 0.0890625 0.1515625
3 0.5640625 0.43515625 0.084375 0.128125
3 0.63359375 0.425 0.084375 0.14375
3 0.69765625 0.43046875 0.084375 0.1390625
3 0.75859375 0.4453125 0.0734375 0.1546875
0 0.79140625 0.61875 0.1 0.1765625
3 0.58125 0.59609375 0.096875 0.1796875
3 0.484375 0.5703125 0.0984375 0.1984375
3 0.409375 0.59140625 0.09375 0.1625
3 0.33125 0.5875 0.0953125 0.19375
3 0.2625 0.59140625 0.09375 0.1765625
3 0.97109375 0.74765625 0.0578125 0.1328125
3 0.903125 0.54453125 0.0859375 0.1015625
3 0.9546875 0.5640625 0.0578125 0.115625
3 0.81796875 0.36328125 0.0640625 0.1125
3 0.86484375 0.36015625 0.0546875 0.0984375
3 0.7765625 0.28359375 0.065625 0.0890625
0 0.82421875 0.29453125 0.0515625 0.0609375
3 0.74609375 0.215625 0.0515625 0.084375
3 0.78203125 0.21875 0.0484375 0.0734375
3 0.71640625 0.15859375 0.046875 0.0734375
3 0.746875 0.16796875 0.034375 0.0546875
0 0.71015625 0.12578125 0.05 0.05
3 0.684375 0.0828125 0.0390625 0.059375
3 0.65625 0.0546875 0.0296875 0.05
3 0.6328125 0.05234375 0.0375 0.05625
1 0.9625 0.5359375 0.028125 0.053125
3 0.15546875 0.1828125 0.0453125 0.0734375
1 0.14765625 0.2453125 0.0234375 0.0421875
0 0.1609375 0.2453125 0.053125 0.05625
1 0.92890625 0.52578125 0.028125 0.0578125
1 0.11953125 0.25 0.0234375 0.04375
2 0.32734375 0.034375 0.0171875 0.03125
3 0.32578125 0.046875 0.0390625 0.059375
1 0.8234375 0.33515625 0.0265625 0.0515625
1 0.87109375 0.33984375 0.025 0.046875
1 0.83671875 0.29453125 0.025 0.0453125
1 0.79296875 0.2734375 0.025 0.0453125
1 0.79140625 0.20546875 0.0234375 0.04375
1 0.74921875 0.1984375 0.021875 0.040625
1 0.71953125 0.14375 0.021875 0.0328125
1 0.75234375 0.16015625 0.0203125 0.0375
1 0.71796875 0.1140625 0.0203125 0.03125
1 0.68671875 0.07109375 0.0171875 0.0328125
1 0.65625 0.04375 0.015625 0.0265625
1 0.63671875 0.0453125 0.0171875 0.0296875
1 0.27109375 0.0515625 0.0171875 0.0296875
1 0.2671875 0.08125 0.021875 0.03125
1 0.24296875 0.1265625 0.0203125 0.0328125
1 0.3 0.07578125 0.0171875 0.0328125
1 0.28671875 0.1140625 0.0203125 0.0359375
1 0.33125 0.06640625 0.021875 0.0328125
1 0.3265625 0.1015625 0.021875 0.0328125
1 0.25546875 0.16171875 0.0234375 0.0453125
1 0.3 0.153125 0.025 0.0421875
1 0.3453125 0.1671875 0.0234375 0.040625
1 0.36171875 0.03515625 0.01875 0.0328125
1 0.3890625 0.153125 0.028125 0.046875
1 0.40703125 0.07578125 0.021875 0.0375
1 0.39375 0.028125 0.0171875 0.03125
1 0.4078125 0.04921875 0.01875 0.0328125
1 0.4296875 0.01796875 0.0171875 0.0265625
1 0.446875 0.04921875 0.0203125 0.0328125
1 0.4609375 0.0203125 0.0171875 0.0296875
1 0.465625 0.09453125 0.0203125 0.0328125
1 0.4765625 0.13671875 0.0265625 0.046875
1 0.49296875 0.0859375 0.0203125 0.0328125
1 0.496875 0.028125 0.015625 0.0296875
2 0.5140625 0.04296875 0.01875 0.0328125
1 0.53046875 0.1375 0.0234375 0.046875
1 0.5703125 0.14453125 0.0234375 0.0375
1 0.571875 0.0875 0.0234375 0.034375
1 0.53828125 0.08359375 0.021875 0.0359375
1 0.52734375 0.03671875 0.0171875 0.03125
1 0.56640625 0.0484375 0.0203125 0.0328125
1 0.59921875 0.053125 0.0203125 0.0296875
1 0.625 0.10546875 0.021875 0.0328125
1 0.6171875 0.14453125 0.021875 0.034375
2 0.5640625 0.18359375 0.0265625 0.05
1 0.5359375 0.1921875 0.0265625 0.0453125
1 0.46953125 0.2125 0.0265625 0.0453125
1 0.41953125 0.2140625 0.0296875 0.0453125
1 0.3609375 0.2234375 0.028125 0.0390625
1 0.28046875 0.221875 0.028125 0.046875
1 0.2203125 0.26015625 0.028125 0.0453125
1 0.23828125 0.31796875 0.034375 0.059375
1 0.30703125 0.31953125 0.0328125 0.0578125
1 0.3625 0.2703125 0.0328125 0.053125
1 0.3921875 0.31640625 0.0390625 0.053125
1 0.47421875 0.33203125 0.034375 0.0546875
1 0.5609375 0.29765625 0.028125 0.0515625
1 0.6171875 0.32890625 0.0328125 0.053125
1 0.66484375 0.28828125 0.03125 0.046875
1 0.71484375 0.32890625 0.028125 0.0515625
1 0.7140625 0.365625 0.015625 0.028125
1 0.75625 0.4 0.03125 0.0640625
2 0.70859375 0.40234375 0.0375 0.0765625
2 0.6359375 0.39296875 0.0390625 0.071875
1 0.565625 0.41015625 0.04375 0.0734375
1 0.46875 0.38125 0.0390625 0.075
1 0.24765625 0.54296875 0.0390625 0.071875
1 0.3171875 0.54375 0.0421875 0.078125
1 0.40234375 0.553125 0.040625 0.075
2 0.484375 0.51875 0.04375 0.0796875
1 0.57578125 0.5453125 0.0421875 0.0734375
2 0.7875 0.5765625 0.04375 0.084375