1 0.02421875 0.596875 0.025 0.05625
1 0.04453125 0.62109375 0.071875 0.1390625
1 0.146875 0.24296875 0.021875 0.0453125
3 0.15390625 0.2546875 0.0421875 0.08125
1 0.18515625 0.14140625 0.015625 0.0359375
1 0.23984375 0.0890625 0.01875 0.03125
0 0.24609375 0.09765625 0.0375 0.05
3 0.31171875 0.040625 0.03125 0.05
3 0.30234375 0.07578125 0.0359375 0.05625
3 0.284375 0.11328125 0.040625 0.0671875
3 0.32421875 0.10234375 0.040625 0.0671875
3 0.33828125 0.0671875 0.0375 0.0578125
3 0.36328125 0.10859375 0.0453125 0.0609375
3 0.37265625 0.06484375 0.0421875 0.05625
3 0.403125 0.03359375 0.0375 0.05625
3 0.434375 0.03203125 0.0296875 0.0546875
0 0.40859375 0.06640625 0.0359375 0.0515625
3 0.44765625 0.05625 0.040625 0.0578125
3 0.44609375 0.08203125 0.0453125 0.0703125
3 0.46953125 0.02890625 0.0328125 0.0546875
3 0.4859375 0.05546875 0.0375 0.0609375
3 0.50546875 0.0296875 0.028125 0.0453125
0 0.48984375 0.10625 0.05 0.05625
3 0.52734375 0.09296875 0.0390625 0.0578125
3 0.53359375 0.0375 0.0375 0.05
0 0.5515625 0.06875 0.0390625 0.05
0 0.56640625 0.040625 0.03125 0.0453125
3 0.56953125 0.096875 0.040625 0.0703125
3 0.59765625 0.065625 0.0375 0.0609375
0 0.60859375 0.1140625 0.0453125 0.0609375
0 0.65234375 0.125 0.04375 0.0515625
3 0.6359375 0.07578125 0.0296875 0.05625
3 0.6421875 0.16796875 0.05 0.071875
3 0.60078125 0.16953125 0.0453125 0.0703125
3 0.5515625 0.16328125 0.053125 0.090625
3 0.503125 0.146875 0.059375 0.0828125
0 0.4296875 0.1578125 0.065625 0.0828125
3 0.3734375 0.16015625 0.0421875 0.05625
3 0.3328125 0.153125 0.046875 0.08125
3 0.28515625 0.16328125 0.0484375 0.0828125
0 0.2453125 0.25 0.0640625 0.075
3 0.303125 0.21796875 0.05625 0.0921875
0 0.38125 0.221875 0.06875 0.0828125
0 0.44453125 0.21953125 0.0640625 0.090625
3 0.496875 0.21953125 0.0546875 0.0828125
3 0.55625 0.22109375 0.0515625 0.1078125
3 0.59765625 0.22421875 0.04375 0.08125
0 0.72578125 0.35625 0.0578125 0.090625
3 0.6734375 0.3140625 0.053125 0.1125
0 0.63046875 0.33828125 0.065625 0.08125
3 0.56875 0.3203125 0.0609375 0.0828125
0 0.49609375 0.34296875 0.071875 0.0953125
0 0.42890625 0.33125 0.0734375 0.11875
3 0.38125 0.2953125 0.0640625 0.1296875
3 0.3203125 0.33203125 0.0640625 0.121875
3 0.26640625 0.32578125 0.0609375 0.153125
0 0.2109375 0.3375 0.0625 0.1046875
1 0.20390625 0.3265625 0.028125 0.05
3 0.4765625 0.43203125 0.0828125 0.1265625
3 0.56875 0.44140625 0.075 0.1234375
3 0.6375 0.43828125 0.075 0.1375
3 0.7046875 0.4484375 0.071875 0.128125
3 0.76171875 0.45859375 0.0609375 0.1515625
3 0.8 0.6453125 0.103125 0.184375
3 0.57265625 0.603125 0.0828125 0.175
3 0.47890625 0.58203125 0.0828125 0.140625
3 0.4015625 0.58359375 0.0859375 0.15625
3 0.3203125 0.58671875 0.084375 0.159375
3 0.25546875 0.5640625 0.0796875 0.1875
3 0.95859375 0.778125 0.0828125 0.109375
1 0.98671875 0.7859375 0.0265625 0.0625
3 0.89765625 0.57890625 0.078125 0.1
3 0.9484375 0.60234375 0.0546875 0.115625
3 0.83046875 0.39375 0.0546875 0.103125
3 0.87421875 0.3921875 0.04375 0.0953125
0 0.79921875 0.30703125 0.059375 0.084375
0 0.840625 0.3234375 0.046875 0.05625
3 0.76953125 0.2375 0.04375 0.0828125
3 0.80546875 0.24453125 0.0421875 0.0703125
3 0.7453125 0.1734375 0.0421875 0.0703125
3 0.77421875 0.190625 0.03125 0.0515625
0 0.74296875 0.1421875 0.04375 0.0453125
3 0.71953125 0.09921875 0.034375 0.05625
3 0.69453125 0.0703125 0.025 0.046875
3 0.67265625 0.065625 0.034375 0.0484375
1 0.96015625 0.57265625 0.025 0.0515625
3 0.184375 0.15390625 0.0390625 0.06875
1 0.17109375 0.21328125 0.01875 0.040625
0 0.184375 0.2171875 0.0484375 0.053125
1 0.9234375 0.55703125 0.0234375 0.05625
1 0.83671875 0.3671875 0.0234375 0.0484375
1 0.88359375 0.371875 0.021875 0.0453125
1 0.8515625 0.33046875 0.021875 0.04375
1 0.81640625 0.3046875 0.0234375 0.0453125
1 0.81484375 0.23203125 0.0203125 0.040625
1 0.775 0.221875 0.01875 0.0390625
1 0.77734375 0.1828125 0.0171875 0.0390625
1 0.7484375 0.16015625 0.0171875 0.0375
1 0.75234375 0.13359375 0.01875 0.0296875
1 0.7234375 0.08984375 0.015625 0.03125
1 0.69609375 0.0609375 0.015625 0.025
1 0.67578125 0.059375 0.0140625 0.0296875
1 0.31171875 0.034375 0.015625 0.0296875
1 0.2984375 0.06328125 0.0171875 0.03125
1 0.28359375 0.09921875 0.0171875 0.034375
1 0.3140625 0.08984375 0.01875 0.0359375
1 0.3375 0.05859375 0.0171875 0.034375
1 0.2875 0.14296875 0.01875 0.04375
1 0.33125 0.1359375 0.01875 0.0453125
1 0.3671875 0.09765625 0.01875 0.0328125
1 0.37265625 0.15234375 0.021875 0.034375
1 0.371875 0.05390625 0.0171875 0.03125
1 0.40234375 0.021875 0.0140625 0.0296875
1 0.434375 0.021875 0.015625 0.0296875
1 0.44375 0.0703125 0.01875 0.0359375
1 0.45 0.04375 0.015625 0.03125
1 0.425 0.14296875 0.025 0.04375
1 0.471875 0.0140625 0.015625 0.025
1 0.4859375 0.04296875 0.01875 0.034375
1 0.49921875 0.09609375 0.01875 0.03125
1 0.50234375 0.02578125 0.015625 0.03125
1 0.50625 0.1296875 0.0234375 0.04375
1 0.5375 0.0296875 0.0140625 0.03125
1 0.5296875 0.0890625 0.01875 0.0296875
1 0.55625 0.065625 0.01875 0.0296875
1 0.56328125 0.14140625 0.0203125 0.04375
1 0.6015625 0.15390625 0.0203125 0.0359375
2 0.5703125 0.08125 0.015625 0.0375
1 0.60078125 0.0515625 0.01875 0.034375
1 0.6125 0.10234375 0.0203125 0.034375
1 0.63203125 0.06171875 0.01875 0.028125
1 0.65859375 0.11875 0.01875 0.03125
1 0.646875 0.153125 0.0203125 0.0359375
1 0.603125 0.20546875 0.025 0.0453125
2 0.5578125 0.190625 0.025 0.0453125
1 0.49921875 0.20703125 0.021875 0.040625
1 0.4421875 0.2078125 0.025 0.0453125
1 0.38359375 0.21328125 0.025 0.0453125
1 0.24375 0.234375 0.0234375 0.0453125
1 0.3015625 0.20078125 0.0234375 0.0484375
2 0.2609375 0.2828125 0.028125 0.059375
1 0.32265625 0.29921875 0.0265625 0.053125
1 0.38671875 0.26015625 0.0296875 0.0546875
1 0.41328125 0.30234375 0.0359375 0.0578125
1 0.49140625 0.334375 0.028125 0.05625
1 0.575 0.30390625 0.025 0.05
1 0.63515625 0.32890625 0.0265625 0.0515625
1 0.68203125 0.290625 0.025 0.05
1 0.7296875 0.34921875 0.025 0.046875
2 0.76171875 0.41875 0.028125 0.0640625
1 0.7171875 0.4234375 0.034375 0.071875
2 0.646875 0.40625 0.0359375 0.0703125
1 0.57109375 0.428125 0.0359375 0.0578125
1 0.47890625 0.40234375 0.0328125 0.0609375
1 0.2453125 0.5140625 0.0375 0.0703125
2 0.30859375 0.5515625 0.0375 0.0828125
1 0.39921875 0.54296875 0.0359375 0.075
1 0.4734375 0.55625 0.0390625 0.075
1 0.57109375 0.5515625 0.0328125 0.0671875
1 0.82890625 0.5953125 0.0390625 0.075