1 0.03203125 0.63203125 0.0296875 0.0578125
1 0.05390625 0.653125 0.08125 0.14375
1 0.1296875 0.26796875 0.025 0.046875
3 0.1375 0.28046875 0.046875 0.084375
1 0.1609375 0.1640625 0.01875 0.0359375
1 0.2125 0.10859375 0.021875 0.0328125
0 0.21875 0.11640625 0.040625 0.0515625
3 0.28125 0.0515625 0.0328125 0.046875
3 0.271875 0.090625 0.0421875 0.0609375
3 0.25078125 0.13046875 0.0515625 0.06875
3 0.296875 0.11171875 0.0453125 0.06875
3 0.30703125 0.0734375 0.0421875 0.059375
3 0.33671875 0.11875 0.0484375 0.0640625
3 0.3421875 0.06953125 0.0453125 0.059375
3 0.37109375 0.03984375 0.040625 0.0578125
3 0.4015625 0.0375 0.034375 0.05625
0 0.37734375 0.06875 0.0390625 0.0484375
3 0.4171875 0.0609375 0.04375 0.0609375
3 0.4171875 0.0875 0.05 0.0734375
3 0.43671875 0.03203125 0.0359375 0.05625
3 0.45546875 0.0578125 0.040625 0.0625
3 0.47265625 0.03046875 0.03125 0.046875
0 0.4625 0.1078125 0.0546875 0.0640625
3 0.4984375 0.09140625 0.0421875 0.059375
3 0.5015625 0.03671875 0.040625 0.053125
0 0.52109375 0.06328125 0.0421875 0.053125
0 0.53359375 0.03828125 0.034375 0.046875
3 0.540625 0.09921875 0.04375 0.0625
3 0.5671875 0.059375 0.0421875 0.06875
0 0.58125 0.10703125 0.0484375 0.0640625
0 0.62578125 0.11484375 0.046875 0.0546875
3 0.60625 0.0671875 0.034375 0.0578125
3 0.61875 0.1578125 0.053125 0.0734375
3 0.57734375 0.1609375 0.05 0.0734375
3 0.528125 0.1609375 0.059375 0.09375
3 0.478125 0.14296875 0.0640625 0.0859375
0 0.40546875 0.16328125 0.0703125 0.0875
3 0.35 0.1703125 0.0453125 0.0578125
3 0.309375 0.1671875 0.0515625 0.0859375
3 0.26171875 0.1796875 0.0546875 0.0859375
0 0.228125 0.26875 0.06875 0.0796875
3 0.28671875 0.23125 0.0671875 0.1
0 0.35625 0.23125 0.075 0.0875
0 0.42578125 0.22421875 0.0703125 0.0953125
3 0.478125 0.221875 0.0609375 0.0859375
3 0.5359375 0.2125 0.0578125 0.1109375
3 0.578125 0.21875 0.05 0.084375
0 0.71640625 0.33984375 0.06875 0.0921875
3 0.65859375 0.30078125 0.0609375 0.115625
0 0.61796875 0.3296875 0.071875 0.084375
3 0.55625 0.31953125 0.065625 0.090625
0 0.484375 0.34375 0.078125 0.1
0 0.41796875 0.3390625 0.08125 0.1125
3 0.3671875 0.30234375 0.071875 0.134375
3 0.31015625 0.33671875 0.075 0.140625
3 0.25625 0.34609375 0.0671875 0.1484375
0 0.2 0.3578125 0.0703125 0.109375
1 0.1921875 0.34765625 0.03125 0.0515625
3 0.471875 0.43359375 0.090625 0.13125
3 0.56484375 0.43671875 0.0828125 0.1265625
3 0.62890625 0.4046875 0.090625 0.1671875
3 0.70078125 0.434375 0.0796875 0.1328125
3 0.75859375 0.440625 0.0703125 0.1546875
3 0.80859375 0.62109375 0.1109375 0.196875
3 0.5796875 0.59765625 0.09375 0.1796875
3 0.48359375 0.57578125 0.09375 0.1640625
3 0.40625 0.590625 0.0953125 0.15
3 0.328125 0.5875 0.0953125 0.190625
3 0.26015625 0.58125 0.0921875 0.1921875
3 0.965625 0.75390625 0.06875 0.1234375
1 0.99453125 0.73984375 0.0109375 0.0640625
3 0.8984375 0.5546875 0.08125 0.1
3 0.95625 0.5703125 0.065625 0.115625
3 0.821875 0.37109375 0.0609375 0.10625
3 0.8671875 0.3671875 0.053125 0.0984375
0 0.7859375 0.28671875 0.065625 0.0875
0 0.828125 0.3015625 0.0515625 0.0609375
3 0.75078125 0.2203125 0.05 0.084375
3 0.78671875 0.22421875 0.046875 0.071875
3 0.721875 0.159375 0.046875 0.0734375
3 0.75234375 0.17265625 0.034375 0.053125
0 0.71640625 0.1296875 0.046875 0.0484375
3 0.69140625 0.08671875 0.0390625 0.059375
3 0.6640625 0.0578125 0.028125 0.0484375
3 0.64140625 0.05546875 0.0375 0.05625
1 0.96796875 0.54296875 0.028125 0.053125
3 0.1609375 0.1765625 0.04375 0.071875
1 0.1515625 0.2375 0.021875 0.0421875
0 0.165625 0.23984375 0.0515625 0.0546875
1 0.92109375 0.534375 0.0265625 0.05625
1 0.2796875 0.0484375 0.0171875 0.028125
1 0.26953125 0.078125 0.0203125 0.0328125
1 0.25 0.1171875 0.01875 0.0375
1 0.2890625 0.1 0.0203125 0.0359375
1 0.3078125 0.06640625 0.0203125 0.0328125
1 0.340625 0.0578125 0.0203125 0.034375
1 0.3390625 0.1078125 0.0234375 0.0375
2 0.37265625 0.02890625 0.0171875 0.03125
1 0.26328125 0.1578125 0.025 0.046875
1 0.309375 0.15 0.021875 0.0453125
1 0.34921875 0.165625 0.0234375 0.0390625
1 0.4 0.14453125 0.025 0.046875
1 0.4140625 0.07421875 0.0234375 0.0375
1 0.41796875 0.0484375 0.01875 0.03125
1 0.40078125 0.02578125 0.0203125 0.03125
1 0.4390625 0.01875 0.015625 0.0296875
1 0.45390625 0.0453125 0.0203125 0.034375
1 0.48125 0.13125 0.0265625 0.046875
1 0.4703125 0.09375 0.021875 0.0359375
1 0.46953125 0.02734375 0.0171875 0.028125
1 0.5046875 0.02734375 0.0171875 0.03125
1 0.5265625 0.0625 0.0203125 0.0328125
1 0.5015625 0.08828125 0.021875 0.0359375
1 0.54453125 0.0859375 0.0203125 0.0375
1 0.5359375 0.03671875 0.0171875 0.0296875
1 0.5375 0.13671875 0.0234375 0.04375
1 0.5765625 0.14609375 0.025 0.0375
1 0.5859375 0.0953125 0.0203125 0.0375
1 0.56953125 0.04609375 0.021875 0.0375
1 0.60078125 0.05546875 0.0171875 0.0296875
1 0.6328125 0.10703125 0.021875 0.0328125
1 0.621875 0.14140625 0.0234375 0.0390625
1 0.225 0.25234375 0.0265625 0.046875
1 0.27890625 0.2125 0.0265625 0.0484375
1 0.3578125 0.21875 0.0296875 0.05
1 0.41953125 0.21328125 0.028125 0.046875
1 0.4765625 0.20703125 0.025 0.040625
1 0.53671875 0.1875 0.025 0.046875
1 0.58203125 0.19609375 0.028125 0.046875
1 0.71875 0.33203125 0.028125 0.05
1 0.66640625 0.27734375 0.0296875 0.05625
1 0.56484375 0.29765625 0.0296875 0.0515625
1 0.47890625 0.33359375 0.0328125 0.0578125
1 0.39921875 0.315625 0.0390625 0.05625
1 0.37109375 0.26875 0.0328125 0.059375
1 0.30078125 0.3 0.0328125 0.0640625
2 0.240625 0.30625 0.034375 0.059375
1 0.47265625 0.41328125 0.0375 0.059375
1 0.5671875 0.42109375 0.0421875 0.06875
2 0.628125 0.3640625 0.0375 0.071875
1 0.71171875 0.4078125 0.0359375 0.075
2 0.7546875 0.40078125 0.0328125 0.0671875
2 0.8296875 0.5625 0.04375 0.084375
1 0.575 0.546875 0.0390625 0.06875
1 0.4796875 0.54140625 0.040625 0.0765625
1 0.403125 0.55703125 0.040625 0.0734375
2 0.31796875 0.53671875 0.040625 0.0828125
1 0.24765625 0.5328125 0.0375 0.0734375
1 0.8296875 0.34609375 0.0265625 0.0515625
1 0.8734375 0.34921875 0.025 0.0484375
1 0.803125 0.28515625 0.028125 0.0453125
1 0.83828125 0.3046875 0.0234375 0.0421875
1 0.75546875 0.20625 0.021875 0.046875
1 0.7953125 0.21015625 0.021875 0.0453125
1 0.7265625 0.14296875 0.0203125 0.0390625
1 0.75703125 0.16484375 0.0203125 0.0359375
1 0.69375 0.071875 0.0171875 0.03125
1 0.66484375 0.0484375 0.015625 0.028125
1 0.6453125 0.04765625 0.015625 0.028125