1 0.015625 0.53828125 0.028125 0.0578125
1 0.0359375 0.56484375 0.071875 0.1421875
1 0.17421875 0.21328125 0.025 0.0453125
3 0.18359375 0.22734375 0.046875 0.06875
1 0.23125 0.10546875 0.0171875 0.0359375
1 0.2921875 0.0609375 0.0203125 0.0328125
0 0.296875 0.06953125 0.0390625 0.0515625
3 0.37109375 0.02109375 0.0328125 0.0421875
3 0.35546875 0.0546875 0.0390625 0.0578125
3 0.32265625 0.08828125 0.0515625 0.0765625
3 0.36484375 0.09140625 0.0421875 0.06875
3 0.38984375 0.04765625 0.0421875 0.059375
3 0.4125 0.09453125 0.0484375 0.0625
3 0.42734375 0.0484375 0.04375 0.059375
3 0.46015625 0.0265625 0.0390625 0.053125
3 0.49140625 0.02734375 0.0328125 0.0546875
0 0.46171875 0.05703125 0.0390625 0.046875
3 0.50234375 0.053125 0.04375 0.059375
3 0.49765625 0.0828125 0.0484375 0.0734375
3 0.52734375 0.02890625 0.034375 0.05625
3 0.540625 0.05703125 0.040625 0.0625
3 0.56015625 0.034375 0.0296875 0.046875
0 0.53828125 0.1078125 0.0546875 0.0609375
3 0.57734375 0.1 0.0421875 0.059375
3 0.58984375 0.0453125 0.0390625 0.0515625
0 0.60390625 0.078125 0.0375 0.0515625
0 0.6234375 0.053125 0.0328125 0.046875
3 0.615625 0.1140625 0.0453125 0.065625
3 0.65 0.08046875 0.040625 0.0671875
3 0.6546875 0.11796875 0.0515625 0.078125
0 0.696875 0.14609375 0.0453125 0.053125
3 0.68671875 0.0953125 0.0328125 0.0578125
3 0.68203125 0.18359375 0.053125 0.0734375
3 0.6421875 0.1671875 0.05 0.0796875
3 0.59296875 0.171875 0.0578125 0.09375
3 0.54375 0.14921875 0.0625 0.0859375
0 0.47109375 0.1515625 0.06875 0.0859375
3 0.415625 0.14765625 0.04375 0.059375
3 0.37578125 0.140625 0.05 0.084375
3 0.32734375 0.13984375 0.053125 0.0859375
0 0.27734375 0.22109375 0.0671875 0.078125
3 0.33515625 0.20234375 0.0671875 0.096875
0 0.41640625 0.209375 0.0734375 0.0859375
0 0.4796875 0.21484375 0.06875 0.09375
3 0.53046875 0.2296875 0.059375 0.084375
3 0.58984375 0.228125 0.05625 0.109375
3 0.6296875 0.23984375 0.0515625 0.1125
0 0.74140625 0.384375 0.0625 0.0921875
3 0.69453125 0.33828125 0.0578125 0.109375
0 0.64921875 0.35546875 0.0703125 0.084375
3 0.590625 0.3265625 0.0640625 0.0859375
0 0.5140625 0.34453125 0.0765625 0.1
0 0.44765625 0.32265625 0.0828125 0.10625
3 0.40703125 0.2828125 0.0703125 0.1328125
3 0.34140625 0.309375 0.0703125 0.125
3 0.28671875 0.3078125 0.0671875 0.1421875
0 0.2328125 0.303125 0.06875 0.1078125
1 0.22734375 0.2921875 0.0296875 0.0515625
3 0.4859375 0.421875 0.090625 0.1375
3 0.57578125 0.45 0.08125 0.1265625
3 0.64453125 0.45546875 0.0828125 0.140625
3 0.7078125 0.4734375 0.08125 0.1375
3 0.76484375 0.49140625 0.06875 0.153125
0 0.7609375 0.6765625 0.0953125 0.175
3 0.559375 0.6109375 0.090625 0.178125
3 0.4671875 0.5890625 0.084375 0.1484375
3 0.39140625 0.559375 0.090625 0.1765625
3 0.3171875 0.54921875 0.0890625 0.1921875
3 0.24921875 0.534375 0.0890625 0.1875
3 0.9296875 0.8328125 0.0953125 0.1234375
1 0.95625 0.8078125 0.0375 0.0640625
3 0.8890625 0.62734375 0.0875 0.0984375
3 0.9296875 0.65703125 0.05625 0.1140625
3 0.840625 0.43515625 0.059375 0.10625
3 0.88515625 0.4421875 0.0515625 0.0984375
3 0.815625 0.3453125 0.0640625 0.0875
0 0.86015625 0.36640625 0.05 0.059375
3 0.8 0.27109375 0.0484375 0.084375
3 0.834375 0.28359375 0.0453125 0.071875
3 0.7828125 0.2078125 0.0453125 0.071875
3 0.81015625 0.2265625 0.0328125 0.053125
0 0.7828125 0.178125 0.046875 0.0484375
3 0.76796875 0.12890625 0.0375 0.0578125
3 0.7453125 0.096875 0.0265625 0.0484375
3 0.72421875 0.08984375 0.0375 0.05
1 0.94140625 0.6296875 0.0265625 0.053125
3 0.22890625 0.11796875 0.0421875 0.071875
1 0.20859375 0.17734375 0.021875 0.040625
0 0.22109375 0.18046875 0.0515625 0.0546875
1 0.85234375 0.409375 0.0234375 0.0484375
1 0.89453125 0.42109375 0.025 0.046875
1 0.83203125 0.33359375 0.0265625 0.046875
1 0.871875 0.37265625 0.0234375 0.0421875
1 0.84453125 0.271875 0.0234375 0.0421875
1 0.80703125 0.26015625 0.021875 0.0453125
1 0.81640625 0.2203125 0.0203125 0.0375
1 0.7890625 0.19375 0.0203125 0.0375
1 0.77265625 0.11953125 0.015625 0.03125
1 0.746875 0.0875 0.015625 0.028125
1 0.7296875 0.084375 0.015625 0.0296875
1 0.3703125 0.01328125 0.01875 0.0265625
1 0.328125 0.06953125 0.021875 0.0421875
1 0.353125 0.04140625 0.01875 0.03125
1 0.3640625 0.07578125 0.0203125 0.0359375
1 0.41640625 0.084375 0.0234375 0.0359375
1 0.3921875 0.04296875 0.0171875 0.0359375
1 0.4265625 0.04375 0.01875 0.0296875
1 0.46328125 0.0140625 0.0171875 0.028125
1 0.49375 0.015625 0.015625 0.0296875
1 0.50625 0.040625 0.01875 0.0328125
1 0.4953125 0.06640625 0.0203125 0.0359375
1 0.53125 0.0140625 0.015625 0.025
1 0.54140625 0.04453125 0.01875 0.034375
1 0.56015625 0.028125 0.0171875 0.0328125
1 0.55 0.096875 0.0203125 0.03125
1 0.57890625 0.09609375 0.01875 0.03125
1 0.5953125 0.03671875 0.015625 0.0296875
1 0.609375 0.07578125 0.01875 0.0296875
1 0.61953125 0.1015625 0.01875 0.0328125
1 0.65390625 0.06796875 0.0171875 0.03125
1 0.68359375 0.08203125 0.0171875 0.0296875
1 0.62421875 0.0515625 0.0171875 0.03125
1 0.65390625 0.10546875 0.021875 0.0375
1 0.7046875 0.13984375 0.021875 0.03125
1 0.68828125 0.17265625 0.021875 0.0390625
2 0.64375 0.153125 0.0234375 0.040625
1 0.60390625 0.15078125 0.021875 0.0453125
1 0.5515625 0.13359375 0.025 0.0453125
1 0.4671875 0.13359375 0.021875 0.0453125
1 0.41953125 0.1421875 0.0234375 0.0390625
1 0.37890625 0.12421875 0.0234375 0.0453125
1 0.3328125 0.1171875 0.021875 0.0390625
1 0.2765625 0.20703125 0.025 0.04375
1 0.33984375 0.18359375 0.025 0.046875
1 0.41953125 0.1984375 0.0265625 0.046875
1 0.47890625 0.203125 0.028125 0.0484375
1 0.53828125 0.21171875 0.0265625 0.046875
1 0.51484375 0.25546875 0.01875 0.0296875
2 0.59453125 0.2 0.0265625 0.046875
1 0.6328125 0.209375 0.025 0.0453125
1 0.74609375 0.37734375 0.028125 0.0515625
1 0.7046875 0.31640625 0.028125 0.0546875
1 0.65546875 0.34765625 0.0296875 0.0453125
1 0.60234375 0.315625 0.028125 0.0515625
1 0.5109375 0.3328125 0.03125 0.0625
1 0.4296875 0.29921875 0.0390625 0.0578125
1 0.4171875 0.246875 0.0328125 0.05
1 0.35078125 0.2765625 0.0296875 0.05
1 0.2859375 0.2703125 0.0296875 0.0609375
1 0.49453125 0.39296875 0.0359375 0.065625
1 0.58359375 0.4265625 0.040625 0.0734375
2 0.65703125 0.42265625 0.0375 0.071875
2 0.72421875 0.446875 0.0359375 0.0765625
2 0.77109375 0.4546875 0.03125 0.0640625
2 0.76640625 0.63515625 0.0390625 0.084375
1 0.56484375 0.5625 0.0375 0.0734375
1 0.4609375 0.5578125 0.040625 0.0734375
1 0.3921875 0.5109375 0.0390625 0.0765625
1 0.31171875 0.50390625 0.040625 0.078125
1 0.24453125 0.48359375 0.034375 0.0703125