1 0.0390625 0.6546875 0.0328125 0.0578125
1 0.0640625 0.67578125 0.0875 0.1453125
1 0.1140625 0.2765625 0.0265625 0.046875
3 0.125 0.29921875 0.053125 0.096875
1 0.14296875 0.17890625 0.01875 0.03125
1 0.1875 0.12578125 0.0234375 0.03125
0 0.1953125 0.13125 0.046875 0.05625
3 0.25859375 0.06328125 0.034375 0.05
3 0.25234375 0.10234375 0.0390625 0.0578125
3 0.2375 0.14140625 0.046875 0.071875
3 0.26875 0.13828125 0.0453125 0.0609375
3 0.28359375 0.0859375 0.0421875 0.0609375
3 0.3171875 0.128125 0.0515625 0.065625
3 0.3203125 0.078125 0.0484375 0.0609375
3 0.346875 0.046875 0.04375 0.0578125
3 0.37734375 0.0421875 0.0359375 0.0578125
0 0.353125 0.07421875 0.040625 0.05
3 0.39375 0.065625 0.046875 0.0625
3 0.39609375 0.09453125 0.053125 0.075
3 0.4140625 0.034375 0.0375 0.05625
3 0.43203125 0.0609375 0.04375 0.0640625
3 0.4484375 0.0328125 0.0328125 0.0484375
0 0.44609375 0.11015625 0.05625 0.0671875
3 0.47734375 0.09140625 0.04375 0.0609375
3 0.4765625 0.03671875 0.0421875 0.0546875
3 0.5 0.0625 0.046875 0.0640625
3 0.51484375 0.03515625 0.0296875 0.046875
3 0.52109375 0.09765625 0.04375 0.05
3 0.54375 0.05546875 0.046875 0.06875
0 0.5609375 0.1046875 0.0578125 0.0671875
0 0.60859375 0.10859375 0.05625 0.0609375
3 0.584375 0.06171875 0.0453125 0.0609375
3 0.59921875 0.1484375 0.0609375 0.0765625
3 0.55703125 0.15390625 0.046875 0.06875
3 0.51015625 0.159375 0.0640625 0.0953125
3 0.45859375 0.15625 0.06875 0.090625
3 0.3859375 0.16875 0.075 0.090625
3 0.3328125 0.178125 0.0484375 0.0609375
3 0.29140625 0.1765625 0.05625 0.0859375
3 0.2453125 0.1921875 0.0578125 0.0875
0 0.21640625 0.2828125 0.071875 0.0828125
3 0.271875 0.25078125 0.06875 0.09375
0 0.3453125 0.2390625 0.078125 0.090625
0 0.4109375 0.22890625 0.075 0.096875
3 0.4625 0.2203125 0.0640625 0.0890625
3 0.521875 0.2125 0.0546875 0.075
3 0.55546875 0.19296875 0.0578125 0.1109375
0 0.70859375 0.3203125 0.0734375 0.0953125
3 0.65546875 0.3046875 0.0703125 0.10625
0 0.6046875 0.325 0.071875 0.084375
3 0.54609375 0.309375 0.0703125 0.0890625
0 0.47734375 0.34453125 0.0828125 0.103125
3 0.35625 0.32578125 0.08125 0.159375
3 0.303125 0.34765625 0.084375 0.1484375
3 0.24375 0.3578125 0.08125 0.1515625
0 0.19296875 0.37421875 0.075 0.1109375
1 0.18515625 0.3640625 0.0328125 0.053125
3 0.475 0.43359375 0.0984375 0.140625
3 0.5625 0.4328125 0.0875 0.1296875
3 0.63046875 0.42265625 0.1 0.18125
3 0.70234375 0.43359375 0.0953125 0.1640625
3 0.75546875 0.42890625 0.075 0.1515625
3 0.8171875 0.58203125 0.1234375 0.15625
3 0.584375 0.5921875 0.10625 0.184375
3 0.490625 0.5953125 0.096875 0.134375
3 0.41171875 0.59375 0.1015625 0.159375
3 0.334375 0.59375 0.1015625 0.1890625
3 0.26640625 0.59453125 0.09375 0.1890625
3 0.97109375 0.72734375 0.0578125 0.1265625
3 0.90390625 0.53046875 0.0875 0.1046875
3 0.95078125 0.5234375 0.059375 0.1203125
3 0.81484375 0.3546875 0.065625 0.1078125
3 0.859375 0.3515625 0.05625 0.1
3 0.76796875 0.2734375 0.0640625 0.0953125
0 0.815625 0.28671875 0.05625 0.0671875
3 0.7359375 0.20703125 0.053125 0.0859375
3 0.76640625 0.1984375 0.0484375 0.075
3 0.70078125 0.1453125 0.0484375 0.0734375
3 0.73203125 0.153125 0.0359375 0.0546875
0 0.69609375 0.1203125 0.05 0.05
3 0.66953125 0.07421875 0.040625 0.053125
3 0.64140625 0.05078125 0.028125 0.0484375
3 0.61875 0.04375 0.034375 0.05
1 0.92578125 0.50546875 0.03125 0.059375
2 0.953125 0.4859375 0.0296875 0.0578125
3 0.14453125 0.19453125 0.0484375 0.0796875
1 0.13828125 0.25546875 0.025 0.04375
0 0.15234375 0.2578125 0.0546875 0.0578125
1 0.2546875 0.05625 0.01875 0.0328125
1 0.2484375 0.090625 0.01875 0.028125
1 0.23515625 0.12734375 0.0203125 0.0375
1 0.26640625 0.125 0.021875 0.0328125
1 0.28515625 0.08125 0.021875 0.034375
1 0.31796875 0.0703125 0.01875 0.0328125
1 0.31875 0.11640625 0.021875 0.0359375
2 0.3484375 0.03359375 0.01875 0.0296875
1 0.39453125 0.053125 0.01875 0.034375
1 0.378125 0.03125 0.01875 0.03125
1 0.390625 0.08046875 0.0203125 0.0359375
1 0.41328125 0.02109375 0.0171875 0.0265625
1 0.43046875 0.04921875 0.0203125 0.0359375
1 0.44453125 0.0265625 0.0203125 0.0328125
1 0.45390625 0.0953125 0.021875 0.034375
1 0.4765625 0.08359375 0.0203125 0.0328125
1 0.48046875 0.02734375 0.0171875 0.0296875
1 0.5046875 0.04921875 0.0203125 0.0328125
1 0.51171875 0.03515625 0.0171875 0.0296875
1 0.54765625 0.0421875 0.0203125 0.0328125
1 0.521875 0.0953125 0.01875 0.03125
1 0.56328125 0.09140625 0.0203125 0.0328125
1 0.584375 0.0546875 0.01875 0.0328125
1 0.609375 0.096875 0.021875 0.03125
1 0.60234375 0.13515625 0.025 0.0375
1 0.5578125 0.14140625 0.021875 0.034375
1 0.51875 0.13515625 0.0234375 0.04375
1 0.46171875 0.13515625 0.028125 0.046875
1 0.38125 0.1453125 0.025 0.04375
1 0.33125 0.17421875 0.025 0.040625
1 0.28828125 0.16015625 0.0265625 0.04375
1 0.2453125 0.16953125 0.0234375 0.046875
1 0.2125 0.2703125 0.0265625 0.04375
1 0.26875 0.22578125 0.028125 0.046875
1 0.34375 0.22734375 0.028125 0.046875
1 0.40625 0.221875 0.028125 0.046875
1 0.465625 0.2046875 0.0265625 0.0453125
1 0.52890625 0.196875 0.028125 0.04375
1 0.5546875 0.1671875 0.0265625 0.046875
1 0.709375 0.32109375 0.0296875 0.0515625
1 0.66328125 0.278125 0.03125 0.05
1 0.609375 0.3109375 0.0296875 0.0484375
1 0.55 0.2953125 0.0296875 0.0515625
1 0.46953125 0.3328125 0.0359375 0.0640625
3 0.4125 0.3171875 0.0828125 0.125
2 0.2953125 0.30859375 0.034375 0.0640625
1 0.23203125 0.32109375 0.0359375 0.0625
1 0.47734375 0.4046875 0.0375 0.0671875
1 0.56796875 0.4171875 0.04375 0.071875
2 0.62890625 0.371875 0.0375 0.0703125
2 0.7015625 0.39375 0.040625 0.078125
1 0.753125 0.390625 0.034375 0.0640625
1 0.575 0.540625 0.04375 0.06875
1 0.4875 0.57421875 0.0453125 0.0734375
1 0.4046875 0.55703125 0.040625 0.0734375
2 0.31875 0.546875 0.0421875 0.084375
1 0.25234375 0.54453125 0.0390625 0.075
1 0.8203125 0.328125 0.028125 0.0515625
2 0.86484375 0.325 0.0265625 0.046875
1 0.828125 0.28046875 0.0265625 0.046875
1 0.77734375 0.25546875 0.0296875 0.05
1 0.77265625 0.184375 0.0265625 0.046875
1 0.7390625 0.18984375 0.0234375 0.046875
1 0.73515625 0.13984375 0.021875 0.0359375
1 0.7078125 0.13203125 0.0234375 0.0390625
1 0.7046875 0.11484375 0.0234375 0.0265625
1 0.67265625 0.07109375 0.0171875 0.03125
1 0.640625 0.040625 0.0171875 0.0265625
1 0.62109375 0.0390625 0.015625 0.025