1 0.015625 0.55546875 0.0265625 0.05625
1 0.03671875 0.58125 0.0734375 0.140625
1 0.1640625 0.22578125 0.021875 0.0421875
3 0.1703125 0.23828125 0.0546875 0.084375
1 0.1671875 0.1875 0.0203125 0.0375
1 0.1984375 0.1890625 0.021875 0.040625
0 0.171875 0.2015625 0.0375 0.0515625
0 0.21015625 0.190625 0.0484375 0.0515625
1 0.2171875 0.11484375 0.0171875 0.034375
1 0.215625 0.12734375 0.0390625 0.0734375
1 0.27109375 0.06640625 0.0203125 0.0296875
0 0.28125 0.07265625 0.0421875 0.0578125
0 0.353125 0.034375 0.0265625 0.040625
3 0.33984375 0.0578125 0.0375 0.0625
3 0.31875 0.0875 0.0359375 0.071875
3 0.35078125 0.0953125 0.0390625 0.0578125
3 0.37421875 0.05234375 0.0359375 0.0578125
3 0.3984375 0.09765625 0.0453125 0.0609375
3 0.41171875 0.05 0.0421875 0.0578125
3 0.44453125 0.02734375 0.0375 0.0546875
3 0.47265625 0.028125 0.03125 0.0546875
0 0.446875 0.05234375 0.0375 0.053125
1 0.44296875 0.0484375 0.01875 0.0296875
3 0.48671875 0.053125 0.040625 0.059375
3 0.4828125 0.07890625 0.04375 0.071875
3 0.51171875 0.0265625 0.0359375 0.053125
3 0.525 0.05625 0.0375 0.0609375
3 0.54609375 0.03203125 0.028125 0.0453125
0 0.52734375 0.10703125 0.0515625 0.0578125
3 0.5625 0.096875 0.0390625 0.0578125
3 0.57265625 0.0421875 0.0375 0.0515625
3 0.5875 0.071875 0.0328125 0.059375
3 0.609375 0.0484375 0.03125 0.0453125
3 0.60234375 0.09765625 0.0421875 0.0734375
3 0.63515625 0.07421875 0.040625 0.065625
0 0.64140625 0.12578125 0.0515625 0.0640625
0 0.6875 0.13984375 0.05 0.05625
3 0.671875 0.08984375 0.0390625 0.053125
3 0.66953125 0.1796875 0.0546875 0.071875
3 0.6265625 0.1734375 0.040625 0.065625
3 0.58125 0.16875 0.0546875 0.0921875
3 0.53125 0.15390625 0.0609375 0.0859375
3 0.4578125 0.153125 0.06875 0.0859375
3 0.403125 0.15078125 0.04375 0.0546875
3 0.36328125 0.1359375 0.0484375 0.0828125
3 0.315625 0.14609375 0.0484375 0.084375
3 0.26953125 0.20859375 0.0625 0.0828125
3 0.3296875 0.20859375 0.059375 0.084375
0 0.403125 0.21328125 0.0703125 0.084375
0 0.46875 0.2140625 0.065625 0.0921875
0 0.5203125 0.22734375 0.0515625 0.065625
3 0.58125 0.221875 0.0484375 0.0828125
3 0.61953125 0.21640625 0.046875 0.1078125
0 0.74140625 0.36796875 0.065625 0.0890625
3 0.6890625 0.328125 0.059375 0.109375
3 0.63828125 0.325 0.0609375 0.0921875
3 0.584375 0.321875 0.0625 0.0875
0 0.51015625 0.34296875 0.0734375 0.096875
3 0.45703125 0.30859375 0.0640625 0.1328125
3 0.3984375 0.3 0.0640625 0.15625
3 0.3359375 0.309375 0.0703125 0.1375
3 0.27890625 0.30703125 0.0640625 0.125
0 0.22265625 0.3125 0.0640625 0.10625
1 0.2203125 0.3015625 0.028125 0.05
3 0.4890625 0.4171875 0.078125 0.134375
3 0.57265625 0.44765625 0.0765625 0.1234375
3 0.640625 0.46171875 0.0828125 0.1546875
3 0.71171875 0.47734375 0.0765625 0.153125
3 0.7640625 0.49296875 0.0625 0.1421875
0 0.78984375 0.65859375 0.103125 0.1234375
3 0.55859375 0.63359375 0.0921875 0.1734375
3 0.471875 0.57890625 0.0796875 0.159375
3 0.3953125 0.56796875 0.0859375 0.159375
3 0.31875 0.55546875 0.0828125 0.190625
3 0.25078125 0.5546875 0.075 0.175
3 0.9375 0.81640625 0.0890625 0.1234375
1 0.9625 0.815625 0.03125 0.0625
3 0.8890625 0.61328125 0.0796875 0.096875
3 0.9375 0.6421875 0.05625 0.11875
3 0.83828125 0.4234375 0.05625 0.1046875
3 0.8828125 0.4296875 0.05 0.096875
3 0.8109375 0.33515625 0.05625 0.0890625
0 0.853125 0.35703125 0.05 0.0640625
3 0.7890625 0.2625 0.0453125 0.0828125
3 0.82265625 0.26015625 0.0375 0.0796875
3 0.77265625 0.19609375 0.0421875 0.0703125
3 0.80078125 0.20859375 0.03125 0.0578125
3 0.775 0.1578125 0.0421875 0.065625
3 0.7546875 0.11796875 0.0359375 0.0578125
3 0.73203125 0.08984375 0.028125 0.046875
3 0.71015625 0.08671875 0.03125 0.0546875
1 0.91484375 0.60234375 0.025 0.0546875
1 0.95234375 0.6046875 0.0265625 0.0515625
1 0.33984375 0.0390625 0.0171875 0.03125
1 0.3234375 0.078125 0.0171875 0.0390625
1 0.34609375 0.08515625 0.01875 0.034375
1 0.3765625 0.04609375 0.015625 0.0328125
1 0.4125 0.03828125 0.0171875 0.03125
1 0.403125 0.0875 0.0203125 0.0359375
1 0.39609375 0.11640625 0.0171875 0.0203125
1 0.44765625 0.01484375 0.015625 0.0296875
1 0.47734375 0.01640625 0.015625 0.0265625
1 0.48828125 0.03984375 0.0171875 0.03125
1 0.48203125 0.06640625 0.0203125 0.0375
1 0.5140625 0.0140625 0.0140625 0.0265625
1 0.52578125 0.04375 0.0203125 0.0328125
1 0.54453125 0.0296875 0.0140625 0.028125
1 0.5375 0.0953125 0.01875 0.03125
1 0.56328125 0.09609375 0.0171875 0.03125
1 0.578125 0.03359375 0.0140625 0.0296875
1 0.59375 0.059375 0.0171875 0.034375
1 0.609375 0.046875 0.015625 0.0296875
2 0.60390625 0.0828125 0.01875 0.0359375
1 0.640625 0.0625 0.0171875 0.034375
1 0.646875 0.11328125 0.0203125 0.0375
1 0.67421875 0.08203125 0.015625 0.03125
1 0.69140625 0.12734375 0.01875 0.0328125
1 0.6765625 0.1640625 0.0203125 0.0375
1 0.62890625 0.1609375 0.0203125 0.034375
1 0.59375 0.14765625 0.0203125 0.046875
1 0.54140625 0.1328125 0.0234375 0.0453125
1 0.4609375 0.128125 0.0234375 0.0453125
1 0.40390625 0.14609375 0.0234375 0.0390625
1 0.36328125 0.1234375 0.021875 0.046875
1 0.31953125 0.12421875 0.01875 0.0453125
1 0.2625 0.19375 0.0265625 0.0484375
1 0.33046875 0.184375 0.0234375 0.0453125
1 0.40390625 0.20390625 0.0234375 0.0453125
1 0.46015625 0.20390625 0.0265625 0.046875
1 0.52734375 0.21640625 0.0234375 0.0421875
1 0.590625 0.2109375 0.025 0.0421875
2 0.61953125 0.18671875 0.021875 0.0453125
1 0.74296875 0.3640625 0.025 0.0515625
1 0.6984375 0.303125 0.025 0.059375
1 0.6484375 0.30234375 0.025 0.0453125
1 0.59453125 0.31015625 0.025 0.0515625
1 0.503125 0.33203125 0.028125 0.05625
1 0.46171875 0.27734375 0.034375 0.0625
1 0.340625 0.271875 0.028125 0.05625
1 0.32109375 0.359375 0.0234375 0.0296875
1 0.27109375 0.26796875 0.03125 0.05625
1 0.77265625 0.4546875 0.0296875 0.0625
2 0.72421875 0.43984375 0.0328125 0.075
1 0.64921875 0.41484375 0.0328125 0.0703125
1 0.58203125 0.43203125 0.040625 0.0671875
1 0.4875 0.38828125 0.034375 0.075
1 0.24609375 0.50390625 0.034375 0.0703125
2 0.31640625 0.5046875 0.0359375 0.0796875
1 0.38984375 0.52578125 0.034375 0.0703125
1 0.47109375 0.54140625 0.0375 0.08125
1 0.56796875 0.59453125 0.040625 0.0765625
1 0.84921875 0.3984375 0.0234375 0.05
1 0.89296875 0.41328125 0.021875 0.0515625
1 0.82578125 0.3234375 0.0234375 0.0453125
1 0.86484375 0.353125 0.0234375 0.0453125
1 0.8296875 0.24609375 0.021875 0.04375
1 0.7984375 0.246875 0.0203125 0.040625
1 0.8046875 0.20078125 0.0203125 0.0328125
1 0.77890625 0.18203125 0.01875 0.040625
1 0.775 0.14453125 0.01875 0.040625
1 0.759375 0.11015625 0.015625 0.03125
1 0.7328125 0.0796875 0.015625 0.0265625
1 0.7140625 0.075 0.0125 0.0296875