1 0.05078125 0.6859375 0.0359375 0.059375
1 0.07734375 0.70546875 0.0953125 0.1484375
1 0.09921875 0.32890625 0.028125 0.046875
3 0.11328125 0.3484375 0.0640625 0.0828125
1 0.09140625 0.26640625 0.0265625 0.0453125
2 0.13203125 0.240625 0.028125 0.0421875
3 0.09921875 0.278125 0.0515625 0.078125
1 0.12265625 0.2078125 0.021875 0.0359375
1 0.1375 0.25703125 0.0609375 0.1015625
1 0.16328125 0.1453125 0.025 0.0328125
0 0.17265625 0.15078125 0.0515625 0.0625
0 0.23046875 0.09296875 0.0328125 0.04375
3 0.225 0.12109375 0.0421875 0.059375
3 0.21328125 0.16015625 0.05 0.0734375
3 0.24375 0.1546875 0.0484375 0.0625
3 0.25546875 0.103125 0.0453125 0.0609375
3 0.29140625 0.14140625 0.0546875 0.0671875
3 0.29140625 0.09296875 0.0484375 0.0578125
3 0.31640625 0.06171875 0.046875 0.059375
3 0.34609375 0.05234375 0.0390625 0.059375
3 0.328125 0.08046875 0.046875 0.0671875
3 0.3640625 0.07421875 0.05 0.0640625
3 0.36875 0.1 0.0578125 0.08125
3 0.38046875 0.04140625 0.04375 0.0578125
3 0.4015625 0.06640625 0.046875 0.065625
3 0.415625 0.0375 0.0359375 0.05
0 0.41796875 0.11484375 0.0609375 0.0640625
3 0.45078125 0.09375 0.0484375 0.0671875
3 0.44453125 0.03984375 0.0453125 0.05625
3 0.4703125 0.0609375 0.0484375 0.0703125
3 0.4828125 0.03515625 0.0328125 0.0484375
3 0.4890625 0.08515625 0.05 0.071875
3 0.5125 0.05390625 0.05 0.0703125
0 0.5328125 0.10078125 0.0609375 0.0703125
0 0.58125 0.10234375 0.0578125 0.0625
3 0.55234375 0.0578125 0.0484375 0.0625
3 0.575 0.1453125 0.065625 0.0796875
3 0.53203125 0.1515625 0.0515625 0.0703125
3 0.48671875 0.159375 0.06875 0.0984375
3 0.43515625 0.159375 0.0734375 0.09375
3 0.36328125 0.178125 0.0796875 0.09375
3 0.309375 0.1890625 0.0515625 0.0671875
3 0.26953125 0.1921875 0.0609375 0.0890625
3 0.225 0.2109375 0.0640625 0.090625
0 0.2015625 0.30234375 0.0765625 0.0859375
3 0.25546875 0.2671875 0.0734375 0.096875
0 0.32734375 0.25 0.0828125 0.09375
0 0.3921875 0.23515625 0.0796875 0.1
3 0.4421875 0.22578125 0.0625 0.078125
3 0.50078125 0.209375 0.0640625 0.0984375
3 0.534375 0.18984375 0.065625 0.1125
0 0.69609375 0.30625 0.078125 0.0984375
3 0.6328125 0.28359375 0.071875 0.115625
3 0.58984375 0.30546875 0.075 0.1046875
3 0.5328125 0.309375 0.075 0.0921875
0 0.465625 0.346875 0.0875 0.10625
3 0.40234375 0.3234375 0.0890625 0.1203125
3 0.34921875 0.334375 0.0890625 0.165625
3 0.2921875 0.35859375 0.0921875 0.1515625
3 0.23671875 0.3828125 0.090625 0.1484375
0 0.18515625 0.3953125 0.08125 0.1140625
1 0.1765625 0.3859375 0.0359375 0.053125
3 0.4671875 0.42421875 0.10625 0.1546875
3 0.55703125 0.42890625 0.0953125 0.1328125
3 0.62421875 0.41328125 0.1109375 0.184375
3 0.6984375 0.421875 0.103125 0.15625
3 0.75234375 0.421875 0.084375 0.1515625
3 0.81640625 0.54765625 0.1265625 0.1609375
3 0.60078125 0.5984375 0.1390625 0.18125
3 0.4953125 0.5875 0.1046875 0.16875
3 0.41875 0.59375 0.1109375 0.16875
3 0.3421875 0.62265625 0.1109375 0.159375
3 0.27578125 0.621875 0.103125 0.18125
3 0.9765625 0.69375 0.046875 0.13125
3 0.90546875 0.5015625 0.09375 0.1078125
3 0.94296875 0.47578125 0.0640625 0.13125
3 0.80390625 0.3328125 0.071875 0.1109375
3 0.84921875 0.328125 0.0625 0.1015625
3 0.75390625 0.25546875 0.0703125 0.096875
0 0.8 0.265625 0.059375 0.0703125
3 0.7140625 0.18828125 0.0578125 0.0875
3 0.7453125 0.18359375 0.053125 0.0765625
3 0.6765625 0.13515625 0.053125 0.075
3 0.7078125 0.1375 0.0390625 0.05625
3 0.66953125 0.0953125 0.05 0.0640625
3 0.63984375 0.0625 0.04375 0.0609375
3 0.61015625 0.04140625 0.034375 0.05
3 0.58828125 0.0453125 0.0390625 0.0578125
1 0.9265625 0.484375 0.034375 0.0578125
1 0.94296875 0.43984375 0.0328125 0.05625
3 0.1234375 0.2203125 0.05 0.071875
1 0.2234375 0.090625 0.0171875 0.0265625
1 0.21953125 0.10859375 0.021875 0.034375
1 0.25703125 0.1 0.0203125 0.034375
1 0.2375 0.14296875 0.0234375 0.034375
1 0.21796875 0.14765625 0.021875 0.0390625
1 0.28828125 0.084375 0.0234375 0.0328125
1 0.2921875 0.12890625 0.0265625 0.0375
1 0.315625 0.04765625 0.0203125 0.0296875
1 0.34453125 0.0390625 0.01875 0.0296875
1 0.3609375 0.0609375 0.021875 0.0328125
1 0.36171875 0.08828125 0.025 0.0390625
1 0.38046875 0.0296875 0.01875 0.0296875
1 0.3984375 0.0546875 0.0234375 0.0359375
1 0.41171875 0.034375 0.01875 0.0296875
1 0.42421875 0.1 0.025 0.034375
1 0.44765625 0.03125 0.01875 0.03125
1 0.4515625 0.09296875 0.021875 0.034375
1 0.46953125 0.04375 0.021875 0.0328125
1 0.4765625 0.034375 0.01875 0.028125
1 0.48984375 0.07265625 0.0234375 0.0390625
1 0.51484375 0.04140625 0.0234375 0.034375
1 0.534375 0.0875 0.0234375 0.0375
1 0.553125 0.05 0.0203125 0.0328125
1 0.58125 0.0890625 0.0234375 0.0328125
1 0.5765625 0.12890625 0.025 0.0390625
1 0.53203125 0.1390625 0.025 0.0375
1 0.49296875 0.1359375 0.0265625 0.0453125
1 0.43828125 0.1359375 0.0296875 0.0453125
1 0.35625 0.15390625 0.0296875 0.04375
1 0.3078125 0.17890625 0.028125 0.0421875
1 0.26953125 0.22578125 0.021875 0.025
1 0.26484375 0.17578125 0.028125 0.046875
1 0.221875 0.18671875 0.0265625 0.046875
1 0.196875 0.290625 0.03125 0.046875
1 0.2171875 0.34140625 0.040625 0.0609375
1 0.25078125 0.2421875 0.0296875 0.046875
2 0.28203125 0.31640625 0.0390625 0.0609375
1 0.32578125 0.23984375 0.0328125 0.0484375
1 0.38203125 0.2265625 0.0328125 0.0484375
1 0.4375 0.21328125 0.03125 0.0484375
2 0.5015625 0.184375 0.03125 0.053125
2 0.5296875 0.165625 0.028125 0.0484375
1 0.696875 0.30390625 0.03125 0.0515625
1 0.63671875 0.2578125 0.034375 0.0578125
1 0.590625 0.2796875 0.034375 0.05
1 0.5359375 0.2921875 0.034375 0.053125
1 0.45859375 0.33671875 0.0390625 0.0609375
1 0.46171875 0.38671875 0.0453125 0.0734375
1 0.55546875 0.40703125 0.05 0.075
2 0.621875 0.36328125 0.0453125 0.075
1 0.69765625 0.38359375 0.04375 0.0734375
1 0.7484375 0.38203125 0.040625 0.0671875
1 0.83359375 0.5140625 0.0484375 0.0796875
1 0.5953125 0.56171875 0.0515625 0.0859375
1 0.48359375 0.54921875 0.0484375 0.075
1 0.4078125 0.55234375 0.0453125 0.0734375
1 0.33203125 0.60625 0.05 0.084375
1 0.25703125 0.57265625 0.0453125 0.0734375
1 0.8078125 0.30625 0.03125 0.053125
1 0.8515625 0.3015625 0.0296875 0.0484375
1 0.81328125 0.25859375 0.0296875 0.0484375
1 0.76484375 0.2390625 0.03125 0.046875
1 0.75078125 0.1671875 0.028125 0.046875
1 0.715625 0.17421875 0.025 0.040625
1 0.6796875 0.11796875 0.0234375 0.0390625
1 0.7109375 0.13515625 0.0234375 0.0390625
1 0.66875 0.08984375 0.025 0.0390625
2 0.63984375 0.05 0.0203125 0.034375
1 0.6078125 0.03203125 0.01875 0.028125
1 0.58828125 0.0328125 0.0171875 0.028125