1 0.01484375 0.51640625 0.0296875 0.0578125
3 0.0359375 0.53984375 0.071875 0.1421875
3 0.153125 0.26484375 0.0140625 0.01875
1 0.18671875 0.196875 0.025 0.0421875
3 0.19375 0.2109375 0.059375 0.0875
1 0.20078125 0.15859375 0.0203125 0.0359375
1 0.2296875 0.1515625 0.021875 0.0375
1 0.203125 0.1640625 0.0375 0.059375
0 0.23828125 0.16484375 0.053125 0.065625
1 0.25234375 0.0921875 0.0203125 0.0375
3 0.24921875 0.10390625 0.0453125 0.0734375
1 0.309375 0.04921875 0.0234375 0.0328125
0 0.31953125 0.05390625 0.0453125 0.05
1 0.3859375 0.01328125 0.01875 0.0265625
1 0.37734375 0.034375 0.0203125 0.0359375
1 0.35234375 0.06875 0.0203125 0.040625
1 0.38671875 0.08203125 0.0234375 0.0375
1 0.4140625 0.0375 0.01875 0.0359375
1 0.43984375 0.08046875 0.0234375 0.0375
1 0.4515625 0.03515625 0.01875 0.0328125
1 0.34765625 0.10546875 0.0234375 0.046875
1 0.396875 0.125 0.025 0.0453125
1 0.43359375 0.1421875 0.0234375 0.040625
3 0.3875 0.0234375 0.046875 0.046875
3 0.378125 0.046875 0.04375 0.065625
3 0.34765625 0.08125 0.0515625 0.06875
3 0.34765625 0.13125 0.05625 0.084375
3 0.396875 0.13828125 0.053125 0.075
3 0.4328125 0.08984375 0.05 0.065625
3 0.43359375 0.14375 0.0453125 0.0578125
3 0.4140625 0.040625 0.0453125 0.059375
3 0.4515625 0.04453125 0.0453125 0.0609375
0 0.39453125 0.08671875 0.04375 0.053125
3 0.48515625 0.025 0.0421875 0.05
0 0.4875 0.05 0.0390625 0.053125
3 0.51484375 0.02890625 0.0359375 0.0578125
3 0.52578125 0.05390625 0.0515625 0.0640625
3 0.51953125 0.0828125 0.0515625 0.075
3 0.55234375 0.03046875 0.040625 0.0578125
3 0.56328125 0.059375 0.04375 0.0640625
3 0.58671875 0.03828125 0.0328125 0.046875
3 0.6125 0.05 0.040625 0.0515625
3 0.596875 0.10234375 0.046875 0.065625
3 0.6359375 0.10859375 0.046875 0.078125
0 0.64453125 0.06015625 0.0375 0.0484375
3 0.66953125 0.0875 0.04375 0.06875
0 0.67421875 0.1375 0.0546875 0.0671875
3 0.70703125 0.10703125 0.046875 0.0609375
0 0.71875 0.1578125 0.0546875 0.059375
3 0.69375 0.20234375 0.05625 0.0640625
3 0.64296875 0.234375 0.059375 0.1015625
3 0.603125 0.22734375 0.0546875 0.0921875
3 0.61015625 0.17578125 0.0625 0.09375
3 0.565625 0.153125 0.0625 0.0875
3 0.48828125 0.15078125 0.0765625 0.084375
3 0.3109375 0.18203125 0.0640625 0.1015625
3 0.35859375 0.1828125 0.065625 0.109375
0 0.428125 0.2046875 0.078125 0.0890625
0 0.49453125 0.2140625 0.0734375 0.09375
0 0.54453125 0.2265625 0.0578125 0.0625
0 0.75 0.3890625 0.071875 0.096875
3 0.70234375 0.3453125 0.0703125 0.1140625
3 0.59921875 0.33046875 0.0703125 0.0953125
3 0.6515625 0.32890625 0.0703125 0.1125
0 0.52265625 0.34453125 0.08125 0.103125
3 0.46796875 0.3125 0.075 0.128125
3 0.41640625 0.29296875 0.0734375 0.1546875
3 0.353125 0.29609375 0.08125 0.1390625
3 0.29765625 0.2875 0.078125 0.14375
0 0.240625 0.28984375 0.0765625 0.1125
3 0.49609375 0.41640625 0.0921875 0.1453125
3 0.578125 0.45390625 0.0859375 0.1234375
3 0.64453125 0.46640625 0.096875 0.178125
3 0.71015625 0.490625 0.0875 0.1390625
3 0.7640625 0.51796875 0.071875 0.1546875
3 0.7734375 0.69140625 0.121875 0.1609375
3 0.55625 0.6375 0.1140625 0.1578125
3 0.465625 0.5890625 0.0921875 0.171875
3 0.3875 0.5640625 0.0953125 0.178125
3 0.31484375 0.53984375 0.0984375 0.1953125
3 0.24609375 0.53046875 0.09375 0.1828125
1 0.934375 0.86953125 0.03125 0.065625
3 0.90703125 0.865625 0.0953125 0.1203125
3 0.8765625 0.65546875 0.0859375 0.0984375
3 0.9234375 0.67890625 0.0625 0.11875
3 0.83984375 0.45234375 0.059375 0.1203125
3 0.8875 0.46796875 0.0578125 0.10625
3 0.82421875 0.3625 0.0640625 0.09375
0 0.86484375 0.3859375 0.0546875 0.0625
3 0.8421875 0.2890625 0.0453125 0.078125
3 0.81171875 0.28828125 0.053125 0.0859375
3 0.8234375 0.240625 0.034375 0.059375
3 0.7984375 0.2234375 0.053125 0.075
0 0.80234375 0.19296875 0.0484375 0.059375
3 0.78671875 0.14609375 0.0421875 0.0609375
3 0.7671875 0.11328125 0.0296875 0.0453125
3 0.7453125 0.103125 0.0375 0.059375
1 0.48046875 0.04921875 0.021875 0.034375
1 0.4875 0.015625 0.01875 0.03125
1 0.51953125 0.06640625 0.021875 0.040625
1 0.51953125 0.0171875 0.0171875 0.0296875
1 0.5578125 0.01640625 0.0171875 0.0265625
1 0.528125 0.040625 0.01875 0.0359375
1 0.5671875 0.0484375 0.0203125 0.0375
1 0.58515625 0.03046875 0.01875 0.0328125
3 0.5625 0.10703125 0.0578125 0.0703125
1 0.5984375 0.10078125 0.0203125 0.034375
1 0.5703125 0.09453125 0.0203125 0.0359375
1 0.61875 0.0421875 0.01875 0.03125
1 0.64765625 0.059375 0.01875 0.03125
1 0.6296875 0.06953125 0.0203125 0.0359375
1 0.6234375 0.08203125 0.0359375 0.059375
1 0.67734375 0.07578125 0.021875 0.0359375
2 0.63984375 0.0875 0.0203125 0.0328125
1 0.67890625 0.1265625 0.021875 0.0375
1 0.7140625 0.1 0.0203125 0.0328125
1 0.72421875 0.14609375 0.0203125 0.0328125
1 0.70859375 0.19453125 0.0234375 0.0359375
2 0.66875 0.1640625 0.0234375 0.0390625
3 0.65859375 0.175 0.0484375 0.078125
1 0.62421875 0.15703125 0.0265625 0.0484375
1 0.57578125 0.13828125 0.0265625 0.0484375
1 0.48984375 0.13203125 0.025 0.0453125
1 0.31171875 0.15703125 0.028125 0.046875
2 0.3609375 0.1578125 0.0265625 0.0484375
1 0.4296875 0.196875 0.028125 0.046875
1 0.4921875 0.20234375 0.028125 0.0484375
1 0.54921875 0.22265625 0.0265625 0.04375
1 0.615625 0.20703125 0.0265625 0.0484375
1 0.6453125 0.20859375 0.028125 0.046875
1 0.75390625 0.38515625 0.0296875 0.0515625
1 0.7203125 0.321875 0.03125 0.05625
1 0.6640625 0.30234375 0.0296875 0.05625
1 0.6078125 0.31953125 0.0328125 0.0515625
1 0.51796875 0.3328125 0.034375 0.059375
1 0.47109375 0.28515625 0.0359375 0.0625
1 0.425 0.2484375 0.0359375 0.059375
1 0.3625 0.26015625 0.034375 0.0625
1 0.2921875 0.25078125 0.0359375 0.059375
1 0.50078125 0.38515625 0.0390625 0.071875
1 0.58515625 0.43828125 0.040625 0.06875
2 0.66171875 0.4203125 0.0421875 0.0734375
1 0.73125 0.4671875 0.040625 0.071875
1 0.775 0.4796875 0.034375 0.065625
1 0.8 0.659375 0.04375 0.0734375
1 0.565625 0.6046875 0.04375 0.0734375
1 0.47265625 0.540625 0.04375 0.0765625
1 0.38984375 0.515625 0.0421875 0.075
2 0.31640625 0.4859375 0.0421875 0.084375
1 0.24609375 0.48046875 0.040625 0.071875
1 0.9390625 0.65546875 0.028125 0.053125
1 0.90546875 0.6390625 0.0296875 0.053125
1 0.8546875 0.42265625 0.0265625 0.046875
1 0.9 0.4453125 0.0265625 0.0515625
1 0.84140625 0.35234375 0.0265625 0.0484375
1 0.8765625 0.38515625 0.0265625 0.046875
1 0.85078125 0.27734375 0.025 0.0421875
1 0.81796875 0.27421875 0.0234375 0.046875
1 0.80625 0.20859375 0.0203125 0.0390625
1 0.82734375 0.2359375 0.021875 0.040625
1 0.80859375 0.18359375 0.0203125 0.0359375
1 0.79140625 0.1375 0.01875 0.0328125
1 0.7734375 0.10390625 0.0171875 0.0265625
1 0.74765625 0.09453125 0.0171875 0.03125