1 0.01484375 0.54140625 0.0296875 0.0578125
3 0.0359375 0.56484375 0.071875 0.1390625
3 0.140625 0.28359375 0.0140625 0.0171875
1 0.17109375 0.2140625 0.0234375 0.0421875
3 0.17890625 0.22734375 0.05625 0.0859375
1 0.18359375 0.175 0.01875 0.0359375
1 0.21171875 0.16640625 0.01875 0.0375
1 0.1859375 0.1796875 0.0359375 0.0578125
0 0.22109375 0.17890625 0.05 0.0625
1 0.23125 0.10546875 0.0171875 0.0359375
3 0.22890625 0.11796875 0.0421875 0.071875
1 0.2859375 0.06015625 0.021875 0.03125
0 0.296875 0.0640625 0.0421875 0.0484375
1 0.3609375 0.0171875 0.0171875 0.0296875
1 0.353125 0.04140625 0.01875 0.0359375
1 0.3296875 0.07734375 0.01875 0.040625
1 0.36484375 0.08828125 0.021875 0.0359375
1 0.38984375 0.04296875 0.0171875 0.034375
1 0.41796875 0.084375 0.0203125 0.0359375
1 0.42734375 0.03828125 0.0171875 0.03125
1 0.32734375 0.1140625 0.021875 0.0453125
1 0.37734375 0.13046875 0.021875 0.0453125
1 0.41484375 0.14609375 0.021875 0.040625
3 0.3625 0.02890625 0.0453125 0.0484375
3 0.3546875 0.05390625 0.040625 0.0640625
3 0.32578125 0.08984375 0.0484375 0.0671875
3 0.328125 0.13984375 0.053125 0.0828125
3 0.378125 0.14453125 0.05 0.0734375
3 0.41171875 0.09375 0.046875 0.0640625
3 0.41484375 0.14765625 0.0421875 0.05625
3 0.38984375 0.04609375 0.0421875 0.0578125
3 0.42734375 0.04765625 0.04375 0.059375
0 0.3734375 0.09296875 0.0421875 0.0515625
3 0.46015625 0.02578125 0.0390625 0.0515625
0 0.4640625 0.0515625 0.0375 0.0515625
3 0.490625 0.028125 0.034375 0.05625
3 0.50234375 0.053125 0.0484375 0.0625
3 0.49765625 0.0828125 0.0484375 0.0734375
3 0.528125 0.028125 0.0375 0.05625
3 0.540625 0.05625 0.040625 0.0625
3 0.5625 0.034375 0.0296875 0.0453125
3 0.58828125 0.0453125 0.0390625 0.05
3 0.57578125 0.0984375 0.04375 0.0640625
3 0.615625 0.10234375 0.04375 0.0765625
0 0.62109375 0.053125 0.034375 0.046875
3 0.64765625 0.07890625 0.040625 0.0671875
0 0.6546875 0.12890625 0.0515625 0.065625
3 0.6859375 0.096875 0.04375 0.059375
0 0.7 0.146875 0.053125 0.0578125
3 0.678125 0.1921875 0.0546875 0.0609375
3 0.62890625 0.22734375 0.0546875 0.0984375
3 0.58828125 0.22265625 0.0515625 0.090625
3 0.59296875 0.1703125 0.0578125 0.0921875
3 0.546875 0.15078125 0.059375 0.084375
3 0.4703125 0.1515625 0.0734375 0.0828125
3 0.29453125 0.19296875 0.059375 0.0984375
3 0.3421875 0.190625 0.0609375 0.1078125
0 0.4125 0.209375 0.0734375 0.0859375
0 0.4796875 0.21484375 0.06875 0.090625
0 0.53046875 0.22421875 0.05625 0.0609375
0 0.74375 0.3765625 0.0671875 0.09375
3 0.69375 0.33515625 0.0640625 0.1109375
3 0.590625 0.325 0.065625 0.09375
3 0.64296875 0.32109375 0.0640625 0.1109375
0 0.51484375 0.34375 0.0765625 0.1
3 0.45859375 0.3140625 0.06875 0.1265625
3 0.40546875 0.296875 0.0671875 0.153125
3 0.34296875 0.3046875 0.075 0.1359375
3 0.28671875 0.2984375 0.071875 0.140625
0 0.23046875 0.30390625 0.0703125 0.1109375
3 0.49140625 0.4171875 0.0859375 0.1421875
3 0.57578125 0.45 0.0796875 0.1203125
3 0.6421875 0.459375 0.0890625 0.175
3 0.709375 0.4796875 0.08125 0.1375
3 0.76484375 0.5046875 0.065625 0.153125
3 0.78359375 0.6765625 0.115625 0.15625
3 0.56328125 0.634375 0.1078125 0.153125
3 0.4703125 0.590625 0.084375 0.1703125
3 0.39140625 0.56953125 0.0859375 0.175
3 0.3171875 0.55 0.0890625 0.1921875
3 0.2484375 0.54375 0.0859375 0.1796875
1 0.953125 0.84609375 0.028125 0.065625
3 0.92578125 0.84375 0.090625 0.115625
3 0.884375 0.6359375 0.08125 0.09375
3 0.9328125 0.65625 0.05625 0.1171875
3 0.83671875 0.434375 0.0546875 0.11875
3 0.88515625 0.44765625 0.053125 0.1046875
3 0.81640625 0.34609375 0.059375 0.090625
0 0.85859375 0.36640625 0.0515625 0.059375
3 0.83046875 0.271875 0.0421875 0.0765625
3 0.8 0.271875 0.05 0.084375
3 0.809375 0.22421875 0.03125 0.0578125
3 0.78359375 0.2078125 0.05 0.0734375
0 0.7859375 0.17734375 0.0453125 0.0578125
3 0.7671875 0.13125 0.0390625 0.059375
3 0.746875 0.1 0.028125 0.0453125
3 0.72421875 0.090625 0.034375 0.059375
1 0.45703125 0.05078125 0.0203125 0.0328125
1 0.46328125 0.01640625 0.0171875 0.03125
1 0.496875 0.06640625 0.0203125 0.0390625
1 0.49453125 0.01640625 0.0171875 0.0296875
1 0.53203125 0.0140625 0.015625 0.0265625
1 0.50390625 0.03984375 0.0171875 0.034375
1 0.54375 0.04609375 0.01875 0.0359375
1 0.56015625 0.0265625 0.0171875 0.03125
3 0.54140625 0.1046875 0.0546875 0.06875
1 0.57734375 0.09609375 0.01875 0.0328125
1 0.54921875 0.09140625 0.01875 0.0359375
1 0.59453125 0.03671875 0.0171875 0.03125
1 0.625 0.05234375 0.0171875 0.03125
1 0.60703125 0.06328125 0.01875 0.034375
1 0.6015625 0.07578125 0.034375 0.0578125
1 0.6546875 0.0671875 0.0203125 0.0359375
2 0.61796875 0.08046875 0.01875 0.0328125
1 0.65859375 0.11796875 0.0203125 0.0359375
1 0.69296875 0.08984375 0.01875 0.03125
1 0.70546875 0.134375 0.01875 0.03125
1 0.6921875 0.184375 0.021875 0.0359375
2 0.65078125 0.15546875 0.021875 0.0375
3 0.64140625 0.1671875 0.0453125 0.0765625
1 0.60546875 0.15078125 0.0234375 0.0484375
1 0.55703125 0.13515625 0.025 0.046875
1 0.47109375 0.1328125 0.0234375 0.0453125
1 0.29375 0.1671875 0.0265625 0.046875
2 0.34375 0.165625 0.025 0.0484375
1 0.4140625 0.20078125 0.0265625 0.0453125
1 0.4765625 0.203125 0.025 0.046875
1 0.534375 0.22109375 0.025 0.0421875
1 0.6 0.2015625 0.025 0.0484375
1 0.6296875 0.2015625 0.0265625 0.046875
1 0.74765625 0.371875 0.0265625 0.05
1 0.7109375 0.3109375 0.028125 0.05625
1 0.65390625 0.29375 0.0265625 0.0546875
1 0.5984375 0.3140625 0.0296875 0.0515625
1 0.509375 0.33203125 0.0328125 0.0578125
1 0.46015625 0.28671875 0.0328125 0.0609375
1 0.41171875 0.253125 0.034375 0.0578125
1 0.35 0.2671875 0.03125 0.0625
1 0.27890625 0.26171875 0.034375 0.0578125
1 0.49453125 0.38515625 0.0359375 0.0703125
1 0.58203125 0.434375 0.0375 0.06875
2 0.6578125 0.41171875 0.0390625 0.071875
1 0.72890625 0.4546875 0.0375 0.071875
1 0.7734375 0.46484375 0.03125 0.065625
1 0.8078125 0.64375 0.040625 0.071875
1 0.57109375 0.60078125 0.040625 0.071875
1 0.475 0.54140625 0.040625 0.075
1 0.390625 0.52109375 0.0390625 0.075
2 0.31640625 0.4953125 0.0375 0.084375
1 0.2453125 0.49375 0.0375 0.071875
1 0.94609375 0.63203125 0.025 0.053125
1 0.9125 0.61796875 0.0265625 0.053125
1 0.85 0.4046875 0.025 0.046875
1 0.89609375 0.42421875 0.0234375 0.0515625
1 0.8328125 0.334375 0.025 0.046875
1 0.8703125 0.365625 0.025 0.046875
1 0.8390625 0.259375 0.021875 0.0421875
1 0.80625 0.2578125 0.021875 0.0453125
1 0.790625 0.19296875 0.01875 0.0375
1 0.81328125 0.21953125 0.0203125 0.0390625
1 0.79140625 0.16796875 0.01875 0.034375
1 0.771875 0.1234375 0.0171875 0.03125
1 0.75234375 0.08984375 0.015625 0.025
1 0.7265625 0.08203125 0.015625 0.0296875