1 0.03359375 0.63828125 0.03125 0.0578125
1 0.05859375 0.66015625 0.0828125 0.14375
1 0.121875 0.26328125 0.025 0.0453125
3 0.13203125 0.2859375 0.05 0.0953125
1 0.1546875 0.1671875 0.01875 0.03125
1 0.20078125 0.11484375 0.021875 0.03125
0 0.20859375 0.12109375 0.0453125 0.0546875
3 0.27421875 0.05546875 0.0328125 0.05
3 0.265625 0.09453125 0.0375 0.0578125
3 0.25 0.13203125 0.0453125 0.0703125
3 0.28125 0.13046875 0.04375 0.0609375
3 0.29765625 0.07890625 0.040625 0.059375
3 0.3296875 0.121875 0.05 0.0640625
3 0.33515625 0.07265625 0.046875 0.059375
3 0.3625 0.04140625 0.040625 0.05625
3 0.39375 0.03828125 0.034375 0.05625
0 0.36875 0.06875 0.0390625 0.0484375
3 0.409375 0.0625 0.0453125 0.0609375
3 0.41015625 0.09140625 0.0515625 0.0734375
3 0.43046875 0.03125 0.0359375 0.0546875
3 0.44765625 0.05859375 0.0421875 0.0625
3 0.46484375 0.03125 0.03125 0.046875
0 0.46015625 0.10859375 0.0546875 0.065625
3 0.49140625 0.090625 0.0421875 0.059375
3 0.49296875 0.03671875 0.040625 0.053125
3 0.515625 0.0625 0.0453125 0.0625
3 0.53125 0.0359375 0.028125 0.046875
3 0.53515625 0.09921875 0.0421875 0.05
3 0.559375 0.0578125 0.04375 0.06875
0 0.57421875 0.10703125 0.05625 0.065625
0 0.62265625 0.1125 0.053125 0.059375
3 0.59921875 0.06484375 0.04375 0.059375
3 0.61171875 0.1515625 0.059375 0.075
3 0.56875 0.15625 0.0453125 0.06875
3 0.521875 0.159375 0.0609375 0.09375
3 0.47109375 0.1546875 0.065625 0.0890625
3 0.39765625 0.16484375 0.071875 0.0875
3 0.34375 0.17265625 0.046875 0.059375
3 0.303125 0.16953125 0.053125 0.0859375
3 0.25625 0.18359375 0.05625 0.0875
0 0.22421875 0.2734375 0.0703125 0.0796875
3 0.28125 0.24296875 0.065625 0.0921875
0 0.3546875 0.23359375 0.075 0.0875
0 0.4203125 0.22578125 0.071875 0.0953125
3 0.47265625 0.21953125 0.0625 0.0875
3 0.53203125 0.21328125 0.0515625 0.075
3 0.56640625 0.1953125 0.0546875 0.109375
0 0.71484375 0.328125 0.0703125 0.09375
3 0.6625 0.31015625 0.0671875 0.1046875
0 0.61015625 0.32890625 0.06875 0.0828125
3 0.55234375 0.3109375 0.0671875 0.0875
0 0.48203125 0.34375 0.0796875 0.1015625
3 0.3625 0.32109375 0.0765625 0.1578125
3 0.30859375 0.340625 0.0796875 0.146875
3 0.24921875 0.34921875 0.0765625 0.15
0 0.19765625 0.36328125 0.071875 0.109375
1 0.18984375 0.353125 0.03125 0.0515625
3 0.47734375 0.4328125 0.09375 0.1390625
3 0.56484375 0.43515625 0.084375 0.128125
3 0.6328125 0.42734375 0.09375 0.1796875
3 0.7046875 0.44140625 0.090625 0.1609375
3 0.7578125 0.4375 0.0703125 0.15
3 0.8140625 0.59296875 0.1203125 0.153125
3 0.58125 0.59453125 0.1015625 0.18125
3 0.4875 0.5953125 0.0921875 0.1328125
3 0.40859375 0.590625 0.096875 0.1578125
3 0.33125 0.5875 0.0953125 0.1875
3 0.26328125 0.58671875 0.0875 0.1875
3 0.96796875 0.7453125 0.0640625 0.125
1 0.99609375 0.74140625 0.0078125 0.0640625
3 0.903125 0.54453125 0.084375 0.1015625
3 0.94921875 0.5390625 0.0546875 0.11875
3 0.81953125 0.365625 0.0625 0.10625
3 0.8640625 0.3640625 0.053125 0.0984375
3 0.77578125 0.2828125 0.0609375 0.09375
0 0.8234375 0.2984375 0.0546875 0.065625
3 0.74609375 0.215625 0.0515625 0.084375
3 0.7765625 0.2078125 0.046875 0.0734375
3 0.71328125 0.15234375 0.046875 0.0734375
3 0.74453125 0.16171875 0.034375 0.0546875
0 0.709375 0.12734375 0.0484375 0.0484375
3 0.684375 0.08046875 0.0390625 0.053125
3 0.65703125 0.05546875 0.0265625 0.046875
3 0.634375 0.0484375 0.034375 0.05
1 0.925 0.5203125 0.0296875 0.0578125
2 0.95390625 0.5015625 0.028125 0.0578125
3 0.15546875 0.1828125 0.0453125 0.0796875
1 0.146875 0.24296875 0.025 0.0421875
0 0.1609375 0.2453125 0.053125 0.05625
1 0.2703125 0.04765625 0.0171875 0.0328125
1 0.26328125 0.08203125 0.0171875 0.028125
1 0.2484375 0.11875 0.0203125 0.0375
1 0.2796875 0.1171875 0.021875 0.0328125
1 0.3 0.07421875 0.0203125 0.034375
1 0.3328125 0.0640625 0.01875 0.0328125
1 0.3328125 0.11015625 0.021875 0.0359375
2 0.36484375 0.02890625 0.01875 0.0296875
1 0.41015625 0.05 0.0171875 0.0328125
1 0.39453125 0.02734375 0.0171875 0.0296875
1 0.40546875 0.07734375 0.0203125 0.0359375
1 0.4296875 0.01796875 0.015625 0.0265625
1 0.44609375 0.046875 0.0203125 0.0359375
1 0.4609375 0.025 0.01875 0.0328125
1 0.46796875 0.09375 0.0203125 0.034375
1 0.49140625 0.0828125 0.01875 0.0328125
1 0.496875 0.02734375 0.0171875 0.0296875
1 0.5203125 0.05 0.0203125 0.0328125
1 0.528125 0.0359375 0.015625 0.0296875
1 0.5640625 0.04453125 0.0203125 0.0328125
1 0.5359375 0.09609375 0.01875 0.03125
1 0.57734375 0.09375 0.0203125 0.0328125
1 0.6 0.0578125 0.0171875 0.03125
1 0.6234375 0.10078125 0.0203125 0.03125
1 0.61484375 0.1390625 0.0234375 0.0375
1 0.5703125 0.14375 0.021875 0.0328125
1 0.53203125 0.13671875 0.021875 0.04375
1 0.475 0.13359375 0.0265625 0.046875
1 0.39375 0.14140625 0.025 0.04375
1 0.34296875 0.16796875 0.0234375 0.040625
1 0.3 0.153125 0.025 0.04375
1 0.25703125 0.1609375 0.021875 0.046875
1 0.22109375 0.26015625 0.0265625 0.04375
1 0.27890625 0.21796875 0.0265625 0.0453125
1 0.353125 0.221875 0.0265625 0.046875
1 0.415625 0.21875 0.0265625 0.0453125
1 0.4765625 0.20390625 0.025 0.0453125
1 0.5390625 0.1984375 0.028125 0.04375
1 0.56640625 0.16875 0.025 0.046875
1 0.71484375 0.32890625 0.028125 0.0515625
1 0.67109375 0.28359375 0.0296875 0.05
1 0.615625 0.31484375 0.028125 0.0484375
1 0.55703125 0.296875 0.028125 0.0515625
1 0.47578125 0.33203125 0.034375 0.0640625
3 0.41875 0.3140625 0.078125 0.1234375
2 0.30234375 0.3015625 0.0328125 0.0625
1 0.23828125 0.31171875 0.034375 0.0609375
1 0.48046875 0.40390625 0.0359375 0.0671875
1 0.5703125 0.41953125 0.0421875 0.071875
2 0.63359375 0.3765625 0.0359375 0.06875
2 0.7046875 0.40078125 0.0390625 0.0765625
1 0.75703125 0.39921875 0.0328125 0.0625
1 0.5734375 0.54296875 0.040625 0.06875
1 0.484375 0.5734375 0.0421875 0.0734375
1 0.40234375 0.55390625 0.0390625 0.0734375
2 0.3171875 0.540625 0.040625 0.0828125
1 0.25078125 0.5359375 0.0375 0.075
1 0.82578125 0.33984375 0.0265625 0.05
2 0.8703125 0.33828125 0.025 0.0453125
1 0.8359375 0.2921875 0.025 0.0453125
1 0.7859375 0.26484375 0.028125 0.0484375
1 0.78359375 0.19453125 0.025 0.046875
1 0.74921875 0.1984375 0.021875 0.046875
1 0.74765625 0.1484375 0.0203125 0.0359375
1 0.7203125 0.1390625 0.021875 0.0390625
1 0.71796875 0.121875 0.021875 0.0265625
1 0.6875 0.07734375 0.0171875 0.03125
1 0.65703125 0.0453125 0.015625 0.025
1 0.63671875 0.04296875 0.0140625 0.025