1 0.0140625 0.52578125 0.028125 0.0578125
1 0.03671875 0.53984375 0.0734375 0.1453125
1 0.18671875 0.196875 0.025 0.0421875
3 0.19453125 0.2109375 0.059375 0.0796875
1 0.19609375 0.1609375 0.021875 0.0328125
1 0.2265625 0.1640625 0.025 0.040625
0 0.19921875 0.1734375 0.0421875 0.0546875
0 0.23828125 0.16640625 0.053125 0.0546875
1 0.25234375 0.0921875 0.01875 0.0359375
1 0.24921875 0.10390625 0.0453125 0.075
1 0.309375 0.04765625 0.021875 0.03125
0 0.31640625 0.05859375 0.046875 0.0546875
0 0.39453125 0.0234375 0.0296875 0.0421875
3 0.3796875 0.046875 0.040625 0.0609375
3 0.3515625 0.07890625 0.046875 0.071875
3 0.38671875 0.084375 0.04375 0.0609375
3 0.41328125 0.04296875 0.040625 0.0609375
3 0.43359375 0.090625 0.0515625 0.0640625
3 0.4515625 0.04453125 0.046875 0.0609375
3 0.48515625 0.0265625 0.0421875 0.053125
3 0.51328125 0.028125 0.0359375 0.05625
0 0.4875 0.04921875 0.0421875 0.05625
1 0.48359375 0.0359375 0.021875 0.0328125
3 0.52578125 0.05390625 0.0453125 0.0625
3 0.52109375 0.0796875 0.0515625 0.0796875
3 0.553125 0.0296875 0.0390625 0.05625
3 0.56328125 0.06015625 0.04375 0.0640625
3 0.58671875 0.03828125 0.0328125 0.0484375
0 0.56171875 0.1109375 0.05625 0.0609375
3 0.5984375 0.103125 0.0453125 0.0640625
3 0.6125 0.05078125 0.0421875 0.053125
3 0.625 0.08125 0.0390625 0.0625
3 0.6484375 0.059375 0.034375 0.046875
3 0.63671875 0.10859375 0.0484375 0.075
3 0.671875 0.0875 0.0453125 0.06875
0 0.6734375 0.1390625 0.05625 0.0671875
0 0.71875 0.1578125 0.0546875 0.059375
3 0.7078125 0.10625 0.04375 0.059375
3 0.696875 0.19296875 0.059375 0.0765625
3 0.6546875 0.1859375 0.0453125 0.06875
3 0.61015625 0.17734375 0.0625 0.0953125
3 0.56171875 0.15859375 0.0671875 0.090625
3 0.4875 0.15 0.0734375 0.0890625
3 0.434375 0.14375 0.0484375 0.0578125
3 0.3953125 0.12890625 0.0546875 0.0859375
3 0.34765625 0.13125 0.05625 0.0875
0 0.2921875 0.20859375 0.071875 0.08125
3 0.35546875 0.19453125 0.0671875 0.0921875
0 0.428125 0.2046875 0.078125 0.0890625
0 0.49453125 0.2125 0.0734375 0.096875
3 0.54609375 0.221875 0.0609375 0.0828125
3 0.60546875 0.228125 0.05625 0.096875
3 0.64609375 0.22421875 0.0578125 0.1109375
0 0.75234375 0.38984375 0.071875 0.09375
3 0.7015625 0.3453125 0.0640625 0.1125
3 0.65390625 0.35 0.06875 0.1015625
3 0.59921875 0.33203125 0.06875 0.0875
0 0.52265625 0.34453125 0.08125 0.103125
3 0.471875 0.3 0.084375 0.1515625
3 0.41640625 0.29296875 0.0765625 0.1609375
3 0.35390625 0.2875 0.08125 0.1515625
3 0.2984375 0.28515625 0.0796875 0.15
0 0.24296875 0.28984375 0.0734375 0.1109375
1 0.23828125 0.278125 0.0328125 0.0515625
3 0.4953125 0.41640625 0.0890625 0.1390625
3 0.5765625 0.45390625 0.0875 0.1296875
3 0.646875 0.4640625 0.096875 0.1796875
3 0.71328125 0.4984375 0.090625 0.153125
3 0.76328125 0.5171875 0.0734375 0.1484375
0 0.77421875 0.6828125 0.1109375 0.1265625
3 0.55 0.6390625 0.10625 0.178125
3 0.46328125 0.5890625 0.096875 0.2015625
3 0.38984375 0.55703125 0.0984375 0.1640625
3 0.31484375 0.5390625 0.0984375 0.1953125
3 0.246875 0.5328125 0.0890625 0.178125
3 0.90390625 0.86171875 0.096875 0.1265625
1 0.93203125 0.85625 0.0359375 0.065625
3 0.878125 0.646875 0.0859375 0.103125
3 0.925 0.6640625 0.065625 0.1328125
3 0.84375 0.453125 0.0640625 0.1078125
3 0.8875 0.465625 0.05625 0.0984375
3 0.82578125 0.3625 0.0640625 0.09375
0 0.8640625 0.3890625 0.05625 0.0671875
3 0.81171875 0.28828125 0.0515625 0.0859375
3 0.84296875 0.28984375 0.046875 0.0734375
3 0.7953125 0.2203125 0.046875 0.0734375
3 0.825 0.2359375 0.0359375 0.059375
3 0.803125 0.1828125 0.0453125 0.0625
3 0.78671875 0.1421875 0.040625 0.059375
3 0.7671875 0.11171875 0.03125 0.0484375
3 0.7453125 0.10703125 0.0359375 0.05625
1 0.90390625 0.63828125 0.0296875 0.05625
1 0.940625 0.63046875 0.03125 0.053125
3 0.38828125 0.01875 0.0171875 0.0296875
1 0.36171875 0.0703125 0.021875 0.040625
1 0.384375 0.0734375 0.021875 0.0359375
1 0.37890625 0.034375 0.01875 0.03125
1 0.4140625 0.0375 0.01875 0.0359375
1 0.43984375 0.0796875 0.0234375 0.034375
1 0.45234375 0.03515625 0.0171875 0.03125
1 0.3515625 0.11015625 0.025 0.046875
1 0.396875 0.1125 0.025 0.046875
1 0.434375 0.13828125 0.0234375 0.040625
1 0.490625 0.01328125 0.01875 0.0265625
1 0.51953125 0.01640625 0.0171875 0.03125
1 0.528125 0.03984375 0.01875 0.03125
1 0.5234375 0.065625 0.021875 0.0375
1 0.5640625 0.04765625 0.0203125 0.0328125
1 0.57265625 0.1 0.0234375 0.0328125
1 0.6 0.09140625 0.0203125 0.0328125
1 0.61953125 0.04375 0.015625 0.0296875
1 0.58515625 0.0359375 0.0171875 0.0296875
1 0.64765625 0.05703125 0.0171875 0.03125
2 0.63984375 0.09453125 0.0203125 0.0390625
1 0.678125 0.07578125 0.021875 0.0375
1 0.7109375 0.1 0.01875 0.0328125
1 0.68125 0.128125 0.021875 0.0359375
1 0.7234375 0.14609375 0.0203125 0.0328125
1 0.70546875 0.18125 0.0234375 0.0390625
1 0.6578125 0.1734375 0.0234375 0.0359375
1 0.6234375 0.1578125 0.0234375 0.0453125
1 0.575 0.1375 0.028125 0.0453125
1 0.4890625 0.1265625 0.0265625 0.046875
1 0.2921875 0.19609375 0.0265625 0.04375
1 0.35859375 0.171875 0.028125 0.046875
1 0.4296875 0.19375 0.0296875 0.046875
1 0.4859375 0.20078125 0.03125 0.046875
1 0.5484375 0.20703125 0.0265625 0.0453125
1 0.528125 0.25703125 0.021875 0.0359375
2 0.61484375 0.20703125 0.028125 0.0546875
2 0.64765625 0.19921875 0.0265625 0.0515625
1 0.753125 0.3875 0.03125 0.0515625
1 0.71328125 0.3296875 0.0296875 0.053125
1 0.66328125 0.3296875 0.0296875 0.046875
1 0.60625 0.31953125 0.03125 0.0515625
1 0.5203125 0.3328125 0.0359375 0.0640625
2 0.36171875 0.25 0.0328125 0.059375
2 0.29453125 0.240625 0.034375 0.059375
1 0.49765625 0.38984375 0.0375 0.071875
1 0.58671875 0.43828125 0.0421875 0.06875
2 0.6625 0.41484375 0.0390625 0.0734375
1 0.7265625 0.46171875 0.0390625 0.0703125
1 0.77421875 0.478125 0.0328125 0.0625
1 0.56328125 0.58984375 0.040625 0.06875
2 0.465625 0.53515625 0.046875 0.084375
1 0.39296875 0.51953125 0.0390625 0.071875
2 0.31875 0.48046875 0.040625 0.078125
1 0.24609375 0.48125 0.040625 0.071875
1 0.85703125 0.4296875 0.028125 0.05
1 0.9015625 0.44921875 0.0265625 0.0515625
1 0.87734375 0.3921875 0.0265625 0.0453125
1 0.840625 0.35234375 0.028125 0.0484375
1 0.81875 0.27265625 0.021875 0.040625
1 0.85390625 0.278125 0.0234375 0.046875
1 0.80625 0.20859375 0.021875 0.0390625
1 0.82890625 0.22890625 0.0203125 0.0328125
1 0.80546875 0.17734375 0.021875 0.040625
1 0.79296875 0.13046875 0.0171875 0.03125
1 0.76875 0.1015625 0.015625 0.0265625
1 0.74921875 0.09453125 0.015625 0.028125