1 0.02109375 0.58671875 0.0234375 0.05625
1 0.040625 0.60546875 0.0671875 0.13671875
1 0.15390625 0.21875 0.01953125 0.04375
3 0.1609375 0.24296875 0.03984375 0.09140625
1 0.19765625 0.13046875 0.01484375 0.03515625
1 0.2515625 0.08046875 0.01796875 0.03125
0 0.26015625 0.0890625 0.03515625 0.0484375
3 0.3296875 0.034375 0.028125 0.04453125
3 0.315625 0.06875 0.0359375 0.05703125
3 0.290625 0.10625 0.04453125 0.0640625
0 0.33203125 0.1015625 0.03125 0.059375
3 0.35078125 0.059375 0.034375 0.05546875
3 0.37734375 0.10390625 0.04296875 0.059375
3 0.38828125 0.05546875 0.03984375 0.05546875
3 0.41953125 0.0296875 0.034375 0.0515625
3 0.45078125 0.0296875 0.028125 0.05390625
0 0.421875 0.05859375 0.03359375 0.04453125
3 0.46328125 0.0546875 0.03828125 0.05703125
3 0.4609375 0.084375 0.04296875 0.06953125
3 0.48828125 0.0265625 0.03046875 0.0515625
3 0.5015625 0.05546875 0.03515625 0.059375
3 0.521875 0.03046875 0.0265625 0.04453125
3 0.50390625 0.0984375 0.046875 0.06953125
3 0.54140625 0.096875 0.03671875 0.05546875
3 0.55 0.0390625 0.03515625 0.04921875
0 0.56640625 0.06796875 0.03671875 0.046875
3 0.584375 0.04609375 0.0296875 0.04375
3 0.58203125 0.10625 0.03984375 0.05859375
3 0.61328125 0.06875 0.0375 0.0609375
0 0.621875 0.11640625 0.04296875 0.06015625
0 0.665625 0.13046875 0.04140625 0.05
3 0.6515625 0.08125 0.03125 0.046875
3 0.653125 0.17109375 0.0484375 0.06953125
3 0.6125 0.16796875 0.0421875 0.06953125
3 0.56328125 0.165625 0.05 0.0890625
3 0.515625 0.1484375 0.05625 0.08125
0 0.440625 0.15546875 0.0625 0.08125
3 0.38515625 0.15625 0.03984375 0.0546875
3 0.34140625 0.14453125 0.04375 0.08046875
3 0.296875 0.15546875 0.04609375 0.08203125
0 0.25390625 0.24140625 0.06171875 0.0734375
3 0.31484375 0.21796875 0.0546875 0.0859375
0 0.38828125 0.21796875 0.06640625 0.08046875
0 0.4546875 0.21796875 0.06171875 0.0890625
3 0.50703125 0.21796875 0.05234375 0.08203125
3 0.5671875 0.21875 0.04453125 0.08046875
3 0.60625 0.21875 0.03984375 0.09609375
0 0.734375 0.35546875 0.0609375 0.08671875
3 0.68203125 0.31875 0.04921875 0.1109375
3 0.63828125 0.31875 0.06328125 0.09609375
3 0.575 0.321875 0.0578125 0.08046875
0 0.50078125 0.34453125 0.06875 0.09375
3 0.44453125 0.30546875 0.06328125 0.11796875
3 0.39296875 0.30625 0.0546875 0.14921875
3 0.328125 0.31796875 0.0609375 0.12890625
3 0.271875 0.321875 0.05703125 0.14453125
0 0.21640625 0.32734375 0.059375 0.103125
1 0.21015625 0.31640625 0.02578125 0.04921875
3 0.48046875 0.44140625 0.0859375 0.13125
3 0.57109375 0.44375 0.0703125 0.1203125
3 0.63828125 0.44375 0.07421875 0.171875
3 0.709375 0.446875 0.0640625 0.19375
3 0.76171875 0.465625 0.06171875 0.15
3 0.79375 0.61796875 0.09296875 0.14921875
3 0.56875 0.60625 0.08046875 0.1734375
3 0.47578125 0.58125 0.07578125 0.14921875
3 0.39765625 0.56796875 0.08046875 0.17109375
3 0.321875 0.56640625 0.07421875 0.1796875
3 0.25546875 0.55625 0.07109375 0.19140625
3 0.95 0.80234375 0.08203125 0.115625
1 0.978125 0.80234375 0.02734375 0.06171875
3 0.89375 0.59375 0.07421875 0.09453125
3 0.93359375 0.58046875 0.03046875 0.10546875
3 0.83359375 0.40546875 0.05078125 0.1015625
3 0.87890625 0.40703125 0.04140625 0.09453125
3 0.80546875 0.31875 0.05234375 0.08515625
0 0.8453125 0.3390625 0.04765625 0.0609375
3 0.77890625 0.24921875 0.04140625 0.08125
3 0.8140625 0.25546875 0.03984375 0.06875
3 0.75625 0.18125 0.0390625 0.06875
3 0.78515625 0.20078125 0.02890625 0.05
0 0.753125 0.153125 0.04296875 0.04375
3 0.734375 0.1109375 0.0328125 0.0453125
3 0.71015625 0.078125 0.02109375 0.046875
3 0.68671875 0.06875 0.0328125 0.046875
1 0.91953125 0.571875 0.02265625 0.05625
1 0.93828125 0.55546875 0.01953125 0.05390625
3 0.196875 0.14296875 0.03671875 0.06796875
1 0.18125 0.20234375 0.01796875 0.03984375
0 0.19453125 0.20625 0.046875 0.05078125
1 0.32734375 0.03046875 0.0140625 0.028125
1 0.315625 0.05625 0.01640625 0.03046875
1 0.28828125 0.09375 0.01796875 0.03515625
1 0.35390625 0.0484375 0.01640625 0.03046875
1 0.33046875 0.08984375 0.01484375 0.03359375
1 0.38828125 0.046875 0.01484375 0.03046875
1 0.38203125 0.09375 0.01796875 0.03515625
1 0.415625 0.065625 0.01640625 0.0296875
1 0.42265625 0.01796875 0.01484375 0.02890625
1 0.45078125 0.01796875 0.01328125 0.02890625
1 0.46328125 0.04140625 0.015625 0.03125
1 0.45859375 0.06875 0.0171875 0.03515625
1 0.4890625 0.0140625 0.01484375 0.02578125
1 0.50078125 0.04140625 0.015625 0.03203125
1 0.509375 0.084375 0.0171875 0.03125
1 0.51875 0.0265625 0.0140625 0.028125
1 0.52265625 0.05625 0.01796875 0.015625
1 0.50625 0.1234375 0.01328125 0.01953125
1 0.5546875 0.0296875 0.01328125 0.028125
1 0.5421875 0.08671875 0.015625 0.03046875
1 0.58515625 0.04140625 0.01484375 0.0296875
1 0.5734375 0.06796875 0.015625 0.02890625
1 0.5875 0.09375 0.01484375 0.03125
1 0.61796875 0.05546875 0.01640625 0.03359375
1 0.62734375 0.10546875 0.01796875 0.03671875
1 0.65625 0.07421875 0.0140625 0.03125
1 0.67265625 0.12421875 0.01796875 0.03125
1 0.65859375 0.15546875 0.01953125 0.03671875
1 0.61328125 0.15625 0.02109375 0.034375
1 0.57421875 0.14296875 0.01796875 0.04375
1 0.51953125 0.13046875 0.02109375 0.04453125
1 0.43828125 0.14140625 0.02109375 0.0453125
1 0.3875 0.146875 0.01953125 0.03125
1 0.340625 0.13046875 0.01953125 0.04453125
1 0.3 0.134375 0.01796875 0.04453125
1 0.2515625 0.22734375 0.02109375 0.04140625
1 0.31328125 0.19609375 0.021875 0.04375
1 0.3140625 0.25625 0.01640625 0.0140625
1 0.38828125 0.20625 0.02109375 0.046875
1 0.45234375 0.2140625 0.02265625 0.05078125
1 0.5125 0.2015625 0.01953125 0.040625
1 0.60703125 0.19296875 0.02109375 0.04921875
1 0.575 0.20546875 0.0234375 0.04453125
1 0.7359375 0.35390625 0.021875 0.053125
1 0.69296875 0.29921875 0.02109375 0.05625
1 0.58203125 0.30625 0.021875 0.046875
1 0.49453125 0.33359375 0.028125 0.05546875
1 0.328125 0.28671875 0.02734375 0.05546875
1 0.26875 0.28046875 0.02578125 0.059375
1 0.4859375 0.40625 0.028125 0.05625
1 0.578125 0.42890625 0.03203125 0.065625
2 0.64609375 0.39296875 0.0296875 0.07109375
2 0.71875 0.3921875 0.0265625 0.07109375
2 0.75703125 0.41875 0.02578125 0.0609375
2 0.81875 0.58125 0.03515625 0.07578125
1 0.56875 0.55390625 0.03515625 0.065625
1 0.478125 0.5453125 0.03515625 0.07421875
1 0.4 0.51875 0.0328125 0.07421875
1 0.3125 0.51875 0.0328125 0.0765625
1 0.25234375 0.4984375 0.03359375 0.06953125
1 0.84375 0.37890625 0.0203125 0.04921875
1 0.8875 0.3859375 0.0203125 0.04453125
1 0.81953125 0.315625 0.02265625 0.0453125
1 0.85859375 0.3359375 0.0203125 0.04375
1 0.82421875 0.24140625 0.01953125 0.0390625
1 0.784375 0.234375 0.01796875 0.04375
1 0.76171875 0.16953125 0.0171875 0.0390625
1 0.790625 0.19375 0.0171875 0.03515625
1 0.7375 0.10234375 0.0140625 0.02890625
1 0.7109375 0.06796875 0.01328125 0.0265625
1 0.69140625 0.065625 0.0125 0.0265625