1 0.05078125 0.66796875 0.0390625 0.0625
3 0.078125 0.7015625 0.1 0.1609375
3 0.08984375 0.4125 0.015625 0.01875
1 0.09609375 0.33671875 0.028125 0.04375
3 0.10703125 0.34609375 0.0671875 0.090625
1 0.09453125 0.29609375 0.025 0.0375
1 0.11875 0.27890625 0.025 0.0390625
1 0.0984375 0.2984375 0.04375 0.0609375
0 0.13203125 0.2875 0.0578125 0.06875
1 0.1171875 0.21484375 0.0234375 0.0375
3 0.11953125 0.2265625 0.0515625 0.0765625
1 0.1546875 0.15390625 0.025 0.034375
0 0.165625 0.15234375 0.0484375 0.053125
1 0.2109375 0.08828125 0.021875 0.034375
1 0.2125 0.1140625 0.0234375 0.0375
1 0.2015625 0.15546875 0.0234375 0.0421875
1 0.23828125 0.1546875 0.0265625 0.0390625
1 0.24765625 0.0921875 0.0203125 0.0328125
1 0.28671875 0.13359375 0.0265625 0.0390625
1 0.28046875 0.08515625 0.021875 0.0328125
1 0.2109375 0.19140625 0.028125 0.046875
1 0.26328125 0.190625 0.028125 0.046875
1 0.30390625 0.19296875 0.028125 0.0421875
3 0.21640625 0.10078125 0.0515625 0.053125
3 0.2171875 0.125 0.0484375 0.06875
3 0.2015625 0.16875 0.0578125 0.071875
3 0.21640625 0.215625 0.0625 0.0890625
3 0.26875 0.203125 0.059375 0.078125
3 0.284375 0.14453125 0.0546875 0.06875
3 0.3046875 0.19453125 0.05 0.0609375
3 0.24765625 0.10546875 0.05 0.0625
3 0.284375 0.0953125 0.05 0.0625
0 0.24765625 0.15625 0.0484375 0.05625
3 0.30703125 0.0625 0.0453125 0.05625
0 0.31953125 0.0875 0.04375 0.05625
3 0.33828125 0.05625 0.0421875 0.0609375
3 0.35703125 0.0765625 0.05625 0.06875
3 0.36171875 0.10625 0.0578125 0.0765625
3 0.37265625 0.04453125 0.0453125 0.059375
3 0.39375 0.0671875 0.0484375 0.065625
3 0.40546875 0.10390625 0.053125 0.0765625
3 0.4078125 0.0390625 0.0359375 0.0484375
3 0.43515625 0.04140625 0.0453125 0.053125
3 0.440625 0.0953125 0.053125 0.0671875
3 0.4796875 0.08671875 0.053125 0.08125
0 0.46953125 0.0375 0.040625 0.05
3 0.503125 0.05546875 0.05 0.0625
0 0.52578125 0.09921875 0.0609375 0.071875
3 0.54453125 0.05703125 0.0515625 0.0640625
0 0.57421875 0.10078125 0.059375 0.0640625
3 0.56875 0.1515625 0.0609375 0.0671875
3 0.5234375 0.15234375 0.05625 0.06875
3 0.5359375 0.20078125 0.06875 0.0953125
3 0.49375 0.2109375 0.0625 0.090625
3 0.48046875 0.1578125 0.0703125 0.0984375
3 0.4265625 0.15 0.075 0.0953125
3 0.35859375 0.18046875 0.0828125 0.090625
3 0.19765625 0.2984375 0.06875 0.0875
3 0.24765625 0.27265625 0.0796875 0.1015625
0 0.32265625 0.25390625 0.084375 0.09375
0 0.3875 0.2375 0.08125 0.0984375
0 0.4390625 0.22890625 0.0625 0.065625
0 0.68984375 0.30390625 0.0796875 0.1
0 0.6375 0.30390625 0.078125 0.096875
3 0.52890625 0.30546875 0.078125 0.1
3 0.5765625 0.284375 0.0796875 0.115625
0 0.4640625 0.34765625 0.0890625 0.1078125
3 0.4 0.33828125 0.0859375 0.1328125
3 0.34453125 0.3390625 0.0890625 0.1578125
3 0.2875 0.36640625 0.09375 0.1421875
3 0.2328125 0.37890625 0.090625 0.146875
0 0.18125 0.40234375 0.0859375 0.1171875
3 0.465625 0.43671875 0.1015625 0.134375
3 0.55546875 0.428125 0.0953125 0.128125
3 0.62109375 0.41484375 0.1125 0.1828125
3 0.6953125 0.41875 0.10625 0.175
3 0.7515625 0.41796875 0.0875 0.1578125
3 0.8265625 0.57890625 0.1359375 0.16875
3 0.6109375 0.59140625 0.13125 0.2265625
3 0.5015625 0.5953125 0.1078125 0.1765625
3 0.42109375 0.61640625 0.10625 0.1640625
3 0.34296875 0.60703125 0.1171875 0.1984375
3 0.27421875 0.6140625 0.1140625 0.196875
3 0.98046875 0.68671875 0.0390625 0.1265625
3 0.90703125 0.503125 0.09375 0.103125
3 0.96015625 0.50703125 0.0734375 0.121875
3 0.796875 0.32890625 0.0703125 0.121875
3 0.846875 0.325 0.0671875 0.109375
3 0.74609375 0.25078125 0.06875 0.09375
0 0.7953125 0.25625 0.059375 0.065625
3 0.7359375 0.175 0.0546875 0.090625
3 0.70859375 0.18359375 0.059375 0.0875
3 0.703125 0.134375 0.040625 0.0609375
3 0.67265625 0.13125 0.059375 0.078125
0 0.665625 0.10234375 0.053125 0.0625
3 0.6296875 0.0625 0.046875 0.0625
3 0.603125 0.04140625 0.034375 0.046875
3 0.578125 0.0390625 0.0421875 0.0609375
1 0.31484375 0.0890625 0.025 0.034375
1 0.30546875 0.05234375 0.021875 0.03125
1 0.33515625 0.0453125 0.0203125 0.0328125
1 0.35390625 0.065625 0.0234375 0.0390625
1 0.35625 0.0984375 0.0265625 0.040625
2 0.4 0.08359375 0.021875 0.0328125
1 0.3921875 0.05546875 0.025 0.0375
1 0.36953125 0.0328125 0.0203125 0.03125
1 0.4046875 0.0359375 0.021875 0.03125
1 0.43984375 0.03125 0.0203125 0.03125
1 0.44453125 0.09296875 0.025 0.0390625
1 0.45390625 0.13046875 0.028125 0.025
2 0.47421875 0.0609375 0.025 0.040625
1 0.47109375 0.0359375 0.0203125 0.03125
1 0.5265625 0.0875 0.0265625 0.0421875
1 0.51015625 0.05 0.021875 0.0359375
1 0.55 0.05390625 0.021875 0.0359375
1 0.571875 0.08828125 0.0234375 0.0375
1 0.5796875 0.1390625 0.028125 0.040625
1 0.53125 0.13828125 0.0265625 0.04375
1 0.48671875 0.1359375 0.028125 0.0484375
2 0.4203125 0.1359375 0.034375 0.05
1 0.35234375 0.1625 0.03125 0.046875
1 0.1875 0.28828125 0.0328125 0.0484375
1 0.24609375 0.2484375 0.0328125 0.0484375
1 0.32109375 0.2453125 0.03125 0.0484375
1 0.38125 0.22578125 0.034375 0.0484375
1 0.440625 0.22421875 0.03125 0.0453125
1 0.5 0.1953125 0.03125 0.05
1 0.52578125 0.18828125 0.03125 0.05
1 0.6921875 0.29921875 0.0328125 0.053125
1 0.64921875 0.28828125 0.0375 0.059375
1 0.57734375 0.25546875 0.034375 0.0546875
1 0.53515625 0.290625 0.0359375 0.05625
1 0.453125 0.340625 0.0390625 0.0609375
1 0.28203125 0.32890625 0.0390625 0.065625
1 0.2140625 0.3453125 0.0421875 0.0640625
1 0.1734375 0.3921875 0.0359375 0.0546875
1 0.74765625 0.37890625 0.040625 0.06875
1 0.69921875 0.375 0.0484375 0.078125
1 0.6234375 0.3703125 0.0484375 0.078125
1 0.5546875 0.40625 0.0484375 0.075
1 0.459375 0.4125 0.0484375 0.06875
1 0.8390625 0.55078125 0.046875 0.0765625
2 0.60390625 0.5234375 0.053125 0.0859375
1 0.49140625 0.5578125 0.0515625 0.078125
2 0.409375 0.58046875 0.0578125 0.0921875
1 0.325 0.56015625 0.05 0.0875
2 0.253125 0.56484375 0.053125 0.0828125
1 0.96640625 0.48046875 0.034375 0.0578125
1 0.9265625 0.4765625 0.0359375 0.0578125
1 0.80078125 0.2984375 0.03125 0.05
2 0.846875 0.2921875 0.03125 0.0484375
1 0.75625 0.23359375 0.03125 0.0484375
1 0.80625 0.25234375 0.03125 0.0484375
1 0.709375 0.1703125 0.0265625 0.040625
1 0.73828125 0.1515625 0.028125 0.046875
1 0.675 0.11484375 0.025 0.0390625
1 0.70546875 0.13203125 0.0265625 0.0421875
1 0.665625 0.09140625 0.025 0.0328125
1 0.634375 0.053125 0.021875 0.0328125
1 0.60546875 0.02890625 0.01875 0.0265625
1 0.58046875 0.03203125 0.0203125 0.03125