1 0.01640625 0.55625 0.03125 0.0578125
3 0.03671875 0.5875 0.0734375 0.14375
1 0.1578125 0.22890625 0.01875 0.0421875
3 0.165625 0.24375 0.0515625 0.0828125
1 0.165625 0.19140625 0.0171875 0.0296875
3 0.1703125 0.19765625 0.0328125 0.05625
1 0.19296875 0.18203125 0.0171875 0.0359375
3 0.2015625 0.1953125 0.0421875 0.0609375
1 0.2140625 0.1203125 0.015625 0.03125
3 0.209375 0.13515625 0.0390625 0.0703125
1 0.26640625 0.0703125 0.0171875 0.0296875
0 0.275 0.07578125 0.0359375 0.0453125
1 0.33828125 0.02578125 0.0140625 0.021875
3 0.33046875 0.0625 0.0375 0.05625
3 0.30234375 0.0984375 0.0421875 0.0625
3 0.39140625 0.0984375 0.046875 0.0609375
3 0.36875 0.0515625 0.0328125 0.05625
3 0.30703125 0.14921875 0.046875 0.0796875
3 0.3546875 0.140625 0.0515625 0.0828125
0 0.396875 0.1515625 0.0421875 0.0515625
3 0.4515625 0.1515625 0.065625 0.08125
3 0.40390625 0.053125 0.0421875 0.0546875
0 0.43984375 0.05390625 0.034375 0.0484375
3 0.43515625 0.0265625 0.0359375 0.05
3 0.46640625 0.02890625 0.03125 0.0546875
3 0.47890625 0.053125 0.0421875 0.0609375
3 0.47421875 0.08359375 0.04375 0.0703125
3 0.5171875 0.0546875 0.0375 0.0609375
3 0.5015625 0.02734375 0.03125 0.0546875
3 0.5078125 0.09296875 0.040625 0.0609375
3 0.53828125 0.03203125 0.0296875 0.0421875
3 0.55390625 0.0953125 0.040625 0.059375
3 0.565625 0.04140625 0.0375 0.0484375
0 0.6 0.04921875 0.03125 0.0453125
3 0.59453125 0.09609375 0.0390625 0.0765625
0 0.5796875 0.0765625 0.028125 0.0453125
3 0.62734375 0.07578125 0.040625 0.05625
0 0.63515625 0.12265625 0.0484375 0.0625
0 0.68125 0.1359375 0.0484375 0.0515625
3 0.665625 0.0875 0.0390625 0.0515625
3 0.6625 0.18515625 0.0515625 0.0578125
3 0.621875 0.16328125 0.040625 0.0703125
3 0.575 0.1671875 0.0515625 0.0875
3 0.528125 0.14375 0.0609375 0.0828125
3 0.2640625 0.22265625 0.053125 0.0828125
3 0.31953125 0.2125 0.0625 0.0953125
0 0.39765625 0.21484375 0.0703125 0.08125
0 0.4640625 0.2171875 0.0625 0.0859375
3 0.51640625 0.21640625 0.0515625 0.0859375
3 0.575 0.22109375 0.0484375 0.084375
3 0.61484375 0.23203125 0.0484375 0.0859375
0 0.7390625 0.3640625 0.0609375 0.0890625
3 0.68671875 0.34765625 0.05625 0.0921875
3 0.63515625 0.32265625 0.059375 0.1125
3 0.58125 0.32109375 0.0609375 0.0828125
0 0.50625 0.34296875 0.071875 0.09375
3 0.44765625 0.3171875 0.0625 0.1296875
3 0.3921875 0.30234375 0.0640625 0.153125
3 0.33359375 0.31015625 0.065625 0.1375
3 0.2765625 0.3109375 0.0640625 0.13125
0 0.22109375 0.3171875 0.0640625 0.103125
1 0.21640625 0.3046875 0.0265625 0.046875
3 0.48671875 0.42109375 0.078125 0.1328125
3 0.57109375 0.44609375 0.075 0.121875
3 0.63984375 0.44765625 0.0765625 0.153125
1 0.725 0.43828125 0.0328125 0.0703125
3 0.709375 0.47890625 0.078125 0.1578125
3 0.7640625 0.48828125 0.05625 0.15
3 0.7921875 0.66171875 0.1 0.153125
3 0.57421875 0.63125 0.096875 0.1828125
3 0.475 0.58984375 0.08125 0.159375
3 0.39140625 0.58984375 0.0765625 0.15625
3 0.309375 0.56640625 0.0796875 0.171875
3 0.24921875 0.54765625 0.071875 0.1859375
1 0.97109375 0.821875 0.028125 0.0625
3 0.94375 0.82265625 0.0875 0.121875
3 0.9390625 0.63359375 0.059375 0.121875
3 0.88828125 0.58125 0.065625 0.159375
3 0.8359375 0.39296875 0.05625 0.103125
3 0.88125 0.42890625 0.05 0.09375
3 0.80703125 0.32890625 0.053125 0.090625
3 0.84765625 0.33046875 0.04375 0.090625
3 0.7875 0.25390625 0.04375 0.0765625
3 0.8234375 0.26640625 0.04375 0.075
3 0.7671875 0.19609375 0.0421875 0.0703125
3 0.79453125 0.2046875 0.0328125 0.05
0 0.7703125 0.16328125 0.040625 0.05625
3 0.7484375 0.115625 0.0359375 0.0515625
3 0.70234375 0.08359375 0.03125 0.05
3 0.72578125 0.08828125 0.0265625 0.0421875
3 0.3484375 0.08828125 0.0359375 0.071875
1 0.30859375 0.08671875 0.0171875 0.0359375
1 0.334375 0.05 0.015625 0.0296875
1 0.34765625 0.0734375 0.01875 0.0375
1 0.36875 0.046875 0.015625 0.0359375
1 0.396875 0.0828125 0.01875 0.03125
1 0.40546875 0.04609375 0.015625 0.03125
1 0.434375 0.05390625 0.01875 0.03125
1 0.43671875 0.015625 0.0140625 0.0296875
1 0.46796875 0.01640625 0.0140625 0.0296875
1 0.47890625 0.04140625 0.015625 0.0328125
1 0.47421875 0.06796875 0.01875 0.0359375
1 0.50546875 0.0140625 0.015625 0.0265625
1 0.5171875 0.04140625 0.0171875 0.034375
1 0.53515625 0.028125 0.015625 0.0265625
1 0.55546875 0.0890625 0.0171875 0.03125
1 0.5703125 0.0328125 0.0140625 0.028125
1 0.60078125 0.0453125 0.0140625 0.0296875
1 0.5984375 0.07890625 0.01875 0.0390625
1 0.63828125 0.1109375 0.01875 0.034375
1 0.63515625 0.0671875 0.0171875 0.03125
1 0.66328125 0.0796875 0.015625 0.03125
1 0.68515625 0.12421875 0.0171875 0.03125
1 0.67734375 0.17421875 0.021875 0.034375
1 0.628125 0.1515625 0.01875 0.04375
1 0.5859375 0.14609375 0.01875 0.04375
1 0.53203125 0.13125 0.021875 0.046875
1 0.45390625 0.1296875 0.0203125 0.0421875
1 0.39765625 0.146875 0.021875 0.0390625
1 0.35703125 0.12578125 0.021875 0.04375
1 0.30703125 0.1328125 0.01875 0.040625
1 0.30546875 0.17890625 0.01875 0.0203125
1 0.25859375 0.209375 0.025 0.0421875
1 0.325 0.18828125 0.025 0.05
1 0.4 0.20703125 0.025 0.0453125
1 0.4609375 0.2125 0.0265625 0.05
1 0.51484375 0.19375 0.0203125 0.04375
1 0.5859375 0.20234375 0.0234375 0.04375
1 0.6109375 0.209375 0.0234375 0.0453125
1 0.7390625 0.3625 0.0234375 0.0484375
1 0.69921875 0.3359375 0.025 0.0515625
1 0.64609375 0.29609375 0.0234375 0.046875
1 0.49921875 0.33515625 0.028125 0.05625
1 0.5890625 0.309375 0.0265625 0.05
1 0.39765625 0.26484375 0.028125 0.0625
2 0.3375 0.27265625 0.0265625 0.0578125
1 0.2671875 0.27265625 0.0296875 0.05625
2 0.24375 0.496875 0.0359375 0.0765625
2 0.390625 0.5515625 0.040625 0.084375
1 0.471875 0.54609375 0.034375 0.0703125
1 0.58671875 0.575 0.0375 0.0703125
1 0.815625 0.621875 0.0390625 0.0703125
2 0.90234375 0.53203125 0.021875 0.0625
1 0.953125 0.609375 0.0234375 0.0515625
2 0.840625 0.36875 0.0203125 0.05
1 0.89296875 0.40703125 0.021875 0.0484375
1 0.8578125 0.30546875 0.0234375 0.0453125
1 0.821875 0.3171875 0.0234375 0.0453125
1 0.83359375 0.2515625 0.021875 0.040625
1 0.79296875 0.24140625 0.01875 0.040625
1 0.79765625 0.20390625 0.0171875 0.0375
1 0.771875 0.18359375 0.0171875 0.03125
1 0.771875 0.15234375 0.01875 0.034375
1 0.7515625 0.10859375 0.015625 0.03125
1 0.73125 0.07890625 0.0140625 0.025
1 0.70625 0.071875 0.015625 0.028125
1 0.771875 0.44453125 0.028125 0.0578125
1 0.6515625 0.4109375 0.034375 0.0625
1 0.57890625 0.42109375 0.034375 0.0671875
1 0.4859375 0.3921875 0.0328125 0.0671875