1 0.0265625 0.6140625 0.034375 0.059375
3 0.04921875 0.64453125 0.0828125 0.146875
1 0.13203125 0.2625 0.021875 0.0421875
3 0.13671875 0.2859375 0.0546875 0.09375
1 0.13046875 0.234375 0.01875 0.03125
0 0.13515625 0.23671875 0.0359375 0.053125
1 0.15625 0.221875 0.01875 0.0375
3 0.1671875 0.234375 0.0453125 0.0640625
2 0.165625 0.15 0.0171875 0.0328125
3 0.1671875 0.171875 0.0421875 0.071875
1 0.215625 0.10234375 0.01875 0.03125
0 0.22421875 0.10390625 0.0390625 0.046875
1 0.28203125 0.0515625 0.015625 0.0203125
3 0.27890625 0.08671875 0.040625 0.0578125
3 0.2546875 0.12578125 0.0453125 0.0640625
3 0.34375 0.11484375 0.05 0.0640625
3 0.31328125 0.075 0.040625 0.0578125
3 0.265625 0.17578125 0.0515625 0.0828125
3 0.31171875 0.1609375 0.05625 0.084375
0 0.35546875 0.16640625 0.0421875 0.0546875
3 0.4109375 0.1609375 0.0703125 0.0828125
3 0.34921875 0.0671875 0.04375 0.059375
0 0.3859375 0.06484375 0.0375 0.05
3 0.3796875 0.03671875 0.0375 0.05625
3 0.409375 0.0375 0.0328125 0.053125
3 0.42265625 0.06171875 0.0453125 0.0640625
3 0.4234375 0.0921875 0.046875 0.071875
3 0.46171875 0.0578125 0.040625 0.0703125
3 0.44375 0.03046875 0.0328125 0.0546875
3 0.46015625 0.0953125 0.04375 0.0625
3 0.48125 0.03125 0.0328125 0.04375
3 0.5046875 0.09453125 0.04375 0.059375
0 0.50703125 0.04140625 0.034375 0.0390625
0 0.54453125 0.03828125 0.034375 0.046875
3 0.57109375 0.0609375 0.0390625 0.0671875
0 0.58828125 0.10859375 0.0515625 0.0640625
0 0.6359375 0.11640625 0.0515625 0.053125
3 0.61484375 0.06953125 0.0421875 0.053125
3 0.6234375 0.16796875 0.053125 0.059375
3 0.58046875 0.15703125 0.04375 0.071875
3 0.53359375 0.1609375 0.05625 0.0890625
3 0.484375 0.14296875 0.0640625 0.0859375
3 0.2296875 0.25390625 0.0515625 0.0765625
3 0.28359375 0.23671875 0.0671875 0.0921875
0 0.36328125 0.2296875 0.075 0.0859375
0 0.4296875 0.22421875 0.0671875 0.0890625
3 0.47890625 0.21640625 0.05625 0.090625
3 0.540625 0.2140625 0.0515625 0.08125
3 0.5796875 0.22265625 0.0515625 0.08125
0 0.72109375 0.3359375 0.065625 0.0921875
3 0.6671875 0.32578125 0.0640625 0.1
0 0.6140625 0.32734375 0.0625 0.0796875
3 0.55703125 0.31328125 0.0671875 0.0921875
0 0.48671875 0.34375 0.075 0.096875
3 0.42578125 0.3234375 0.06875 0.128125
3 0.36796875 0.3171875 0.071875 0.15
3 0.315625 0.30859375 0.065625 0.1203125
3 0.25546875 0.3140625 0.06875 0.1546875
0 0.20078125 0.353125 0.06875 0.10625
1 0.19453125 0.334375 0.028125 0.046875
3 0.478125 0.4328125 0.0828125 0.125
3 0.5640625 0.43828125 0.08125 0.125
3 0.6328125 0.43203125 0.0890625 0.18125
1 0.71328125 0.409375 0.034375 0.0734375
3 0.70234375 0.4484375 0.0859375 0.159375
3 0.76328125 0.45546875 0.0703125 0.15
3 0.81171875 0.61640625 0.1078125 0.15625
3 0.58984375 0.621875 0.10625 0.1875
3 0.4828125 0.58203125 0.0984375 0.1953125
3 0.40546875 0.584375 0.0921875 0.1671875
3 0.31875 0.58515625 0.0875 0.178125
3 0.25625 0.58125 0.084375 0.1859375
1 0.9953125 0.7625 0.009375 0.0625
3 0.96640625 0.765625 0.0671875 0.1125
3 0.953125 0.57890625 0.0625 0.1234375
3 0.9015625 0.56640625 0.084375 0.096875
3 0.821875 0.375 0.0609375 0.109375
3 0.86953125 0.37265625 0.053125 0.109375
3 0.78359375 0.2921875 0.0578125 0.0921875
0 0.82578125 0.3015625 0.05625 0.0734375
3 0.75546875 0.2203125 0.0484375 0.0796875
3 0.7921875 0.22890625 0.046875 0.0765625
3 0.728125 0.16484375 0.0453125 0.0734375
3 0.75625 0.17421875 0.034375 0.0578125
0 0.72734375 0.1328125 0.04375 0.0578125
3 0.7 0.08671875 0.0375 0.053125
3 0.65 0.06171875 0.034375 0.0515625
3 0.67265625 0.0640625 0.028125 0.0421875
0 0.29453125 0.12265625 0.0390625 0.046875
3 0.54609375 0.0953125 0.040625 0.0640625
3 0.53046875 0.05390625 0.0453125 0.0734375
1 0.27734375 0.0734375 0.0171875 0.0296875
1 0.259375 0.11328125 0.0171875 0.0359375
1 0.29140625 0.121875 0.0203125 0.034375
1 0.31484375 0.06640625 0.01875 0.0375
1 0.34609375 0.09765625 0.0203125 0.03125
1 0.34765625 0.059375 0.0203125 0.03125
1 0.26328125 0.15859375 0.021875 0.040625
1 0.31171875 0.1453125 0.021875 0.0453125
1 0.35546875 0.16328125 0.021875 0.0375
1 0.378125 0.0640625 0.0203125 0.03125
1 0.3796875 0.025 0.0171875 0.0296875
1 0.409375 0.025 0.015625 0.0296875
1 0.42578125 0.04765625 0.0203125 0.0328125
1 0.44609375 0.0171875 0.0171875 0.028125
1 0.46171875 0.04296875 0.01875 0.0359375
1 0.478125 0.02421875 0.015625 0.03125
1 0.421875 0.07421875 0.01875 0.034375
1 0.5140625 0.0359375 0.015625 0.028125
1 0.5078125 0.08984375 0.01875 0.0328125
2 0.5296875 0.03828125 0.0171875 0.0359375
1 0.54765625 0.0796875 0.0203125 0.0328125
1 0.57734375 0.0453125 0.01875 0.0328125
1 0.4875 0.13125 0.0234375 0.0484375
1 0.54375 0.13828125 0.0203125 0.0421875
1 0.58125 0.1359375 0.021875 0.0390625
1 0.590625 0.096875 0.021875 0.0390625
1 0.6109375 0.06328125 0.01875 0.03125
1 0.6375 0.1046875 0.0203125 0.0328125
1 0.6359375 0.1546875 0.021875 0.0359375
1 0.584375 0.20859375 0.0265625 0.0453125
1 0.55 0.2 0.025 0.0453125
1 0.4796875 0.19375 0.0234375 0.046875
1 0.425 0.2109375 0.0296875 0.05
1 0.36328125 0.221875 0.028125 0.046875
1 0.2875 0.2140625 0.025 0.0453125
1 0.228125 0.24140625 0.025 0.0453125
2 0.2484375 0.26953125 0.0265625 0.0578125
1 0.30625 0.284375 0.0296875 0.0625
1 0.3734375 0.278125 0.03125 0.0625
1 0.4796875 0.3359375 0.03125 0.0578125
1 0.5640625 0.29765625 0.025 0.05
1 0.62265625 0.3140625 0.028125 0.05
1 0.68125 0.3015625 0.0265625 0.05625
1 0.72109375 0.3359375 0.0265625 0.0515625
1 0.7625 0.41484375 0.03125 0.065625
1 0.72578125 0.51171875 0.05 0.05625
2 0.6375 0.38125 0.0359375 0.0765625
1 0.5640625 0.4109375 0.0390625 0.06875
1 0.4796875 0.40703125 0.0359375 0.0625
2 0.24609375 0.528125 0.034375 0.0765625
2 0.325 0.5453125 0.04375 0.0859375
1 0.396875 0.540625 0.0375 0.071875
2 0.47578125 0.5328125 0.04375 0.084375
1 0.59453125 0.56640625 0.04375 0.071875
1 0.82734375 0.57890625 0.040625 0.071875
1 0.92421875 0.5453125 0.0265625 0.0578125
1 0.965625 0.55234375 0.025 0.0515625
2 0.8703125 0.34765625 0.0234375 0.05
1 0.8296875 0.34921875 0.0265625 0.0484375
1 0.8375 0.29140625 0.0265625 0.046875
1 0.7984375 0.27890625 0.0234375 0.0453125
1 0.80078125 0.2125 0.0234375 0.0421875
1 0.75859375 0.2078125 0.021875 0.040625
1 0.7328125 0.15078125 0.01875 0.03125
1 0.759375 0.16953125 0.0203125 0.034375
1 0.73046875 0.12109375 0.0203125 0.0328125
1 0.70234375 0.0796875 0.0171875 0.03125
1 0.65390625 0.05078125 0.015625 0.0265625
1 0.67734375 0.05234375 0.015625 0.0265625