1 0.03671875 0.65078125 0.0296875 0.05625
3 0.05859375 0.6609375 0.078125 0.1390625
3 0.13359375 0.29375 0.053125 0.103125
0 0.1578125 0.24609375 0.046875 0.05
1 0.15390625 0.1703125 0.01875 0.034375
3 0.15546875 0.1828125 0.04375 0.06875
3 0.21171875 0.12109375 0.0421875 0.053125
3 0.26796875 0.0671875 0.0484375 0.0484375
3 0.2640625 0.09453125 0.0421875 0.0609375
3 0.24375 0.13359375 0.0515625 0.06875
0 0.28203125 0.1296875 0.0453125 0.0484375
3 0.29921875 0.0859375 0.0453125 0.065625
3 0.33359375 0.0765625 0.0453125 0.0609375
3 0.33046875 0.12265625 0.05 0.0703125
3 0.3625 0.04140625 0.0390625 0.05625
3 0.39296875 0.040625 0.0328125 0.0515625
0 0.37109375 0.06875 0.0375 0.05
3 0.43046875 0.0359375 0.040625 0.0625
3 0.409375 0.08984375 0.05625 0.0859375
3 0.44921875 0.05859375 0.0453125 0.071875
3 0.45390625 0.09140625 0.0453125 0.0765625
3 0.46640625 0.03203125 0.0296875 0.05
3 0.48984375 0.08828125 0.0484375 0.0828125
3 0.49296875 0.03671875 0.0390625 0.053125
3 0.515625 0.06015625 0.046875 0.06875
3 0.53359375 0.0984375 0.05 0.0703125
3 0.53203125 0.03671875 0.03125 0.0546875
3 0.55703125 0.06015625 0.04375 0.059375
3 0.57421875 0.1046875 0.05 0.0703125
0 0.60078125 0.0734375 0.04375 0.053125
3 0.62265625 0.11171875 0.0546875 0.059375
3 0.6109375 0.16015625 0.0546875 0.06875
3 0.56875 0.15703125 0.0453125 0.065625
3 0.521875 0.159375 0.059375 0.09375
3 0.47265625 0.14765625 0.0671875 0.0875
3 0.57109375 0.21953125 0.053125 0.0828125
3 0.5296875 0.21328125 0.053125 0.0859375
3 0.47265625 0.22265625 0.0578125 0.075
0 0.4203125 0.22421875 0.06875 0.090625
0 0.35390625 0.234375 0.078125 0.090625
3 0.4 0.165625 0.071875 0.0875
3 0.346875 0.171875 0.0484375 0.059375
3 0.30390625 0.17734375 0.059375 0.08125
3 0.25390625 0.1828125 0.0578125 0.0765625
0 0.1984375 0.36484375 0.078125 0.109375
3 0.22109375 0.26328125 0.0515625 0.0765625
3 0.25 0.31015625 0.0703125 0.14375
3 0.27734375 0.24296875 0.0671875 0.1
3 0.3140625 0.30625 0.071875 0.1484375
3 0.3640625 0.3328125 0.0796875 0.1421875
3 0.421875 0.3265625 0.0734375 0.134375
0 0.48203125 0.3453125 0.0796875 0.1015625
3 0.553125 0.315625 0.0703125 0.0875
0 0.609375 0.3265625 0.065625 0.0828125
3 0.66328125 0.3203125 0.06875 0.090625
0 0.7125 0.3296875 0.06875 0.0953125
3 0.7640625 0.4578125 0.075 0.1421875
3 0.7015625 0.44296875 0.0890625 0.159375
3 0.63125 0.43203125 0.090625 0.1765625
3 0.5671875 0.434375 0.0875 0.1234375
3 0.48046875 0.42421875 0.096875 0.128125
3 0.8109375 0.59140625 0.1125 0.165625
3 0.59375 0.6171875 0.115625 0.1921875
3 0.48828125 0.5859375 0.0875 0.1515625
3 0.4109375 0.59375 0.0953125 0.153125
3 0.2640625 0.603125 0.0875 0.1625
3 0.328125 0.58984375 0.1015625 0.190625
1 0.1890625 0.353125 0.028125 0.0484375
3 0.9703125 0.75078125 0.059375 0.1140625
3 0.91171875 0.56640625 0.0828125 0.1484375
3 0.95859375 0.56328125 0.0609375 0.125
3 0.81875 0.3640625 0.0609375 0.0984375
3 0.8640625 0.36484375 0.0546875 0.109375
3 0.7765625 0.2828125 0.0609375 0.0953125
0 0.81015625 0.29140625 0.0359375 0.0609375
3 0.78359375 0.21875 0.0484375 0.078125
3 0.74609375 0.21640625 0.053125 0.084375
3 0.71640625 0.15625 0.0515625 0.0734375
3 0.74609375 0.165625 0.034375 0.059375
0 0.7140625 0.12421875 0.0453125 0.0578125
3 0.684375 0.08046875 0.040625 0.0578125
3 0.66015625 0.05859375 0.0328125 0.046875
3 0.63359375 0.05234375 0.0328125 0.046875
1 0.1234375 0.27109375 0.025 0.0515625
1 0.14609375 0.24765625 0.0234375 0.0375
1 0.20546875 0.1140625 0.0203125 0.0328125
1 0.2671875 0.05703125 0.01875 0.028125
1 0.265625 0.08203125 0.0203125 0.0328125
1 0.2453125 0.12109375 0.0203125 0.040625
1 0.278125 0.13046875 0.0203125 0.034375
1 0.2984375 0.07265625 0.01875 0.0359375
1 0.3296875 0.0671875 0.01875 0.0328125
1 0.33203125 0.1078125 0.021875 0.0359375
1 0.3609375 0.03125 0.0171875 0.03125
1 0.365625 0.06875 0.021875 0.0296875
1 0.3921875 0.02890625 0.0171875 0.0265625
2 0.4109375 0.0734375 0.021875 0.040625
2 0.4515625 0.071875 0.0203125 0.03125
1 0.45 0.040625 0.01875 0.0328125
1 0.4375 0.02265625 0.0203125 0.03125
2 0.4875 0.0671875 0.021875 0.0375
1 0.4609375 0.0234375 0.0171875 0.0328125
1 0.49609375 0.02734375 0.015625 0.03125
2 0.51875 0.0453125 0.0171875 0.03125
1 0.53515625 0.08359375 0.021875 0.0359375
1 0.52734375 0.02890625 0.01875 0.0328125
1 0.5625 0.05078125 0.021875 0.0328125
1 0.578125 0.090625 0.021875 0.0390625
1 0.603125 0.065625 0.0203125 0.0328125
1 0.62421875 0.1 0.021875 0.0359375
1 0.58046875 0.12890625 0.015625 0.0203125
1 0.62109375 0.146875 0.025 0.0375
1 0.571875 0.14453125 0.021875 0.0375
1 0.53125 0.1375 0.0234375 0.0453125
1 0.47421875 0.13046875 0.0265625 0.046875
1 0.39921875 0.14453125 0.025 0.046875
1 0.34140625 0.1640625 0.025 0.040625
1 0.3046875 0.1625 0.025 0.0453125
1 0.24921875 0.17109375 0.0234375 0.0421875
1 0.21953125 0.2515625 0.0265625 0.04375
1 0.2765625 0.21796875 0.0265625 0.046875
1 0.35078125 0.22734375 0.0296875 0.046875
1 0.4140625 0.21328125 0.028125 0.046875
1 0.4234375 0.2640625 0.0328125 0.0390625
1 0.47265625 0.21171875 0.0265625 0.046875
1 0.53359375 0.19921875 0.028125 0.046875
1 0.5765625 0.20390625 0.0296875 0.0484375
1 0.715625 0.32421875 0.0296875 0.053125
1 0.67734375 0.30703125 0.0296875 0.053125
1 0.61015625 0.3140625 0.028125 0.0484375
1 0.56015625 0.29765625 0.03125 0.0515625
1 0.475 0.33359375 0.0359375 0.0625
1 0.41875 0.2921875 0.0359375 0.0671875
1 0.30546875 0.26640625 0.03125 0.0609375
2 0.2453125 0.2734375 0.028125 0.0609375
1 0.46796875 0.41484375 0.0390625 0.0625
1 0.575 0.41875 0.04375 0.075
1 0.6390625 0.38671875 0.040625 0.071875
2 0.70859375 0.40234375 0.040625 0.0765625
1 0.76640625 0.42109375 0.034375 0.0625
2 0.83671875 0.55078125 0.04375 0.084375
1 0.5953125 0.559375 0.040625 0.075
1 0.478125 0.55546875 0.0421875 0.078125
1 0.39765625 0.5625 0.040625 0.071875
1 0.31875 0.5515625 0.0421875 0.0828125
1 0.25 0.56328125 0.0421875 0.071875
1 0.928125 0.52265625 0.0296875 0.0578125
1 0.96640625 0.53125 0.025 0.0578125
1 0.82578125 0.33984375 0.025 0.046875
1 0.86875 0.3359375 0.025 0.05
1 0.8140625 0.296875 0.025 0.0453125
1 0.79140625 0.28125 0.028125 0.0515625
1 0.790625 0.2015625 0.025 0.0421875
1 0.74921875 0.1984375 0.0234375 0.0421875
1 0.7484375 0.1609375 0.021875 0.0390625
1 0.721875 0.13984375 0.021875 0.040625
1 0.71796875 0.11328125 0.0203125 0.0328125
1 0.68515625 0.07265625 0.0171875 0.0328125
1 0.665625 0.05078125 0.0171875 0.03125
1 0.6359375 0.04375 0.015625 0.0265625