1 0.05078125 0.6859375 0.0421875 0.0625
3 0.07734375 0.71328125 0.103125 0.153125
1 0.09921875 0.32265625 0.028125 0.04375
3 0.1078125 0.34609375 0.0671875 0.1
1 0.09375 0.290625 0.0234375 0.034375
0 0.09921875 0.296875 0.0421875 0.05625
1 0.1171875 0.27890625 0.025 0.0390625
3 0.1296875 0.28984375 0.053125 0.06875
1 0.11640625 0.21484375 0.021875 0.034375
3 0.11953125 0.22734375 0.0515625 0.075
1 0.15703125 0.1515625 0.021875 0.0328125
0 0.165625 0.15078125 0.0453125 0.0515625
1 0.21484375 0.09140625 0.01875 0.021875
3 0.2171875 0.12578125 0.046875 0.0625
3 0.2015625 0.16875 0.0546875 0.06875
3 0.2859375 0.1453125 0.0578125 0.06875
3 0.2484375 0.10859375 0.046875 0.0625
3 0.2171875 0.21640625 0.0625 0.0875
3 0.26484375 0.20234375 0.0671875 0.0875
0 0.30546875 0.19375 0.05 0.059375
3 0.35859375 0.1796875 0.08125 0.090625
3 0.284375 0.0953125 0.0546875 0.065625
0 0.3203125 0.08828125 0.04375 0.053125
3 0.30859375 0.06171875 0.0453125 0.059375
3 0.33828125 0.05703125 0.040625 0.05625
3 0.35625 0.078125 0.053125 0.0671875
3 0.36015625 0.103125 0.05625 0.0765625
3 0.39375 0.06953125 0.05 0.075
3 0.37265625 0.04375 0.040625 0.0578125
3 0.40390625 0.1046875 0.053125 0.0703125
3 0.4078125 0.03984375 0.0375 0.046875
3 0.44140625 0.09609375 0.0515625 0.0640625
3 0.4359375 0.0421875 0.04375 0.0515625
0 0.47421875 0.04140625 0.0375 0.05
3 0.5015625 0.05546875 0.05 0.071875
0 0.52578125 0.1 0.0609375 0.0703125
0 0.57421875 0.10078125 0.0578125 0.059375
3 0.54375 0.0578125 0.04375 0.05625
3 0.56875 0.14921875 0.0625 0.06875
3 0.5265625 0.1484375 0.0546875 0.0765625
3 0.48046875 0.159375 0.06875 0.0953125
3 0.4296875 0.15390625 0.075 0.0921875
3 0.19375 0.29921875 0.0609375 0.08125
3 0.24453125 0.2734375 0.078125 0.0984375
0 0.32265625 0.2546875 0.0859375 0.09375
0 0.3875 0.23828125 0.078125 0.0953125
3 0.4359375 0.2265625 0.0640625 0.084375
3 0.49609375 0.21328125 0.0703125 0.1140625
3 0.5359375 0.21328125 0.0625 0.0859375
0 0.6921875 0.303125 0.0765625 0.0984375
3 0.63828125 0.30234375 0.071875 0.090625
0 0.58671875 0.3140625 0.0734375 0.090625
3 0.52890625 0.30703125 0.078125 0.1015625
0 0.46328125 0.346875 0.0875 0.1046875
3 0.3984375 0.3375 0.090625 0.140625
3 0.340625 0.33984375 0.09375 0.15625
3 0.28984375 0.328125 0.0859375 0.1453125
3 0.23046875 0.346875 0.090625 0.1546875
0 0.18203125 0.40078125 0.0875 0.1125
1 0.175 0.3921875 0.034375 0.05
3 0.46484375 0.42421875 0.103125 0.1484375
3 0.55390625 0.42890625 0.0984375 0.1328125
3 0.62109375 0.4140625 0.1125 0.1828125
2 0.69296875 0.36796875 0.0453125 0.0765625
3 0.69140625 0.41171875 0.10625 0.16875
3 0.753125 0.41484375 0.090625 0.159375
3 0.8265625 0.565625 0.128125 0.1671875
3 0.6078125 0.60625 0.13125 0.196875
3 0.496875 0.596875 0.1125 0.1515625
3 0.421875 0.61015625 0.109375 0.1515625
3 0.346875 0.634375 0.128125 0.221875
3 0.2765625 0.62578125 0.1046875 0.1796875
3 0.97890625 0.68671875 0.0421875 0.1265625
3 0.96171875 0.5078125 0.0765625 0.128125
3 0.90703125 0.503125 0.096875 0.10625
3 0.79765625 0.32109375 0.071875 0.1046875
3 0.84453125 0.31796875 0.065625 0.1046875
3 0.74765625 0.25078125 0.0703125 0.0984375
0 0.790625 0.25234375 0.065625 0.0796875
3 0.709375 0.18515625 0.0578125 0.0828125
3 0.74609375 0.18671875 0.0578125 0.08125
3 0.6734375 0.1375 0.0546875 0.075
3 0.703125 0.13828125 0.0421875 0.0609375
0 0.6671875 0.1015625 0.0515625 0.0625
3 0.634375 0.06796875 0.0453125 0.05625
3 0.57890625 0.040625 0.04375 0.0625
3 0.60078125 0.0375 0.0359375 0.0546875
0 0.23984375 0.16015625 0.0453125 0.0515625
3 0.48125 0.0859375 0.0546875 0.0765625
3 0.46015625 0.053125 0.05625 0.0765625
1 0.20234375 0.15546875 0.0234375 0.0375
1 0.21328125 0.11328125 0.021875 0.0328125
1 0.24921875 0.1015625 0.0234375 0.0375
1 0.23828125 0.15859375 0.0234375 0.0359375
1 0.2125 0.196875 0.0296875 0.0484375
1 0.2625 0.1859375 0.03125 0.046875
1 0.2859375 0.128125 0.025 0.034375
1 0.28125 0.0875 0.0203125 0.0328125
1 0.30390625 0.18984375 0.028125 0.040625
1 0.3125 0.08984375 0.025 0.034375
1 0.3078125 0.0515625 0.0203125 0.03125
1 0.33515625 0.0453125 0.0203125 0.03125
1 0.35625 0.0640625 0.021875 0.0328125
1 0.35703125 0.090625 0.0265625 0.0390625
1 0.371875 0.03046875 0.0203125 0.0265625
1 0.390625 0.05546875 0.025 0.0375
1 0.40390625 0.03671875 0.01875 0.0296875
1 0.4421875 0.08984375 0.025 0.034375
1 0.46015625 0.05234375 0.0234375 0.034375
1 0.50546875 0.03984375 0.021875 0.0359375
1 0.484375 0.0734375 0.0265625 0.0390625
1 0.5265625 0.0875 0.0234375 0.0375
1 0.4671875 0.03828125 0.021875 0.03125
1 0.4296875 0.1375 0.0296875 0.05
1 0.4875 0.13515625 0.028125 0.0453125
1 0.52734375 0.1328125 0.0265625 0.0421875
1 0.546875 0.0484375 0.021875 0.034375
1 0.57421875 0.08828125 0.0234375 0.034375
1 0.57734375 0.1359375 0.0265625 0.040625
1 0.36015625 0.159375 0.0296875 0.0484375
1 0.18984375 0.2875 0.03125 0.046875
1 0.24453125 0.2515625 0.03125 0.046875
1 0.32421875 0.24765625 0.0328125 0.0484375
1 0.38203125 0.22890625 0.03125 0.0484375
1 0.43515625 0.2125 0.0296875 0.04375
1 0.4953125 0.18515625 0.0328125 0.05
1 0.5390625 0.20078125 0.0328125 0.05
1 0.690625 0.296875 0.03125 0.0484375
1 0.646875 0.28828125 0.0328125 0.05
1 0.59375 0.29921875 0.0359375 0.053125
1 0.53203125 0.29140625 0.034375 0.053125
1 0.45390625 0.3421875 0.0375 0.0609375
1 0.340625 0.3015625 0.040625 0.0640625
1 0.27578125 0.2921875 0.0375 0.0625
2 0.21953125 0.30546875 0.034375 0.059375
1 0.459375 0.39453125 0.04375 0.075
1 0.5546875 0.40703125 0.046875 0.071875
2 0.6234375 0.3703125 0.0484375 0.0765625
1 0.746875 0.375 0.0390625 0.06875
1 0.82890625 0.5265625 0.046875 0.0765625
1 0.60546875 0.55390625 0.0484375 0.0734375
1 0.4875 0.56328125 0.05 0.075
1 0.4078125 0.58125 0.046875 0.075
2 0.31328125 0.57734375 0.05 0.0796875
1 0.25703125 0.5796875 0.04375 0.0703125
1 0.928125 0.48203125 0.034375 0.059375
1 0.965625 0.4796875 0.0328125 0.053125
1 0.80234375 0.2984375 0.03125 0.05
1 0.846875 0.2984375 0.0296875 0.0515625
1 0.759375 0.23515625 0.03125 0.05
1 0.803125 0.2421875 0.03125 0.046875
1 0.75234375 0.16875 0.028125 0.04375
1 0.71171875 0.1703125 0.0265625 0.0390625
1 0.6765625 0.1203125 0.025 0.034375
1 0.7078125 0.1328125 0.025 0.0375
1 0.66953125 0.090625 0.0265625 0.0375
1 0.634375 0.05703125 0.0203125 0.03125
2 0.6015625 0.02578125 0.01875 0.028125
1 0.58125 0.03125 0.0203125 0.03125