1 0.0203125 0.58515625 0.025 0.0546875
3 0.04140625 0.5984375 0.0671875 0.1328125
3 0.1640625 0.25 0.046875 0.103125
1 0.18515625 0.19921875 0.01875 0.0359375
0 0.19765625 0.20078125 0.0453125 0.046875
1 0.20390625 0.12578125 0.0140625 0.034375
3 0.203125 0.13828125 0.0390625 0.06875
1 0.26015625 0.0765625 0.0171875 0.0296875
3 0.2671875 0.08515625 0.0375 0.0484375
3 0.3296875 0.03828125 0.0421875 0.046875
3 0.321875 0.065625 0.0390625 0.0578125
3 0.2953125 0.10390625 0.0453125 0.0625
3 0.3953125 0.05859375 0.0375 0.05625
3 0.38515625 0.1015625 0.046875 0.0625
3 0.428125 0.0265625 0.034375 0.053125
0 0.434375 0.0546875 0.0328125 0.053125
1 0.428125 0.05546875 0.01875 0.03125
3 0.4578125 0.03046875 0.025 0.05
3 0.47109375 0.05390625 0.0421875 0.0609375
3 0.46796875 0.0828125 0.0421875 0.0734375
3 0.49453125 0.028125 0.0296875 0.0546875
3 0.50859375 0.09375 0.0359375 0.0640625
3 0.5109375 0.05546875 0.0375 0.0671875
3 0.53046875 0.03203125 0.0296875 0.0453125
3 0.546875 0.09765625 0.0421875 0.05625
3 0.55546875 0.040625 0.0359375 0.0484375
3 0.5765625 0.06953125 0.040625 0.059375
3 0.59296875 0.04765625 0.0296875 0.05
3 0.58828125 0.1078125 0.040625 0.0609375
3 0.61640625 0.0765625 0.0375 0.05625
3 0.62890625 0.11796875 0.04375 0.0609375
3 0.65859375 0.08359375 0.0390625 0.0546875
0 0.675 0.13359375 0.05 0.0546875
3 0.65703125 0.1796875 0.05 0.0625
3 0.61640625 0.165625 0.0390625 0.06875
3 0.56953125 0.16640625 0.0515625 0.0890625
3 0.51953125 0.15234375 0.059375 0.0796875
3 0.44609375 0.14296875 0.059375 0.090625
3 0.39453125 0.1546875 0.04375 0.0546875
3 0.35 0.15390625 0.0515625 0.078125
3 0.30078125 0.1515625 0.0484375 0.0703125
3 0.25625 0.23671875 0.0453125 0.078125
3 0.31171875 0.215625 0.053125 0.096875
0 0.39296875 0.21640625 0.0703125 0.0828125
0 0.459375 0.21484375 0.0640625 0.0875
3 0.5109375 0.2203125 0.05 0.075
3 0.5703125 0.2203125 0.05 0.0859375
3 0.61171875 0.2203125 0.0484375 0.096875
0 0.73671875 0.36015625 0.059375 0.0875
3 0.6859375 0.3453125 0.059375 0.0875
0 0.63203125 0.34453125 0.05625 0.075
3 0.5765625 0.32421875 0.0609375 0.08125
0 0.50390625 0.34375 0.0703125 0.0953125
3 0.4453125 0.3171875 0.0609375 0.128125
3 0.39296875 0.3046875 0.0671875 0.146875
3 0.3421875 0.28046875 0.0578125 0.1359375
3 0.27890625 0.27890625 0.059375 0.1390625
1 0.2125 0.31328125 0.025 0.046875
0 0.21875 0.32265625 0.0640625 0.1
3 0.48984375 0.4390625 0.0890625 0.1375
3 0.57421875 0.45703125 0.08125 0.15
3 0.64140625 0.4484375 0.0765625 0.18125
3 0.7078125 0.45078125 0.065625 0.1703125
3 0.76328125 0.4859375 0.065625 0.1484375
3 0.796875 0.6359375 0.096875 0.153125
3 0.57734375 0.58046875 0.0796875 0.1640625
3 0.38984375 0.590625 0.0828125 0.2046875
3 0.47734375 0.58359375 0.0734375 0.1453125
3 0.31640625 0.56484375 0.078125 0.1796875
3 0.2515625 0.56484375 0.06875 0.1578125
1 0.97578125 0.825 0.025 0.0625
3 0.94765625 0.81796875 0.08125 0.10625
3 0.94375 0.6265625 0.046875 0.1265625
3 0.9 0.615625 0.06875 0.10625
3 0.83359375 0.409375 0.0546875 0.0984375
3 0.87890625 0.41484375 0.04375 0.10625
3 0.80390625 0.32734375 0.05625 0.0953125
0 0.84765625 0.3390625 0.0515625 0.0625
3 0.7828125 0.2484375 0.0375 0.0671875
3 0.81875 0.2609375 0.04375 0.075
3 0.76328125 0.190625 0.0421875 0.06875
3 0.790625 0.20234375 0.0265625 0.05625
0 0.76484375 0.15859375 0.040625 0.0515625
3 0.7390625 0.1140625 0.0359375 0.05625
3 0.71953125 0.08515625 0.0296875 0.0453125
3 0.69296875 0.075 0.0296875 0.05625
1 0.1609375 0.22421875 0.0171875 0.0453125
0 0.33671875 0.10703125 0.0390625 0.0453125
3 0.35859375 0.053125 0.040625 0.0671875
1 0.3296875 0.02890625 0.0140625 0.0296875
1 0.3234375 0.053125 0.0171875 0.0296875
1 0.29765625 0.0921875 0.0171875 0.0359375
2 0.36171875 0.04140625 0.015625 0.034375
1 0.33671875 0.10234375 0.0171875 0.0296875
1 0.3890625 0.08828125 0.01875 0.0328125
1 0.3953125 0.04609375 0.015625 0.03125
1 0.43046875 0.01640625 0.0140625 0.028125
1 0.459375 0.01875 0.015625 0.028125
1 0.46875 0.03984375 0.015625 0.03125
1 0.4671875 0.06796875 0.0171875 0.0375
2 0.496875 0.0109375 0.015625 0.0203125
1 0.51171875 0.04140625 0.0171875 0.034375
1 0.528125 0.02734375 0.015625 0.0265625
1 0.5484375 0.09140625 0.015625 0.0328125
1 0.56171875 0.03125 0.0140625 0.028125
1 0.57890625 0.0578125 0.0171875 0.0328125
1 0.59453125 0.0421875 0.0140625 0.03125
1 0.59296875 0.0953125 0.015625 0.0296875
1 0.62578125 0.06484375 0.0171875 0.03125
1 0.6328125 0.10546875 0.0171875 0.034375
1 0.6609375 0.075 0.015625 0.03125
1 0.678125 0.121875 0.0171875 0.0296875
1 0.66953125 0.16875 0.01875 0.034375
1 0.6234375 0.14921875 0.01875 0.0390625
1 0.58125 0.1453125 0.0203125 0.040625
1 0.521875 0.134375 0.021875 0.04375
1 0.4484375 0.11796875 0.01875 0.040625
1 0.39140625 0.1453125 0.0203125 0.0390625
1 0.353125 0.13828125 0.0203125 0.040625
1 0.29765625 0.13984375 0.01875 0.0390625
1 0.25546875 0.21796875 0.021875 0.04375
1 0.3125 0.190625 0.021875 0.04375
1 0.39140625 0.2109375 0.0234375 0.04375
1 0.45546875 0.2046875 0.0234375 0.040625
1 0.51171875 0.21015625 0.021875 0.04375
1 0.578125 0.20234375 0.0203125 0.04375
1 0.615625 0.1953125 0.021875 0.04375
1 0.7015625 0.33125 0.0234375 0.05
1 0.73671875 0.35703125 0.021875 0.0515625
1 0.63515625 0.3328125 0.0234375 0.046875
1 0.584375 0.3078125 0.0234375 0.046875
1 0.49765625 0.334375 0.025 0.05625
1 0.446875 0.2875 0.028125 0.05625
1 0.4046875 0.2625 0.0265625 0.0609375
1 0.33984375 0.24375 0.025 0.05625
2 0.2796875 0.2421875 0.0234375 0.0609375
1 0.4875 0.40625 0.0296875 0.05625
1 0.5859375 0.42578125 0.034375 0.0703125
2 0.65 0.39609375 0.0328125 0.0671875
2 0.71796875 0.40234375 0.0296875 0.0703125
1 0.7703125 0.44609375 0.028125 0.0640625
2 0.828125 0.5984375 0.0328125 0.075
1 0.5859375 0.534375 0.034375 0.075
1 0.47265625 0.5515625 0.0359375 0.071875
2 0.38984375 0.52890625 0.034375 0.0796875
2 0.3125 0.51640625 0.0328125 0.084375
1 0.24375 0.52578125 0.034375 0.0671875
1 0.95546875 0.59453125 0.0234375 0.05625
1 0.84609375 0.38671875 0.021875 0.0453125
1 0.88828125 0.39140625 0.01875 0.0453125
1 0.81953125 0.3109375 0.021875 0.04375
1 0.8296875 0.2453125 0.0203125 0.0390625
1 0.7890625 0.2359375 0.0203125 0.0390625
1 0.79375 0.196875 0.01875 0.034375
1 0.7703125 0.17734375 0.0171875 0.0328125
1 0.7671875 0.14765625 0.015625 0.03125
1 0.746875 0.1046875 0.0140625 0.03125
1 0.72734375 0.08125 0.0125 0.0296875
1 0.696875 0.06015625 0.0140625 0.028125