1 0.01875 0.57265625 0.0296875 0.05625
3 0.03828125 0.6046875 0.07109375 0.140625
1 0.15390625 0.23125 0.01796875 0.04140625
3 0.15703125 0.25546875 0.046875 0.090625
1 0.1546875 0.203125 0.015625 0.0296875
0 0.159375 0.20625 0.03125 0.05078125
1 0.18203125 0.19296875 0.01640625 0.0359375
3 0.19140625 0.20625 0.03984375 0.06015625
2 0.19765625 0.121875 0.01484375 0.03125
3 0.196875 0.14375 0.0359375 0.06875
1 0.2515625 0.07890625 0.015625 0.0296875
0 0.26015625 0.08125 0.03515625 0.04453125
1 0.321875 0.034375 0.0140625 0.01953125
3 0.315625 0.06875 0.03515625 0.05546875
3 0.28828125 0.10546875 0.040625 0.0609375
3 0.378125 0.10234375 0.0453125 0.06015625
3 0.35078125 0.06015625 0.03515625 0.05546875
3 0.29453125 0.15625 0.04453125 0.07890625
3 0.3421875 0.14609375 0.04921875 0.08046875
0 0.38515625 0.15546875 0.03828125 0.0515625
3 0.440625 0.1546875 0.0640625 0.078125
3 0.3875 0.05546875 0.03984375 0.05546875
0 0.42421875 0.05625 0.0328125 0.046875
3 0.4203125 0.028125 0.03359375 0.053125
3 0.45 0.03125 0.02890625 0.05078125
3 0.4609375 0.05625 0.03984375 0.06015625
3 0.459375 0.08671875 0.04140625 0.06875
3 0.50078125 0.05625 0.03515625 0.06796875
3 0.48515625 0.02734375 0.02890625 0.053125
3 0.4953125 0.09296875 0.03828125 0.06015625
3 0.521875 0.03125 0.02890625 0.04140625
3 0.53984375 0.09609375 0.0390625 0.05625
0 0.546875 0.04375 0.03203125 0.03671875
0 0.584375 0.04375 0.03046875 0.04375
3 0.609375 0.06875 0.03359375 0.06484375
0 0.621875 0.11796875 0.046875 0.0609375
0 0.66875 0.1296875 0.046875 0.05
3 0.6515625 0.08125 0.0375 0.05078125
3 0.6515625 0.1796875 0.04921875 0.05546875
3 0.61015625 0.165625 0.03828125 0.06953125
3 0.56328125 0.16484375 0.04921875 0.08515625
3 0.515625 0.14296875 0.0578125 0.08046875
3 0.25234375 0.23125 0.0453125 0.0734375
3 0.30703125 0.21875 0.059375 0.08671875
0 0.3875 0.21875 0.06796875 0.0796875
0 0.45390625 0.21875 0.06015625 0.08359375
3 0.50390625 0.215625 0.04921875 0.0859375
3 0.565625 0.21875 0.0453125 0.078125
3 0.60390625 0.23046875 0.04453125 0.078125
0 0.734375 0.35546875 0.0578125 0.08671875
3 0.68203125 0.34140625 0.05546875 0.0953125
0 0.62890625 0.33828125 0.05546875 0.07578125
3 0.5734375 0.31875 0.059375 0.08671875
0 0.50078125 0.34296875 0.06796875 0.09140625
3 0.44140625 0.31796875 0.05859375 0.1234375
3 0.384375 0.30625 0.06015625 0.1453125
3 0.3328125 0.29296875 0.05625 0.115625
3 0.27265625 0.29375 0.05625 0.15
0 0.21484375 0.32734375 0.0609375 0.10078125
1 0.21015625 0.30859375 0.02421875 0.04453125
3 0.484375 0.43125 0.0734375 0.11953125
3 0.56953125 0.44375 0.07109375 0.11875
3 0.63828125 0.44375 0.07421875 0.17578125
1 0.7203125 0.428125 0.02890625 0.071875
3 0.70625 0.46640625 0.07265625 0.153125
3 0.76640625 0.47890625 0.05703125 0.14609375
3 0.80078125 0.64296875 0.09453125 0.14921875
3 0.57890625 0.62890625 0.090625 0.1796875
3 0.47578125 0.58046875 0.08203125 0.1890625
3 0.3984375 0.57578125 0.078125 0.1609375
3 0.31171875 0.56875 0.07265625 0.171875
3 0.25 0.559375 0.06953125 0.18125
1 0.98203125 0.80546875 0.02578125 0.0609375
3 0.953125 0.80625 0.08046875 0.10625
3 0.94453125 0.61796875 0.05234375 0.11953125
3 0.89453125 0.6015625 0.07734375 0.090625
3 0.83125 0.403125 0.05234375 0.10546875
3 0.87890625 0.40546875 0.04375 0.10546875
3 0.80078125 0.31796875 0.05078125 0.08828125
0 0.8421875 0.33046875 0.05078125 0.06953125
3 0.77890625 0.24375 0.04140625 0.07578125
3 0.81484375 0.25546875 0.04140625 0.0734375
3 0.75625 0.1859375 0.0390625 0.06953125
3 0.78359375 0.19765625 0.02890625 0.05625
0 0.75859375 0.15390625 0.0390625 0.0546875
3 0.73515625 0.10546875 0.03359375 0.05
3 0.6875 0.0765625 0.0296875 0.04921875
3 0.71015625 0.08046875 0.025 0.040625
0 0.328125 0.10625 0.0359375 0.04453125
3 0.58125 0.10078125 0.0359375 0.06171875
3 0.56953125 0.05859375 0.03984375 0.06953125
1 0.315625 0.05546875 0.0140625 0.028125
1 0.29375 0.09375 0.01484375 0.03515625
1 0.325 0.10546875 0.0171875 0.03359375
1 0.353125 0.0515625 0.01640625 0.0359375
1 0.38203125 0.0859375 0.01796875 0.03046875
1 0.38671875 0.04765625 0.0171875 0.03046875
1 0.29375 0.1390625 0.01796875 0.03984375
1 0.34296875 0.13046875 0.01796875 0.04453125
1 0.38515625 0.1515625 0.01953125 0.0359375
1 0.41640625 0.05546875 0.01796875 0.0296875
1 0.421875 0.01640625 0.0140625 0.02890625
1 0.45078125 0.01875 0.01328125 0.028125
1 0.465625 0.04296875 0.01796875 0.03125
1 0.48828125 0.0140625 0.01484375 0.0265625
1 0.5015625 0.04140625 0.01640625 0.03515625
1 0.51953125 0.02421875 0.0125 0.03046875
1 0.459375 0.06875 0.01640625 0.03359375
1 0.5546875 0.0390625 0.01328125 0.0265625
1 0.54375 0.0921875 0.01640625 0.03203125
2 0.56953125 0.04296875 0.01484375 0.034375
1 0.584375 0.08515625 0.0171875 0.03125
1 0.61640625 0.05390625 0.01640625 0.03125
1 0.51953125 0.13125 0.01953125 0.046875
1 0.575 0.14375 0.0171875 0.040625
1 0.6125 0.14453125 0.01796875 0.03828125
1 0.62578125 0.10625 0.01796875 0.03828125
1 0.6484375 0.07421875 0.01640625 0.03046875
1 0.67109375 0.11796875 0.0171875 0.03203125
1 0.665625 0.16796875 0.01953125 0.034375
1 0.609375 0.2171875 0.02265625 0.04375
1 0.57578125 0.20546875 0.021875 0.04296875
1 0.50625 0.19296875 0.0203125 0.0453125
1 0.45078125 0.20546875 0.025 0.0484375
1 0.38828125 0.2109375 0.02421875 0.04453125
1 0.31328125 0.196875 0.02109375 0.04375
1 0.2515625 0.21875 0.021875 0.04296875
2 0.26953125 0.2484375 0.021875 0.05546875
1 0.32578125 0.26796875 0.025 0.06015625
1 0.39296875 0.26796875 0.0265625 0.06015625
1 0.49375 0.334375 0.02578125 0.05625
1 0.58125 0.30390625 0.0203125 0.0484375
1 0.63828125 0.32578125 0.02421875 0.0484375
1 0.69765625 0.31796875 0.02265625 0.0546875
1 0.734375 0.35546875 0.021875 0.05
1 0.76875 0.43828125 0.02578125 0.0640625
1 0.72421875 0.53125 0.0453125 0.053125
2 0.64765625 0.39375 0.02890625 0.07421875
1 0.571875 0.4171875 0.03359375 0.065625
1 0.4875 0.40546875 0.03125 0.059375
2 0.24453125 0.50625 0.028125 0.075
2 0.321875 0.5296875 0.03671875 0.08359375
1 0.39375 0.53125 0.03203125 0.06953125
2 0.47265625 0.53046875 0.03671875 0.08125
1 0.58828125 0.57421875 0.03828125 0.06875
1 0.81953125 0.60703125 0.03515625 0.06875
1 0.91875 0.58203125 0.02109375 0.05546875
1 0.959375 0.59296875 0.02109375 0.05
2 0.88203125 0.38046875 0.01875 0.0484375
1 0.84140625 0.378125 0.02265625 0.04609375
1 0.8546875 0.321875 0.02265625 0.04453125
1 0.81640625 0.30546875 0.01953125 0.04375
1 0.825 0.23984375 0.0203125 0.040625
1 0.7828125 0.23125 0.01875 0.03984375
1 0.7625 0.17265625 0.015625 0.03046875
1 0.7875 0.19375 0.0171875 0.03359375
1 0.7625 0.14296875 0.0171875 0.03203125
1 0.73828125 0.09921875 0.01484375 0.03046875
1 0.6921875 0.065625 0.01328125 0.025
1 0.715625 0.06953125 0.01328125 0.025