1 0.015625 0.56796875 0.03125 0.0609375
3 0.03671875 0.5953125 0.0734375 0.14375
1 0.15859375 0.225 0.01875 0.0421875
3 0.16171875 0.24375 0.0484375 0.0953125
0 0.16484375 0.2 0.0328125 0.046875
1 0.1875 0.1875 0.0171875 0.0359375
3 0.196875 0.20078125 0.040625 0.0609375
1 0.203125 0.125 0.0140625 0.03125
3 0.203125 0.14140625 0.0375 0.0703125
1 0.25859375 0.075 0.015625 0.0296875
0 0.26640625 0.084375 0.0375 0.05
1 0.33984375 0.01484375 0.0140625 0.0296875
3 0.3234375 0.065625 0.0359375 0.05625
3 0.2953125 0.1015625 0.0421875 0.0609375
3 0.38515625 0.10078125 0.046875 0.0609375
3 0.35859375 0.059375 0.0359375 0.05625
3 0.3 0.1515625 0.0484375 0.0875
3 0.35 0.15234375 0.05 0.0796875
3 0.396875 0.1421875 0.046875 0.071875
3 0.44765625 0.1546875 0.0640625 0.0796875
3 0.39921875 0.05390625 0.0375 0.065625
0 0.434375 0.05390625 0.034375 0.05
3 0.42890625 0.0265625 0.034375 0.053125
3 0.4578125 0.0296875 0.0296875 0.05
3 0.46953125 0.0546875 0.0390625 0.0578125
3 0.46875 0.08359375 0.0515625 0.0703125
3 0.50546875 0.053125 0.0359375 0.065625
3 0.4953125 0.0265625 0.03125 0.0515625
3 0.5125 0.09296875 0.0390625 0.0640625
3 0.52890625 0.03203125 0.0296875 0.0421875
3 0.54765625 0.096875 0.040625 0.05625
3 0.55625 0.04140625 0.034375 0.0453125
3 0.59453125 0.04453125 0.0296875 0.0453125
3 0.6171875 0.0703125 0.0359375 0.0609375
3 0.6296875 0.11640625 0.0484375 0.0625
0 0.6734375 0.13359375 0.0484375 0.0515625
0 0.6609375 0.0921875 0.0359375 0.05
3 0.65703125 0.17578125 0.05 0.0578125
3 0.61640625 0.16796875 0.0390625 0.0703125
3 0.56875 0.165625 0.05 0.0859375
3 0.521875 0.14296875 0.059375 0.08125
3 0.25625 0.228125 0.0453125 0.0703125
3 0.3140625 0.21484375 0.059375 0.096875
0 0.3921875 0.2171875 0.06875 0.08125
0 0.459375 0.21796875 0.0609375 0.084375
3 0.51015625 0.21875 0.0484375 0.0765625
3 0.5703125 0.2203125 0.05 0.1109375
3 0.60859375 0.23203125 0.0453125 0.078125
0 0.734375 0.359375 0.059375 0.0828125
3 0.684375 0.3375 0.0546875 0.08125
0 0.6328125 0.34375 0.0578125 0.0796875
3 0.578125 0.32109375 0.059375 0.08125
0 0.50390625 0.34296875 0.0703125 0.0921875
3 0.44375 0.3171875 0.0625 0.1265625
3 0.3875 0.303125 0.0625 0.1453125
3 0.3421875 0.278125 0.0578125 0.1375
3 0.27890625 0.27734375 0.059375 0.1375
0 0.21875 0.321875 0.0671875 0.1015625
1 0.2140625 0.3125 0.025 0.0453125
3 0.4859375 0.41796875 0.075 0.1359375
3 0.5703125 0.4453125 0.0734375 0.1203125
3 0.6390625 0.4453125 0.0765625 0.1703125
2 0.7203125 0.42578125 0.0296875 0.0703125
3 0.7078125 0.4671875 0.0734375 0.15625
3 0.7671875 0.4859375 0.059375 0.1515625
3 0.78671875 0.63125 0.084375 0.1046875
3 0.5765625 0.63046875 0.09375 0.18125
3 0.47890625 0.5796875 0.0828125 0.171875
3 0.396875 0.5875 0.08125 0.1390625
3 0.315625 0.578125 0.08125 0.1609375
3 0.2515625 0.5640625 0.0703125 0.1703125
1 0.9765625 0.81953125 0.0265625 0.05625
3 0.9484375 0.8140625 0.0859375 0.1109375
3 0.94375 0.62578125 0.0515625 0.1203125
3 0.89296875 0.60859375 0.0796875 0.0921875
3 0.83359375 0.40859375 0.0546875 0.1015625
3 0.87890625 0.41171875 0.04375 0.1015625
3 0.80703125 0.3234375 0.0515625 0.0890625
0 0.8375 0.33515625 0.0375 0.075
3 0.78359375 0.2484375 0.0421875 0.0765625
3 0.81875 0.2609375 0.0421875 0.0734375
3 0.76171875 0.1953125 0.040625 0.06875
3 0.7890625 0.20625 0.03125 0.053125
0 0.76484375 0.15859375 0.040625 0.0546875
3 0.74140625 0.11484375 0.034375 0.05625
3 0.6953125 0.07421875 0.034375 0.05625
3 0.7171875 0.08046875 0.0234375 0.0515625
0 0.33515625 0.10390625 0.0359375 0.0453125
3 0.58828125 0.103125 0.040625 0.0640625
3 0.5765625 0.0703125 0.040625 0.05625
3 0.33828125 0.02734375 0.03125 0.0515625
1 0.3234375 0.05234375 0.015625 0.028125
1 0.3015625 0.08984375 0.015625 0.0359375
1 0.33203125 0.10234375 0.0171875 0.034375
1 0.3640625 0.04765625 0.0140625 0.03125
1 0.3890625 0.0875 0.01875 0.0296875
1 0.428125 0.01640625 0.0140625 0.0296875
1 0.4296875 0.046875 0.0171875 0.03125
1 0.459375 0.0171875 0.015625 0.0265625
1 0.46796875 0.06796875 0.0171875 0.03125
1 0.4734375 0.04140625 0.015625 0.03125
2 0.496875 0.01015625 0.015625 0.01875
1 0.5046875 0.0359375 0.0171875 0.03125
1 0.528125 0.02890625 0.0140625 0.0265625
1 0.55078125 0.0875 0.015625 0.03125
1 0.5625 0.03203125 0.0125 0.0265625
1 0.5921875 0.04140625 0.0140625 0.0296875
1 0.57734375 0.0578125 0.015625 0.03125
1 0.59140625 0.0875 0.0171875 0.03125
1 0.6234375 0.05859375 0.015625 0.03125
1 0.6375 0.10390625 0.0171875 0.0359375
1 0.634375 0.14375 0.0109375 0.015625
1 0.6640625 0.08359375 0.015625 0.0296875
1 0.67890625 0.12109375 0.0171875 0.0296875
1 0.6703125 0.1671875 0.0203125 0.0359375
1 0.62109375 0.153125 0.0203125 0.0390625
1 0.58125 0.1453125 0.01875 0.040625
1 0.52578125 0.13203125 0.021875 0.046875
1 0.45 0.13671875 0.0203125 0.04375
2 0.38828125 0.12890625 0.01875 0.04375
2 0.30078125 0.13125 0.01875 0.0453125
1 0.3515625 0.134375 0.0203125 0.0453125
1 0.25625 0.2140625 0.021875 0.0421875
1 0.3171875 0.18984375 0.0234375 0.0453125
1 0.39609375 0.2078125 0.0203125 0.04375
1 0.45703125 0.20546875 0.0234375 0.0453125
1 0.51171875 0.20546875 0.021875 0.040625
2 0.571875 0.190625 0.021875 0.046875
1 0.61484375 0.2140625 0.0234375 0.04375
1 0.7375 0.3546875 0.0234375 0.0484375
1 0.696875 0.33125 0.021875 0.046875
1 0.640625 0.33046875 0.025 0.046875
1 0.5875 0.3078125 0.025 0.046875
1 0.49765625 0.33515625 0.0265625 0.05625
1 0.39453125 0.26640625 0.028125 0.059375
1 0.33984375 0.23984375 0.025 0.059375
2 0.28046875 0.23984375 0.0265625 0.0578125
1 0.4859375 0.38984375 0.0296875 0.0671875
1 0.57421875 0.428125 0.034375 0.0609375
1 0.6515625 0.40546875 0.0328125 0.0703125
1 0.7703125 0.44375 0.0265625 0.0640625
1 0.58671875 0.5796875 0.0328125 0.06875
2 0.48515625 0.53125 0.034375 0.075
1 0.38828125 0.55390625 0.0390625 0.075
1 0.31328125 0.55234375 0.034375 0.078125
1 0.24609375 0.5140625 0.034375 0.06875
1 0.9203125 0.59296875 0.021875 0.05625
1 0.884375 0.38828125 0.01875 0.046875
1 0.84375 0.38515625 0.0203125 0.046875
1 0.8296875 0.24609375 0.0203125 0.040625
1 0.7890625 0.2359375 0.01875 0.0390625
1 0.7953125 0.1984375 0.0171875 0.0359375
1 0.76875 0.17734375 0.0171875 0.03125
1 0.76953125 0.14765625 0.0171875 0.0328125
1 0.7453125 0.10234375 0.0140625 0.03125