1 0.034375 0.6421875 0.028125 0.0546875
3 0.05546875 0.65390625 0.0765625 0.1375
3 0.1375 0.2875 0.0515625 0.1015625
0 0.1625 0.2390625 0.0453125 0.0484375
1 0.16015625 0.1640625 0.0171875 0.034375
3 0.1609375 0.1765625 0.04375 0.0671875
3 0.21875 0.11640625 0.0421875 0.053125
3 0.27578125 0.06328125 0.046875 0.0484375
3 0.271875 0.090625 0.0421875 0.0609375
3 0.2484375 0.13046875 0.0484375 0.065625
0 0.2890625 0.1265625 0.0453125 0.053125
3 0.30625 0.0828125 0.04375 0.0640625
3 0.34140625 0.07265625 0.0453125 0.059375
3 0.3375 0.11953125 0.05 0.06875
3 0.3703125 0.0390625 0.0390625 0.05625
3 0.4015625 0.0390625 0.0328125 0.0515625
0 0.37890625 0.06640625 0.0375 0.05
3 0.43828125 0.03515625 0.0390625 0.0578125
3 0.4171875 0.09140625 0.0546875 0.0859375
3 0.45703125 0.0578125 0.0421875 0.06875
3 0.4515625 0.09609375 0.046875 0.0671875
3 0.47421875 0.03125 0.0296875 0.0484375
3 0.4953125 0.0921875 0.0484375 0.0734375
3 0.5 0.0390625 0.0390625 0.053125
3 0.540625 0.09921875 0.05 0.0703125
3 0.5359375 0.0375 0.0359375 0.0515625
3 0.56484375 0.0640625 0.04375 0.059375
3 0.58125 0.10546875 0.0484375 0.0703125
0 0.60859375 0.075 0.04375 0.0515625
0 0.62890625 0.1140625 0.0546875 0.059375
3 0.6171875 0.1625 0.0546875 0.0671875
3 0.575 0.15078125 0.046875 0.071875
3 0.52890625 0.16015625 0.0578125 0.09375
3 0.478125 0.14453125 0.065625 0.0859375
3 0.57578125 0.22109375 0.053125 0.0828125
3 0.53515625 0.21796875 0.0515625 0.0859375
3 0.47734375 0.21953125 0.05625 0.075
0 0.425 0.22265625 0.0671875 0.090625
0 0.359375 0.23203125 0.0765625 0.090625
3 0.40546875 0.1640625 0.071875 0.0859375
3 0.353125 0.16875 0.046875 0.059375
3 0.309375 0.1734375 0.0578125 0.08125
3 0.259375 0.17890625 0.05625 0.0765625
0 0.20078125 0.359375 0.0765625 0.1078125
3 0.22578125 0.2625 0.05 0.0734375
3 0.25390625 0.3109375 0.06875 0.1453125
3 0.28203125 0.2390625 0.065625 0.0984375
3 0.31484375 0.30703125 0.0671875 0.15
3 0.425 0.325 0.071875 0.1328125
0 0.484375 0.34375 0.0796875 0.1
3 0.55625 0.31484375 0.06875 0.0875
0 0.6125 0.32890625 0.0640625 0.0828125
3 0.665625 0.3234375 0.0671875 0.090625
0 0.715625 0.3328125 0.0671875 0.09375
3 0.76328125 0.45234375 0.071875 0.1515625
3 0.7015625 0.43515625 0.0859375 0.1578125
3 0.63203125 0.43359375 0.0890625 0.1765625
3 0.56875 0.43671875 0.084375 0.1234375
3 0.4796875 0.4078125 0.096875 0.153125
3 0.809375 0.596875 0.109375 0.1640625
3 0.5921875 0.61953125 0.1125 0.190625
3 0.48671875 0.5828125 0.0859375 0.1515625
3 0.40625 0.57890625 0.096875 0.1796875
3 0.26171875 0.59765625 0.084375 0.1625
3 0.3265625 0.58671875 0.0984375 0.1890625
1 0.19140625 0.34765625 0.028125 0.0484375
3 0.96796875 0.75703125 0.0640625 0.1140625
3 0.9125 0.56796875 0.078125 0.1125
3 0.9578125 0.57109375 0.0578125 0.125
3 0.82109375 0.36953125 0.059375 0.096875
3 0.86640625 0.3703125 0.053125 0.109375
3 0.77890625 0.2875 0.0609375 0.0953125
0 0.81640625 0.29921875 0.040625 0.059375
3 0.78828125 0.2234375 0.046875 0.078125
3 0.75078125 0.215625 0.0453125 0.0734375
3 0.7234375 0.1609375 0.0484375 0.0734375
3 0.7515625 0.16640625 0.03125 0.0453125
0 0.72109375 0.128125 0.04375 0.05625
3 0.6921875 0.08359375 0.0390625 0.0578125
3 0.6671875 0.06171875 0.03125 0.046875
3 0.64140625 0.053125 0.03125 0.046875
1 0.128125 0.265625 0.021875 0.046875
1 0.1515625 0.240625 0.021875 0.0375
1 0.2109375 0.10859375 0.0203125 0.0328125
1 0.275 0.05234375 0.0171875 0.0296875
1 0.27109375 0.07734375 0.01875 0.03125
1 0.25078125 0.12109375 0.01875 0.0328125
1 0.2875 0.11796875 0.0203125 0.0328125
1 0.3078125 0.07109375 0.0203125 0.0359375
1 0.33828125 0.06171875 0.01875 0.0328125
1 0.33828125 0.10546875 0.0234375 0.0375
1 0.37265625 0.028125 0.0171875 0.03125
1 0.37265625 0.0671875 0.01875 0.03125
1 0.40078125 0.02578125 0.015625 0.028125
1 0.415625 0.046875 0.0171875 0.03125
1 0.41484375 0.07421875 0.021875 0.040625
1 0.44453125 0.02109375 0.0171875 0.0296875
1 0.49375 0.071875 0.01875 0.03125
1 0.46953125 0.02421875 0.0171875 0.0328125
1 0.50546875 0.02734375 0.015625 0.0296875
1 0.57109375 0.0515625 0.021875 0.0328125
1 0.5421875 0.084375 0.021875 0.0359375
1 0.53203125 0.053125 0.021875 0.0328125
3 0.5234375 0.06328125 0.0453125 0.059375
1 0.5390625 0.034375 0.0171875 0.0296875
1 0.609375 0.06640625 0.0171875 0.03125
1 0.584375 0.0921875 0.021875 0.0375
1 0.63046875 0.10234375 0.0203125 0.03125
1 0.628125 0.15078125 0.0234375 0.0390625
1 0.58125 0.13515625 0.0234375 0.0390625
1 0.53828125 0.13671875 0.021875 0.0453125
1 0.48203125 0.13046875 0.0234375 0.046875
1 0.40625 0.14296875 0.0234375 0.046875
1 0.3484375 0.16171875 0.0234375 0.034375
1 0.3109375 0.16171875 0.025 0.0390625
1 0.25546875 0.16640625 0.0234375 0.0421875
1 0.2234375 0.24921875 0.025 0.046875
1 0.28125 0.21484375 0.025 0.0484375
1 0.309375 0.26328125 0.03125 0.0625
1 0.3578125 0.2234375 0.028125 0.046875
1 0.41953125 0.21328125 0.025 0.04375
1 0.4765625 0.21015625 0.025 0.046875
1 0.46796875 0.2578125 0.0203125 0.0328125
1 0.53828125 0.2 0.0265625 0.046875
2 0.56640625 0.1703125 0.025 0.046875
1 0.71796875 0.33125 0.028125 0.053125
1 0.68046875 0.30859375 0.028125 0.05
1 0.6125 0.3171875 0.028125 0.05
1 0.56171875 0.2984375 0.028125 0.0484375
1 0.4765625 0.33046875 0.0328125 0.0453125
1 0.421875 0.29375 0.0359375 0.071875
1 0.3515625 0.2671875 0.034375 0.059375
3 0.3625 0.31171875 0.075 0.1609375
2 0.24921875 0.26875 0.028125 0.0609375
1 0.47890625 0.37109375 0.0359375 0.06875
1 0.57421875 0.4203125 0.04375 0.075
1 0.6421875 0.38828125 0.0390625 0.071875
2 0.71015625 0.3953125 0.0375 0.071875
1 0.76171875 0.41328125 0.03125 0.0625
2 0.83359375 0.55859375 0.040625 0.0828125
1 0.5953125 0.5625 0.040625 0.071875
1 0.4796875 0.55390625 0.040625 0.078125
1 0.40234375 0.52890625 0.040625 0.0765625
1 0.31796875 0.54375 0.0421875 0.084375
1 0.24921875 0.5578125 0.0375 0.0703125
1 0.9328125 0.540625 0.028125 0.0578125
1 0.96328125 0.5390625 0.0296875 0.0578125
1 0.82734375 0.3453125 0.025 0.0484375
1 0.871875 0.3421875 0.025 0.0484375
1 0.8171875 0.2890625 0.0234375 0.034375
1 0.790625 0.27109375 0.0265625 0.046875
1 0.79609375 0.20625 0.0234375 0.040625
1 0.7578125 0.20078125 0.021875 0.0421875
1 0.7296875 0.1453125 0.021875 0.040625
1 0.75546875 0.16484375 0.0203125 0.0359375
1 0.72109375 0.11796875 0.021875 0.034375
2 0.69453125 0.0703125 0.015625 0.0296875
1 0.67265625 0.05390625 0.0140625 0.03125
1 0.640625 0.04375 0.015625 0.021875