1 0.01640625 0.559375 0.0265625 0.0546875
3 0.0359375 0.57421875 0.071875 0.1359375
3 0.1796875 0.228125 0.0484375 0.1015625
0 0.2125 0.18515625 0.04375 0.046875
1 0.2234375 0.11015625 0.015625 0.034375
3 0.22265625 0.12265625 0.040625 0.0671875
3 0.2890625 0.0734375 0.040625 0.0515625
3 0.3546875 0.03125 0.0453125 0.046875
3 0.34609375 0.05703125 0.0390625 0.059375
3 0.31875 0.0921875 0.0484375 0.065625
0 0.35703125 0.0953125 0.0421875 0.046875
3 0.38125 0.05546875 0.0421875 0.0640625
3 0.41796875 0.05234375 0.0421875 0.059375
3 0.40625 0.096875 0.046875 0.0671875
3 0.4515625 0.025 0.0375 0.05
3 0.4828125 0.02890625 0.03125 0.0515625
0 0.45625 0.05234375 0.0359375 0.0484375
3 0.5203125 0.03125 0.0375 0.0609375
3 0.4890625 0.08046875 0.0515625 0.084375
3 0.534375 0.05703125 0.040625 0.0703125
3 0.5328125 0.090625 0.0421875 0.075
3 0.55625 0.034375 0.028125 0.0484375
3 0.56796875 0.09375 0.0453125 0.08125
3 0.58125 0.04375 0.0375 0.0515625
3 0.59921875 0.07109375 0.04375 0.0671875
3 0.609375 0.1125 0.046875 0.06875
3 0.61953125 0.05078125 0.0296875 0.053125
3 0.63984375 0.07890625 0.040625 0.0578125
3 0.6484375 0.12578125 0.046875 0.06875
0 0.68046875 0.10078125 0.0421875 0.0515625
3 0.69453125 0.1421875 0.053125 0.0578125
3 0.6734375 0.18828125 0.0515625 0.0671875
3 0.6328125 0.1765625 0.0421875 0.0640625
3 0.58671875 0.1703125 0.0546875 0.0921875
3 0.53984375 0.1484375 0.0640625 0.084375
3 0.6234375 0.23828125 0.05 0.08125
3 0.58359375 0.22421875 0.05 0.0828125
3 0.5265625 0.221875 0.0546875 0.0734375
0 0.47421875 0.2140625 0.065625 0.0890625
0 0.40703125 0.21171875 0.075 0.0875
3 0.465625 0.153125 0.06875 0.084375
3 0.4125 0.1484375 0.0453125 0.0578125
3 0.36875 0.1453125 0.05625 0.0796875
3 0.31875 0.1421875 0.0546875 0.075
0 0.2296875 0.309375 0.0734375 0.10625
3 0.271875 0.21484375 0.0484375 0.075
3 0.290625 0.26640625 0.0640625 0.1421875
3 0.33046875 0.20546875 0.0625 0.096875
3 0.3546875 0.27421875 0.065625 0.146875
3 0.3984375 0.309375 0.071875 0.140625
3 0.45625 0.31484375 0.0671875 0.13125
0 0.51171875 0.3453125 0.0765625 0.0984375
3 0.5875 0.32890625 0.065625 0.0859375
0 0.640625 0.35078125 0.0625 0.0796875
3 0.69453125 0.3546875 0.0640625 0.0875
0 0.74140625 0.3734375 0.0640625 0.0921875
3 0.7671875 0.509375 0.0671875 0.1390625
3 0.70859375 0.4828125 0.08125 0.15625
3 0.64140625 0.45859375 0.0828125 0.1734375
3 0.57890625 0.4484375 0.08125 0.1203125
3 0.4953125 0.421875 0.090625 0.125
3 0.78828125 0.64921875 0.1046875 0.1609375
3 0.56953125 0.63359375 0.10625 0.1875
3 0.47265625 0.58203125 0.08125 0.1484375
3 0.39453125 0.575 0.0890625 0.15
3 0.2484375 0.55625 0.0796875 0.159375
3 0.3140625 0.55546875 0.0921875 0.1875
1 0.22265625 0.296875 0.0265625 0.046875
3 0.93046875 0.8390625 0.0890625 0.1109375
3 0.89140625 0.64375 0.0765625 0.1453125
3 0.93828125 0.65 0.0546875 0.1234375
3 0.8390625 0.42734375 0.05625 0.096875
3 0.88359375 0.43671875 0.05 0.1078125
3 0.8125 0.3390625 0.05625 0.09375
0 0.84453125 0.35390625 0.0328125 0.059375
3 0.83203125 0.278125 0.0453125 0.0765625
3 0.79609375 0.26875 0.0484375 0.0828125
3 0.778125 0.20390625 0.0484375 0.071875
3 0.80546875 0.21875 0.03125 0.0578125
0 0.78203125 0.171875 0.0421875 0.05625
3 0.7609375 0.1234375 0.0375 0.05625
3 0.74140625 0.096875 0.0296875 0.0453125
3 0.7171875 0.0859375 0.0296875 0.046875
1 0.1734375 0.203125 0.0234375 0.0515625
1 0.20078125 0.184375 0.021875 0.0375
1 0.284375 0.06484375 0.01875 0.03125
1 0.35546875 0.02109375 0.0171875 0.028125
1 0.34921875 0.04453125 0.01875 0.03125
1 0.32265625 0.0796875 0.01875 0.0390625
1 0.353125 0.0953125 0.01875 0.0328125
1 0.384375 0.0421875 0.0171875 0.0359375
1 0.415625 0.04296875 0.0171875 0.0328125
1 0.41015625 0.08359375 0.0203125 0.034375
1 0.4515625 0.0140625 0.015625 0.028125
1 0.45078125 0.05078125 0.0203125 0.0296875
1 0.48359375 0.0171875 0.015625 0.0265625
2 0.49375 0.0640625 0.0203125 0.0390625
2 0.53359375 0.0703125 0.01875 0.03125
1 0.53828125 0.03984375 0.0171875 0.0328125
1 0.5296875 0.01953125 0.01875 0.03125
2 0.5703125 0.07265625 0.0203125 0.0359375
1 0.553125 0.02421875 0.015625 0.0328125
1 0.58671875 0.03515625 0.0140625 0.0296875
2 0.60546875 0.05703125 0.015625 0.03125
1 0.6140625 0.0984375 0.0203125 0.0359375
1 0.61640625 0.04296875 0.0171875 0.03125
1 0.646875 0.07109375 0.0203125 0.0328125
1 0.6546875 0.11328125 0.0203125 0.0375
1 0.684375 0.09296875 0.01875 0.03125
1 0.6984375 0.13125 0.0203125 0.0359375
1 0.65 0.15078125 0.015625 0.01875
1 0.6859375 0.1765625 0.0234375 0.0359375
1 0.63828125 0.16484375 0.0203125 0.0375
1 0.6 0.15 0.0203125 0.04375
1 0.5453125 0.1328125 0.025 0.0453125
1 0.46875 0.13203125 0.0234375 0.0453125
1 0.40859375 0.13984375 0.0234375 0.0390625
1 0.371875 0.13125 0.0234375 0.0453125
1 0.3171875 0.12890625 0.0203125 0.040625
1 0.271875 0.203125 0.0234375 0.0421875
1 0.334375 0.18046875 0.0234375 0.046875
1 0.40546875 0.20390625 0.0265625 0.046875
1 0.47109375 0.2015625 0.0265625 0.0453125
1 0.4703125 0.25390625 0.03125 0.0375
1 0.528125 0.21171875 0.0234375 0.0453125
1 0.590625 0.2109375 0.025 0.0453125
1 0.63125 0.22421875 0.0265625 0.046875
1 0.7453125 0.36796875 0.028125 0.0515625
1 0.7109375 0.34375 0.0265625 0.0515625
1 0.64375 0.33828125 0.0265625 0.046875
1 0.59765625 0.3125 0.0296875 0.0515625
1 0.50703125 0.33203125 0.0328125 0.0609375
1 0.459375 0.28046875 0.0328125 0.065625
1 0.353125 0.23359375 0.028125 0.059375
2 0.29375 0.22890625 0.025 0.059375
1 0.48515625 0.41015625 0.0359375 0.0609375
1 0.5890625 0.434375 0.040625 0.0734375
1 0.6578125 0.415625 0.0375 0.0703125
2 0.7234375 0.44375 0.0375 0.075
1 0.7765625 0.4734375 0.03125 0.0625
2 0.82109375 0.6140625 0.0390625 0.0828125
1 0.58203125 0.5765625 0.0375 0.0734375
1 0.46796875 0.55 0.0375 0.0765625
1 0.3875 0.54140625 0.0375 0.0703125
1 0.3125 0.515625 0.0375 0.08125
1 0.24296875 0.5140625 0.0390625 0.0703125
1 0.9578125 0.846875 0.028125 0.0625
1 0.915625 0.60390625 0.0265625 0.05625
1 0.95234375 0.6203125 0.021875 0.0578125
1 0.85078125 0.4046875 0.0234375 0.0453125
1 0.89296875 0.409375 0.0234375 0.05
1 0.84765625 0.3609375 0.0234375 0.0453125
1 0.82734375 0.340625 0.0265625 0.05
1 0.8421875 0.2625 0.021875 0.040625
1 0.80234375 0.2515625 0.0203125 0.0421875
1 0.80859375 0.21484375 0.0203125 0.0375
1 0.78671875 0.1890625 0.0203125 0.040625
1 0.7875 0.1625 0.01875 0.03125
1 0.76328125 0.115625 0.015625 0.0328125
1 0.7484375 0.090625 0.015625 0.03125
1 0.7203125 0.078125 0.015625 0.0265625