1 0.02890625 0.61875 0.0296875 0.053125
3 0.0515625 0.65078125 0.0796875 0.1484375
1 0.1234375 0.2796875 0.021875 0.04375
3 0.13359375 0.29296875 0.0578125 0.0859375
1 0.12578125 0.240625 0.01875 0.03125
3 0.13125 0.246875 0.0359375 0.059375
1 0.1515625 0.228125 0.0203125 0.0375
3 0.16484375 0.23984375 0.0453125 0.0640625
1 0.1640625 0.1640625 0.01875 0.0328125
3 0.16015625 0.1765625 0.04375 0.0734375
1 0.20859375 0.10703125 0.01875 0.03125
0 0.21796875 0.11171875 0.0390625 0.0484375
1 0.2734375 0.0515625 0.015625 0.0234375
3 0.271875 0.090625 0.040625 0.059375
3 0.2484375 0.1296875 0.046875 0.065625
0 0.296875 0.125 0.0390625 0.0484375
3 0.3359375 0.11875 0.0484375 0.0625
3 0.3046875 0.075 0.0421875 0.059375
3 0.259375 0.17890625 0.053125 0.0828125
3 0.3078125 0.1734375 0.05625 0.078125
0 0.35 0.16953125 0.0453125 0.053125
3 0.403125 0.1640625 0.0703125 0.08125
3 0.34140625 0.06953125 0.0453125 0.059375
0 0.378125 0.06640625 0.0375 0.05
3 0.3703125 0.03984375 0.0390625 0.053125
3 0.4015625 0.03828125 0.034375 0.053125
3 0.4171875 0.06015625 0.0453125 0.0640625
3 0.41640625 0.090625 0.0484375 0.0734375
3 0.4546875 0.05703125 0.040625 0.0625
3 0.4359375 0.03125 0.034375 0.05625
3 0.45390625 0.09609375 0.05 0.0640625
3 0.47265625 0.03125 0.0328125 0.04375
3 0.496875 0.0921875 0.0453125 0.0640625
3 0.50078125 0.03671875 0.040625 0.05
0 0.53671875 0.040625 0.034375 0.046875
3 0.5375 0.08671875 0.04375 0.078125
0 0.51796875 0.065625 0.03125 0.046875
3 0.5671875 0.06328125 0.0453125 0.059375
0 0.58125 0.10703125 0.053125 0.065625
0 0.62890625 0.1140625 0.0515625 0.0546875
3 0.60625 0.06796875 0.0421875 0.0546875
3 0.6171875 0.165625 0.0546875 0.0609375
3 0.57578125 0.15625 0.04375 0.065625
3 0.528125 0.16015625 0.0578125 0.0890625
3 0.47578125 0.14375 0.065625 0.0859375
3 0.22890625 0.2578125 0.0578125 0.0875
3 0.28125 0.23984375 0.06875 0.0984375
0 0.35859375 0.23203125 0.0765625 0.0859375
0 0.425 0.225 0.06875 0.0890625
3 0.475 0.228125 0.05 0.0625
3 0.534375 0.2125 0.053125 0.084375
3 0.57734375 0.209375 0.0578125 0.0890625
0 0.71796875 0.33203125 0.0671875 0.0921875
3 0.6640625 0.3234375 0.0609375 0.0953125
3 0.60703125 0.296875 0.065625 0.1109375
3 0.55546875 0.31171875 0.0671875 0.090625
0 0.484375 0.34375 0.0765625 0.0984375
3 0.42265625 0.32578125 0.071875 0.1328125
3 0.365625 0.31953125 0.075 0.15625
3 0.309375 0.3375 0.0734375 0.1359375
3 0.25234375 0.34375 0.0734375 0.1359375
0 0.1984375 0.3578125 0.071875 0.10625
1 0.1921875 0.346875 0.028125 0.0484375
3 0.47578125 0.42109375 0.0875 0.1421875
3 0.56328125 0.4359375 0.0828125 0.1203125
3 0.63046875 0.42109375 0.0875 0.1875
0 0.70234375 0.446875 0.0765625 0.125
3 0.759375 0.45390625 0.0703125 0.1546875
3 0.81015625 0.609375 0.1109375 0.1796875
3 0.59140625 0.621875 0.1109375 0.184375
3 0.484375 0.5828125 0.0859375 0.15625
3 0.40546875 0.6 0.0875 0.1609375
3 0.3296875 0.5828125 0.09375 0.1921875
3 0.25859375 0.59375 0.090625 0.1765625
3 0.96796875 0.75859375 0.0640625 0.1265625
3 0.9546875 0.571875 0.059375 0.11875
3 0.903125 0.5640625 0.084375 0.1125
3 0.81796875 0.371875 0.05625 0.11875
3 0.8671875 0.37890625 0.0578125 0.084375
3 0.78046875 0.28828125 0.0578125 0.0875
0 0.8265625 0.29921875 0.0515625 0.059375
3 0.75078125 0.215625 0.0484375 0.0796875
3 0.7859375 0.2125 0.05 0.0890625
3 0.721875 0.159375 0.0453125 0.071875
3 0.75234375 0.1734375 0.03125 0.0546875
0 0.72109375 0.128125 0.04375 0.0546875
3 0.6921875 0.0828125 0.0375 0.053125
3 0.6421875 0.059375 0.034375 0.0515625
3 0.665625 0.0609375 0.0296875 0.04375
1 0.26953125 0.07734375 0.0171875 0.0296875
1 0.30625 0.0640625 0.0171875 0.03125
1 0.253125 0.1171875 0.01875 0.034375
1 0.2890625 0.1234375 0.021875 0.034375
1 0.33984375 0.1078125 0.0203125 0.034375
1 0.340625 0.06015625 0.0171875 0.03125
1 0.371875 0.06640625 0.0203125 0.03125
1 0.37109375 0.0296875 0.015625 0.0296875
1 0.4 0.0265625 0.015625 0.0265625
1 0.4125 0.075 0.01875 0.0359375
1 0.415625 0.04765625 0.0171875 0.03125
1 0.4375 0.0171875 0.015625 0.0265625
1 0.45390625 0.04453125 0.01875 0.0328125
1 0.46953125 0.028125 0.015625 0.0265625
1 0.45390625 0.08359375 0.01875 0.03125
1 0.5046875 0.02734375 0.0140625 0.0265625
1 0.50078125 0.08828125 0.0171875 0.0296875
2 0.53671875 0.06484375 0.015625 0.03125
1 0.53671875 0.03671875 0.015625 0.0296875
1 0.5734375 0.0515625 0.01875 0.03125
1 0.603125 0.05859375 0.01875 0.0328125
1 0.63203125 0.10234375 0.01875 0.0296875
1 0.5828125 0.0953125 0.0203125 0.0359375
1 0.6296875 0.15234375 0.021875 0.034375
1 0.57578125 0.14375 0.0203125 0.0375
1 0.5375 0.1375 0.0203125 0.0421875
1 0.48046875 0.13046875 0.0234375 0.0453125
1 0.39921875 0.1453125 0.0234375 0.0453125
1 0.3484375 0.16640625 0.021875 0.0375
1 0.30859375 0.15859375 0.021875 0.040625
1 0.25703125 0.15703125 0.021875 0.046875
1 0.221875 0.23671875 0.025 0.046875
1 0.28125 0.2140625 0.025 0.0453125
1 0.35859375 0.221875 0.0265625 0.046875
1 0.41796875 0.22265625 0.0265625 0.046875
1 0.4796875 0.21953125 0.025 0.0421875
1 0.54453125 0.19765625 0.025 0.0453125
1 0.56875 0.1890625 0.0234375 0.0453125
1 0.71875 0.33046875 0.0265625 0.0484375
1 0.675 0.31015625 0.028125 0.0484375
1 0.6125 0.2671875 0.0265625 0.0484375
1 0.56328125 0.29765625 0.028125 0.05
1 0.47734375 0.33359375 0.03125 0.0578125
1 0.36015625 0.28125 0.0328125 0.0609375
1 0.30859375 0.29921875 0.0296875 0.0609375
1 0.23515625 0.3078125 0.0328125 0.0578125
1 0.4703125 0.39140625 0.0375 0.0734375
1 0.5671875 0.4140625 0.0421875 0.0734375
2 0.63046875 0.36640625 0.0359375 0.071875
1 0.76171875 0.4125 0.0296875 0.0609375
1 0.8234375 0.559375 0.0390625 0.0734375
1 0.59609375 0.5640625 0.0375 0.071875
1 0.48046875 0.54921875 0.040625 0.0734375
2 0.39765625 0.565625 0.040625 0.084375
1 0.31640625 0.5359375 0.0375 0.0796875
1 0.24765625 0.54453125 0.034375 0.0734375
1 0.92734375 0.53671875 0.0265625 0.0546875
1 0.96484375 0.54453125 0.0265625 0.0515625
1 0.88046875 0.36484375 0.0234375 0.0484375
1 0.8265625 0.34140625 0.0234375 0.0484375
1 0.83984375 0.29453125 0.025 0.0421875
1 0.79453125 0.271875 0.025 0.04375
1 0.78828125 0.18984375 0.021875 0.0453125
1 0.75390625 0.20234375 0.0203125 0.0390625
1 0.75546875 0.1640625 0.01875 0.0328125
1 0.7265625 0.1421875 0.01875 0.0375
1 0.72109375 0.11875 0.0203125 0.0328125
1 0.69453125 0.07578125 0.0171875 0.0328125
1 0.6703125 0.0484375 0.0171875 0.025
1 0.6453125 0.046875 0.015625 0.0265625