1 0.04140625 0.6640625 0.040625 0.0609375
3 0.06640625 0.690625 0.096875 0.1515625
1 0.10546875 0.31328125 0.025 0.04375
3 0.11640625 0.32578125 0.0640625 0.0890625
1 0.1046875 0.27421875 0.0203125 0.0328125
3 0.1109375 0.2796875 0.040625 0.0609375
1 0.12890625 0.259375 0.0234375 0.0390625
3 0.14140625 0.2703125 0.05 0.0671875
1 0.1359375 0.19453125 0.0203125 0.0328125
3 0.13515625 0.209375 0.0484375 0.075
1 0.17578125 0.134375 0.0203125 0.0328125
0 0.18515625 0.13671875 0.04375 0.05
1 0.2359375 0.075 0.01875 0.0234375
3 0.23671875 0.11171875 0.0453125 0.0609375
3 0.2171875 0.153125 0.0515625 0.0671875
3 0.30390625 0.1328125 0.05625 0.0671875
3 0.27109375 0.0921875 0.040625 0.0609375
3 0.2328125 0.2015625 0.059375 0.0859375
3 0.27734375 0.1828125 0.0640625 0.0890625
0 0.321875 0.18359375 0.0484375 0.05625
3 0.37421875 0.17109375 0.0765625 0.090625
3 0.30546875 0.08671875 0.05 0.059375
0 0.340625 0.07890625 0.040625 0.0515625
3 0.33046875 0.053125 0.0421875 0.0546875
3 0.3609375 0.0484375 0.0390625 0.0578125
3 0.37890625 0.06875 0.05 0.0671875
3 0.38046875 0.1 0.053125 0.075
3 0.41640625 0.0625 0.0453125 0.065625
3 0.3953125 0.0390625 0.0390625 0.0578125
3 0.41640625 0.1015625 0.0484375 0.065625
3 0.43203125 0.0359375 0.0359375 0.046875
3 0.46171875 0.09375 0.05 0.065625
3 0.46015625 0.03828125 0.04375 0.053125
0 0.49609375 0.03828125 0.0375 0.0484375
3 0.5015625 0.08515625 0.05 0.08125
0 0.48203125 0.06953125 0.034375 0.0484375
3 0.52890625 0.05859375 0.0484375 0.0625
0 0.546875 0.1015625 0.0578125 0.06875
0 0.5953125 0.10390625 0.05625 0.0578125
3 0.56796875 0.0609375 0.046875 0.05625
3 0.5875 0.15703125 0.059375 0.0640625
3 0.54296875 0.14453125 0.0515625 0.075
3 0.4984375 0.15859375 0.0640625 0.09375
3 0.446875 0.146875 0.071875 0.090625
3 0.2078125 0.2828125 0.065625 0.0890625
3 0.259375 0.26015625 0.075 0.103125
0 0.3359375 0.2453125 0.08125 0.090625
0 0.40078125 0.2328125 0.075 0.09375
3 0.4515625 0.21953125 0.0640625 0.090625
3 0.51015625 0.21171875 0.0609375 0.090625
3 0.5515625 0.21328125 0.0609375 0.0921875
0 0.70234375 0.31328125 0.0734375 0.096875
3 0.64765625 0.309375 0.06875 0.0984375
3 0.5921875 0.296875 0.075 0.11875
3 0.5390625 0.3078125 0.0734375 0.090625
0 0.47109375 0.34609375 0.084375 0.103125
3 0.4078125 0.33359375 0.08125 0.1375
3 0.35 0.33203125 0.0875 0.159375
3 0.2953125 0.35234375 0.0859375 0.14375
3 0.23984375 0.365625 0.084375 0.1390625
0 0.1875 0.38515625 0.0796875 0.1109375
1 0.18046875 0.3734375 0.0328125 0.05
3 0.46875 0.4265625 0.0984375 0.1421875
3 0.5578125 0.43125 0.0921875 0.1296875
3 0.625 0.41796875 0.1 0.1625
1 0.70546875 0.3890625 0.04375 0.0734375
3 0.69921875 0.4328125 0.1015625 0.1671875
3 0.7546875 0.42890625 0.078125 0.1546875
3 0.82109375 0.5921875 0.121875 0.1640625
3 0.60234375 0.61171875 0.1234375 0.19375
3 0.49609375 0.59296875 0.1046875 0.16875
3 0.4140625 0.6125 0.1 0.1640625
3 0.32890625 0.60703125 0.1046875 0.1796875
3 0.26640625 0.603125 0.0984375 0.19375
3 0.97578125 0.71484375 0.0484375 0.1328125
3 0.9578125 0.53125 0.0765625 0.128125
3 0.89609375 0.4921875 0.0890625 0.165625
3 0.803125 0.3203125 0.071875 0.109375
3 0.85546875 0.34453125 0.0640625 0.0984375
3 0.76015625 0.2640625 0.0671875 0.096875
3 0.80078125 0.25703125 0.0578125 0.0953125
3 0.725 0.1953125 0.0546875 0.0828125
3 0.7625 0.2 0.0546875 0.0796875
3 0.69140625 0.14375 0.0515625 0.075
3 0.72109375 0.14609375 0.0390625 0.0546875
0 0.6875 0.1109375 0.0484375 0.0609375
3 0.65546875 0.06953125 0.0421875 0.05625
3 0.603125 0.0484375 0.0390625 0.0546875
3 0.62734375 0.04765625 0.0328125 0.0453125
3 0.26015625 0.1328125 0.046875 0.075
1 0.22109375 0.140625 0.021875 0.0375
1 0.2375 0.09921875 0.01875 0.03125
1 0.25546875 0.11875 0.025 0.0390625
1 0.2703125 0.0875 0.0203125 0.0375
1 0.30546875 0.1171875 0.0234375 0.0328125
1 0.30625 0.07890625 0.0203125 0.0328125
1 0.3359375 0.0796875 0.0234375 0.0328125
1 0.32890625 0.0421875 0.01875 0.03125
1 0.359375 0.0359375 0.0171875 0.03125
1 0.3765625 0.0578125 0.0203125 0.034375
1 0.378125 0.084375 0.0234375 0.0375
1 0.39609375 0.025 0.01875 0.028125
1 0.4140625 0.04921875 0.021875 0.0359375
1 0.428125 0.0328125 0.01875 0.028125
1 0.46171875 0.0875 0.021875 0.0328125
1 0.46328125 0.02890625 0.01875 0.0296875
1 0.49609375 0.034375 0.01875 0.03125
1 0.50078125 0.06796875 0.0234375 0.040625
1 0.54765625 0.08984375 0.0234375 0.0375
1 0.534375 0.04765625 0.021875 0.0328125
1 0.56484375 0.05390625 0.0203125 0.0328125
1 0.59609375 0.0921875 0.021875 0.0328125
1 0.59921875 0.1421875 0.0265625 0.0375
1 0.54609375 0.13203125 0.0265625 0.046875
1 0.50390625 0.13515625 0.0265625 0.046875
1 0.4484375 0.13359375 0.028125 0.0484375
1 0.37109375 0.14921875 0.0265625 0.04375
1 0.3203125 0.17890625 0.028125 0.0421875
1 0.2765625 0.16796875 0.028125 0.046875
1 0.2296875 0.1859375 0.025 0.04375
1 0.23828125 0.23125 0.021875 0.021875
1 0.19921875 0.27109375 0.03125 0.04375
1 0.259375 0.2359375 0.03125 0.053125
1 0.33671875 0.2375 0.03125 0.046875
1 0.396875 0.22890625 0.034375 0.053125
1 0.4453125 0.1984375 0.028125 0.046875
1 0.5171875 0.190625 0.03125 0.046875
1 0.54296875 0.19140625 0.03125 0.0484375
1 0.70234375 0.31171875 0.0296875 0.0515625
1 0.6578125 0.2953125 0.0328125 0.053125
1 0.596875 0.26875 0.0296875 0.05
1 0.4625 0.3390625 0.0359375 0.059375
1 0.54375 0.29453125 0.0328125 0.053125
1 0.34765625 0.29375 0.0375 0.0640625
2 0.290625 0.31484375 0.0359375 0.059375
1 0.221875 0.33125 0.0375 0.059375
2 0.24921875 0.55390625 0.046875 0.08125
2 0.4046875 0.575 0.053125 0.0890625
1 0.4828125 0.55078125 0.0453125 0.075
1 0.60078125 0.55390625 0.046875 0.075
1 0.83515625 0.54765625 0.0484375 0.075
2 0.89921875 0.440625 0.03125 0.0640625
1 0.96640625 0.5046875 0.03125 0.0546875
2 0.80234375 0.2953125 0.028125 0.0515625
1 0.8625 0.32109375 0.0296875 0.0515625
1 0.8046875 0.2296875 0.0296875 0.0484375
1 0.77265625 0.24921875 0.0296875 0.0484375
1 0.76953125 0.1828125 0.028125 0.04375
1 0.72734375 0.18203125 0.025 0.0421875
1 0.7234375 0.14453125 0.0234375 0.0390625
1 0.69375 0.13046875 0.021875 0.034375
1 0.68671875 0.1 0.0234375 0.0375
1 0.65703125 0.06171875 0.0203125 0.0328125
1 0.63046875 0.0375 0.0171875 0.0265625
1 0.6046875 0.0359375 0.0203125 0.0296875
1 0.75234375 0.38515625 0.0359375 0.0609375
1 0.62734375 0.37890625 0.04375 0.065625
1 0.55859375 0.40546875 0.04375 0.071875
1 0.46171875 0.3984375 0.0421875 0.0703125