1 0.02109375 0.58515625 0.0265625 0.053125
3 0.0421875 0.61953125 0.0703125 0.1453125
1 0.13984375 0.25390625 0.01875 0.0421875
3 0.1484375 0.26796875 0.0515625 0.0828125
1 0.14453125 0.215625 0.0171875 0.0296875
3 0.15 0.22109375 0.0328125 0.0578125
1 0.171875 0.20390625 0.0171875 0.0359375
3 0.18359375 0.2171875 0.0421875 0.0609375
1 0.18828125 0.14140625 0.015625 0.03125
3 0.18359375 0.15390625 0.0390625 0.0703125
1 0.23671875 0.0875 0.0171875 0.0296875
0 0.24609375 0.09296875 0.0359375 0.0453125
1 0.30546875 0.03671875 0.0140625 0.021875
3 0.30078125 0.07578125 0.0375 0.05625
3 0.275 0.11328125 0.0421875 0.0625
0 0.32421875 0.11171875 0.0359375 0.0453125
3 0.3625 0.10859375 0.0453125 0.059375
3 0.334375 0.0625 0.0390625 0.05625
3 0.2828125 0.1625 0.046875 0.0796875
3 0.33125 0.1609375 0.0515625 0.0765625
0 0.3734375 0.159375 0.0421875 0.0515625
3 0.42734375 0.1578125 0.065625 0.0765625
3 0.371875 0.059375 0.0421875 0.05625
0 0.40859375 0.059375 0.034375 0.0484375
3 0.40234375 0.03203125 0.0359375 0.05
3 0.43359375 0.0328125 0.03125 0.0515625
3 0.44765625 0.05546875 0.0421875 0.0609375
3 0.44453125 0.0859375 0.04375 0.0703125
3 0.4859375 0.0546875 0.0375 0.0609375
3 0.46875 0.028125 0.03125 0.0546875
3 0.48203125 0.09375 0.046875 0.0609375
3 0.50546875 0.03046875 0.0296875 0.0421875
3 0.52578125 0.09296875 0.040625 0.0625
3 0.5328125 0.0375 0.0375 0.0484375
0 0.56875 0.04453125 0.03125 0.0453125
3 0.56640625 0.090625 0.0390625 0.0765625
0 0.5484375 0.06796875 0.028125 0.0453125
3 0.59765625 0.06875 0.040625 0.0578125
0 0.60859375 0.1140625 0.0484375 0.0625
0 0.65546875 0.12421875 0.0484375 0.0515625
3 0.6359375 0.0765625 0.0390625 0.0515625
3 0.640625 0.17421875 0.0515625 0.0578125
3 0.59921875 0.1625 0.0390625 0.0625
3 0.5515625 0.1625 0.0515625 0.0875
3 0.50078125 0.14296875 0.059375 0.0828125
3 0.24609375 0.2390625 0.0515625 0.0859375
3 0.3 0.22578125 0.0625 0.0953125
0 0.378125 0.22265625 0.0703125 0.08125
0 0.44375 0.2203125 0.0625 0.0859375
3 0.49453125 0.22734375 0.046875 0.059375
3 0.55390625 0.215625 0.046875 0.08125
3 0.596875 0.21484375 0.0515625 0.0875
0 0.72890625 0.34765625 0.0609375 0.0890625
3 0.67578125 0.33515625 0.05625 0.0921875
3 0.6203125 0.3046875 0.059375 0.1078125
3 0.56875 0.31640625 0.0609375 0.0875
0 0.4953125 0.34296875 0.071875 0.09375
3 0.43515625 0.32109375 0.0625 0.1296875
3 0.378125 0.31015625 0.0640625 0.153125
3 0.32109375 0.325 0.065625 0.13125
3 0.2640625 0.3265625 0.0640625 0.13125
0 0.209375 0.3375 0.0640625 0.103125
1 0.20390625 0.32578125 0.0265625 0.046875
3 0.48125 0.41953125 0.078125 0.1375
3 0.5671875 0.440625 0.0765625 0.1171875
3 0.6359375 0.43046875 0.0765625 0.1828125
0 0.70546875 0.4609375 0.06875 0.121875
3 0.76171875 0.471875 0.059375 0.1515625
3 0.8015625 0.63125 0.0984375 0.1734375
3 0.5828125 0.62734375 0.0984375 0.1796875
3 0.47890625 0.58125 0.0765625 0.153125
3 0.3984375 0.59375 0.0765625 0.15625
3 0.32421875 0.57109375 0.08125 0.1875
3 0.25234375 0.5765625 0.0796875 0.171875
1 0.9890625 0.7875 0.021875 0.0625
3 0.96015625 0.7921875 0.0796875 0.121875
3 0.9484375 0.603125 0.0515625 0.1171875
3 0.89765625 0.5921875 0.078125 0.1078125
3 0.8265625 0.39375 0.0484375 0.115625
3 0.875 0.4046875 0.0515625 0.08125
3 0.79453125 0.30859375 0.0515625 0.0859375
0 0.83984375 0.32265625 0.0484375 0.0578125
3 0.76953125 0.234375 0.04375 0.0765625
3 0.8046875 0.2328125 0.04375 0.0859375
3 0.7453125 0.17578125 0.0421875 0.0703125
3 0.77421875 0.19140625 0.028125 0.053125
0 0.74609375 0.14453125 0.040625 0.053125
3 0.7203125 0.09765625 0.034375 0.0515625
3 0.67265625 0.0703125 0.03125 0.05
3 0.69609375 0.0734375 0.0265625 0.0421875
1 0.29921875 0.0625 0.015625 0.028125
1 0.3375 0.0515625 0.015625 0.03125
1 0.28046875 0.10078125 0.015625 0.034375
1 0.315625 0.109375 0.01875 0.0328125
1 0.36796875 0.09765625 0.0171875 0.034375
1 0.371875 0.05 0.015625 0.03125
1 0.40234375 0.05859375 0.01875 0.0296875
1 0.4046875 0.021875 0.0140625 0.028125
1 0.43359375 0.02109375 0.0140625 0.0265625
1 0.44296875 0.06953125 0.0171875 0.034375
1 0.44765625 0.04296875 0.015625 0.03125
1 0.47109375 0.0140625 0.0140625 0.025
1 0.4859375 0.0421875 0.0171875 0.0328125
1 0.50234375 0.02734375 0.0140625 0.025
1 0.4828125 0.08125 0.0171875 0.03125
1 0.5375 0.02890625 0.0125 0.0265625
1 0.5296875 0.0890625 0.015625 0.0296875
2 0.5671875 0.06875 0.0140625 0.03125
1 0.56953125 0.040625 0.0140625 0.028125
1 0.60390625 0.0578125 0.0171875 0.03125
1 0.63359375 0.0671875 0.015625 0.03125
1 0.659375 0.1125 0.0171875 0.0296875
1 0.6109375 0.10234375 0.0171875 0.034375
1 0.65390625 0.1625 0.0203125 0.0328125
1 0.6 0.15 0.01875 0.0359375
1 0.5625 0.14140625 0.0171875 0.040625
1 0.50625 0.1296875 0.0203125 0.04375
1 0.42421875 0.1390625 0.0203125 0.04375
1 0.37265625 0.15625 0.01875 0.0359375
1 0.3328125 0.14609375 0.01875 0.0390625
1 0.28203125 0.140625 0.01875 0.0453125
1 0.240625 0.21796875 0.021875 0.0453125
1 0.3015625 0.2 0.021875 0.04375
1 0.378125 0.2125 0.0234375 0.0453125
1 0.4375 0.21796875 0.025 0.0453125
1 0.49921875 0.21875 0.021875 0.040625
1 0.565625 0.2015625 0.021875 0.04375
1 0.58984375 0.19453125 0.0203125 0.04375
1 0.7296875 0.34609375 0.0234375 0.046875
1 0.6875 0.32265625 0.025 0.046875
1 0.628125 0.27578125 0.0234375 0.046875
1 0.57734375 0.30234375 0.025 0.0484375
1 0.4890625 0.33203125 0.028125 0.05625
1 0.37578125 0.271875 0.028125 0.059375
1 0.32265625 0.28671875 0.025 0.0609375
1 0.24921875 0.28984375 0.0296875 0.05625
1 0.478125 0.38984375 0.0328125 0.071875
1 0.57265625 0.41953125 0.0375 0.0703125
2 0.63984375 0.37578125 0.03125 0.0703125
1 0.7671875 0.43125 0.0265625 0.0609375
1 0.81875 0.58203125 0.034375 0.071875
1 0.59140625 0.5703125 0.034375 0.0703125
1 0.47734375 0.54765625 0.0359375 0.0703125
2 0.39375 0.55859375 0.034375 0.0828125
1 0.31484375 0.52265625 0.03125 0.078125
1 0.2453125 0.5265625 0.0296875 0.071875
1 0.9234375 0.56640625 0.0234375 0.053125
1 0.9609375 0.5765625 0.0234375 0.05
1 0.88828125 0.3921875 0.0203125 0.046875
1 0.83671875 0.36484375 0.0203125 0.046875
1 0.853125 0.31875 0.021875 0.040625
1 0.809375 0.29296875 0.021875 0.0421875
1 0.80859375 0.2109375 0.01875 0.04375
1 0.77421875 0.22109375 0.01875 0.0375
1 0.778125 0.1828125 0.015625 0.0328125
1 0.75078125 0.159375 0.0171875 0.0359375
1 0.746875 0.13515625 0.01875 0.03125
1 0.7234375 0.090625 0.0140625 0.03125
1 0.7015625 0.06171875 0.015625 0.025
1 0.6765625 0.05859375 0.0140625 0.0265625