1 0.03125 0.5953125 0.0296875 0.0546875
3 0.0546875 0.63203125 0.084375 0.1453125
1 0.1328125 0.2625 0.021875 0.0453125
3 0.13671875 0.2859375 0.0515625 0.084375
1 0.15625 0.22265625 0.01875 0.0359375
0 0.16953125 0.2296875 0.046875 0.053125
1 0.16640625 0.15859375 0.015625 0.0328125
3 0.1671875 0.171875 0.0421875 0.0671875
1 0.2203125 0.1 0.0203125 0.03125
3 0.2265625 0.10859375 0.040625 0.059375
3 0.2578125 0.5875 0.0828125 0.175
3 0.32578125 0.58203125 0.0890625 0.184375
3 0.4046875 0.575 0.09375 0.1796875
3 0.48203125 0.56953125 0.0859375 0.1875
3 0.58203125 0.5671875 0.0953125 0.1625
3 0.8140625 0.615625 0.115625 0.178125
3 0.75859375 0.4578125 0.078125 0.15
3 0.7 0.43359375 0.0765625 0.1671875
3 0.63671875 0.43046875 0.078125 0.1359375
3 0.56796875 0.45 0.0875 0.1359375
3 0.48125 0.4328125 0.09375 0.1453125
0 0.2015625 0.34921875 0.075 0.1
3 0.25703125 0.31328125 0.0625 0.1296875
3 0.30703125 0.321875 0.0796875 0.134375
3 0.375 0.315625 0.059375 0.11875
3 0.42578125 0.32421875 0.0703125 0.13125
3 0.48671875 0.31875 0.0734375 0.1109375
3 0.55859375 0.3125 0.0671875 0.0859375
3 0.61953125 0.328125 0.0625 0.1078125
3 0.6703125 0.32734375 0.0546875 0.078125
0 0.71796875 0.3359375 0.0640625 0.0890625
3 0.58125 0.2109375 0.0515625 0.1
3 0.53984375 0.2140625 0.05 0.096875
3 0.428125 0.21484375 0.06875 0.0859375
0 0.3625 0.2296875 0.0734375 0.0859375
3 0.2828125 0.23671875 0.0640625 0.084375
3 0.23203125 0.25390625 0.0578125 0.0890625
3 0.26875 0.171875 0.0515625 0.0796875
3 0.3140625 0.16796875 0.0546875 0.0796875
3 0.3609375 0.16171875 0.05 0.0640625
3 0.41171875 0.1578125 0.059375 0.06875
0 0.48046875 0.15703125 0.0609375 0.0703125
3 0.534375 0.14375 0.0546875 0.0859375
3 0.5796875 0.159375 0.046875 0.075
3 0.621875 0.15703125 0.05 0.071875
0 0.63359375 0.11484375 0.0484375 0.053125
0 0.5890625 0.10703125 0.0515625 0.0625
3 0.546875 0.09921875 0.04375 0.071875
3 0.50234375 0.09140625 0.046875 0.059375
3 0.46484375 0.09453125 0.0421875 0.0640625
3 0.42421875 0.0890625 0.046875 0.071875
3 0.34375 0.11484375 0.05 0.0640625
0 0.3 0.1296875 0.0484375 0.053125
3 0.25703125 0.12578125 0.046875 0.065625
3 0.2796875 0.0859375 0.0390625 0.053125
3 0.31328125 0.07421875 0.0421875 0.0578125
3 0.3484375 0.0671875 0.04375 0.059375
3 0.28359375 0.06015625 0.04375 0.0453125
3 0.37890625 0.0375 0.0359375 0.053125
0 0.39140625 0.06328125 0.0375 0.053125
3 0.42421875 0.05625 0.0390625 0.0640625
3 0.40859375 0.03359375 0.028125 0.0546875
3 0.4484375 0.034375 0.0328125 0.0515625
3 0.4625 0.05703125 0.0390625 0.0578125
3 0.4828125 0.03125 0.03125 0.04375
3 0.5078125 0.03671875 0.0375 0.05
3 0.53125 0.0640625 0.04375 0.059375
3 0.5453125 0.0375 0.0328125 0.046875
3 0.5703125 0.06015625 0.0390625 0.0671875
3 0.615625 0.06953125 0.040625 0.05625
3 0.64765625 0.05859375 0.0328125 0.05625
3 0.675 0.0640625 0.0328125 0.0484375
3 0.69921875 0.0953125 0.0375 0.05625
0 0.72578125 0.13046875 0.0453125 0.053125
3 0.73125 0.16328125 0.0484375 0.0734375
3 0.75703125 0.175 0.0296875 0.05625
3 0.753125 0.21953125 0.0453125 0.0671875
3 0.7921875 0.22890625 0.046875 0.078125
3 0.78359375 0.29296875 0.0578125 0.090625
3 0.8203125 0.2921875 0.046875 0.084375
3 0.821875 0.371875 0.0578125 0.103125
3 0.86875 0.3734375 0.0484375 0.103125
3 0.9078125 0.5703125 0.0765625 0.096875
3 0.95546875 0.57890625 0.05625 0.1234375
3 0.96640625 0.765625 0.0671875 0.1125
3 0.4828125 0.22265625 0.0578125 0.0984375
1 0.1265625 0.2375 0.021875 0.0390625
1 0.28203125 0.0484375 0.015625 0.0265625
1 0.278125 0.075 0.0171875 0.0328125
1 0.26015625 0.11328125 0.0171875 0.0359375
1 0.31640625 0.06015625 0.015625 0.03125
1 0.29375 0.1203125 0.01875 0.0296875
1 0.34609375 0.1015625 0.01875 0.03125
1 0.34921875 0.0578125 0.0171875 0.03125
1 0.38046875 0.0265625 0.015625 0.0265625
1 0.3890625 0.05390625 0.01875 0.03125
1 0.41875 0.0375 0.0171875 0.0328125
2 0.41171875 0.01640625 0.0140625 0.0203125
1 0.4546875 0.02109375 0.0171875 0.0265625
1 0.421875 0.0734375 0.0203125 0.0359375
1 0.4640625 0.04453125 0.0171875 0.03125
1 0.47734375 0.0234375 0.015625 0.0328125
1 0.51171875 0.02734375 0.0140625 0.028125
1 0.50546875 0.08359375 0.0171875 0.03125
1 0.53046875 0.05078125 0.015625 0.0328125
1 0.54609375 0.034375 0.0171875 0.03125
1 0.54765625 0.0796875 0.01875 0.0328125
1 0.57265625 0.040625 0.01875 0.03125
1 0.61328125 0.05625 0.015625 0.0296875
1 0.5953125 0.09609375 0.0203125 0.0328125
1 0.63984375 0.10546875 0.01875 0.0328125
1 0.6296875 0.14296875 0.0203125 0.0375
1 0.5828125 0.14296875 0.01875 0.0359375
2 0.534375 0.12578125 0.0203125 0.0421875
1 0.4859375 0.14375 0.0234375 0.04375
1 0.41328125 0.14765625 0.021875 0.040625
1 0.35859375 0.15 0.0203125 0.0375
1 0.31328125 0.14921875 0.021875 0.0453125
1 0.26953125 0.15 0.01875 0.0375
1 0.2328125 0.23359375 0.025 0.046875
1 0.28203125 0.22265625 0.025 0.0453125
1 0.36328125 0.2203125 0.0265625 0.046875
1 0.42734375 0.21015625 0.0234375 0.0421875
1 0.490625 0.203125 0.025 0.046875
2 0.5421875 0.1890625 0.025 0.0453125
2 0.58203125 0.18515625 0.0234375 0.046875
1 0.71640625 0.3234375 0.025 0.0515625
1 0.67890625 0.3171875 0.0265625 0.046875
1 0.61640625 0.2984375 0.0265625 0.0453125
1 0.56484375 0.2984375 0.028125 0.0484375
1 0.48359375 0.2953125 0.0328125 0.0578125
1 0.42578125 0.29453125 0.034375 0.0640625
1 0.296875 0.290625 0.0296875 0.0578125
1 0.246875 0.27734375 0.0296875 0.053125
1 0.19453125 0.34375 0.0265625 0.046875
1 0.47265625 0.3953125 0.034375 0.0671875
1 0.58125 0.42421875 0.0421875 0.071875
2 0.6390625 0.4 0.0375 0.071875
2 0.71015625 0.3875 0.0328125 0.071875
1 0.76328125 0.415625 0.0296875 0.0625
1 0.82421875 0.575 0.0375 0.0734375
1 0.58828125 0.53203125 0.0359375 0.078125
2 0.4765625 0.52109375 0.0421875 0.08125
1 0.40390625 0.525 0.0359375 0.075
1 0.3171875 0.54375 0.0390625 0.0796875
1 0.24765625 0.5296875 0.0328125 0.0640625
1 0.9953125 0.77109375 0.009375 0.0609375
1 0.92890625 0.55625 0.025 0.0515625
1 0.96484375 0.54609375 0.025 0.0578125
1 0.87578125 0.35234375 0.021875 0.0453125
1 0.83125 0.346875 0.025 0.0484375
1 0.80234375 0.328125 0.021875 0.0296875
1 0.825 0.2765625 0.021875 0.0421875
1 0.7984375 0.2796875 0.025 0.04375
1 0.8015625 0.21328125 0.021875 0.040625
1 0.7609375 0.20703125 0.021875 0.0375
1 0.76015625 0.165625 0.01875 0.03125
1 0.7328125 0.146875 0.0171875 0.0359375
1 0.73046875 0.12109375 0.0203125 0.0296875
1 0.70234375 0.0796875 0.015625 0.03125
1 0.68046875 0.053125 0.0140625 0.0265625
1 0.65 0.04609375 0.0140625 0.0296875