1 0.01875 0.56640625 0.0328125 0.05703125
3 0.03828125 0.5984375 0.071875 0.14453125
1 0.1546875 0.23046875 0.01796875 0.04453125
3 0.15703125 0.25546875 0.04453125 0.08125
1 0.1875 0.190625 0.015625 0.03515625
3 0.19375 0.19921875 0.040625 0.05625
1 0.19765625 0.13046875 0.01328125 0.03125
3 0.196875 0.14453125 0.03671875 0.06484375
1 0.25625 0.078125 0.0171875 0.03125
3 0.2609375 0.0875 0.03515625 0.0546875
3 0.25078125 0.56640625 0.06796875 0.16953125
3 0.31953125 0.56875 0.07265625 0.171875
3 0.390625 0.5984375 0.08046875 0.19296875
3 0.478125 0.5984375 0.07265625 0.19453125
3 0.58828125 0.59140625 0.09609375 0.19609375
3 0.79609375 0.64375 0.0953125 0.15703125
3 0.7609375 0.48046875 0.065625 0.1453125
3 0.70625 0.44765625 0.0609375 0.16953125
3 0.6421875 0.44296875 0.06640625 0.13125
3 0.57265625 0.45703125 0.07578125 0.13515625
3 0.4875 0.43125 0.08203125 0.13828125
0 0.215625 0.32265625 0.06640625 0.09375
3 0.27421875 0.29296875 0.0515625 0.125
3 0.325 0.30546875 0.06953125 0.12578125
3 0.39140625 0.30546875 0.04921875 0.11484375
3 0.44140625 0.31875 0.06015625 0.12578125
3 0.50234375 0.31796875 0.0640625 0.10625
3 0.575 0.31796875 0.06015625 0.08046875
3 0.634375 0.3390625 0.053125 0.103125
3 0.684375 0.34296875 0.04765625 0.075
0 0.73125 0.35546875 0.05703125 0.08515625
3 0.60625 0.21875 0.04296875 0.09609375
3 0.56484375 0.21875 0.0421875 0.09296875
3 0.453125 0.21640625 0.06171875 0.08125
0 0.38671875 0.21875 0.06640625 0.0796875
3 0.30703125 0.221875 0.05859375 0.08125
3 0.2546875 0.23125 0.05078125 0.084375
3 0.2984375 0.14921875 0.04453125 0.08046875
3 0.34375 0.153125 0.0484375 0.07578125
0 0.38828125 0.15546875 0.04296875 0.0515625
3 0.4421875 0.1484375 0.05390625 0.06875
0 0.51015625 0.15625 0.05546875 0.065625
3 0.565625 0.15546875 0.0484375 0.071875
3 0.609375 0.16796875 0.04140625 0.07109375
3 0.6515625 0.16875 0.04375 0.06953125
0 0.66640625 0.12890625 0.04296875 0.046875
0 0.62265625 0.11640625 0.04609375 0.059375
3 0.58203125 0.1046875 0.03828125 0.06875
3 0.53828125 0.09453125 0.04140625 0.05625
3 0.5015625 0.09296875 0.03671875 0.06171875
3 0.46015625 0.0859375 0.04140625 0.06953125
3 0.378125 0.10234375 0.04453125 0.06015625
0 0.3328125 0.11328125 0.04375 0.04921875
3 0.290625 0.10625 0.03984375 0.05859375
3 0.31640625 0.06796875 0.034375 0.05078125
3 0.35078125 0.05859375 0.0375 0.05546875
3 0.3875 0.05703125 0.0390625 0.053125
3 0.32265625 0.04296875 0.03984375 0.04375
3 0.41953125 0.02890625 0.03125 0.05078125
0 0.4296875 0.05546875 0.03359375 0.05
3 0.46640625 0.0484375 0.03359375 0.06640625
3 0.44921875 0.02734375 0.0234375 0.053125
3 0.4890625 0.03125 0.02890625 0.04921875
3 0.5015625 0.05546875 0.034375 0.05546875
3 0.52265625 0.03125 0.02578125 0.04140625
3 0.5484375 0.0390625 0.03359375 0.046875
3 0.57109375 0.0671875 0.0359375 0.05859375
3 0.584375 0.04375 0.02890625 0.040625
3 0.60859375 0.06796875 0.03359375 0.0640625
3 0.65390625 0.08203125 0.03359375 0.0515625
3 0.684375 0.07578125 0.02890625 0.05
3 0.7125 0.08046875 0.02734375 0.04453125
3 0.73359375 0.1109375 0.0328125 0.05546875
0 0.75546875 0.15546875 0.04453125 0.04375
3 0.75859375 0.18828125 0.0421875 0.0640625
3 0.784375 0.1984375 0.02421875 0.05546875
3 0.7765625 0.24296875 0.04140625 0.065625
3 0.81484375 0.25546875 0.03984375 0.071875
3 0.80078125 0.31796875 0.05078125 0.084375
0 0.84296875 0.33203125 0.04921875 0.0640625
3 0.83203125 0.4015625 0.05 0.0984375
3 0.88125 0.41640625 0.04609375 0.0796875
3 0.9 0.60546875 0.06875 0.090625
3 0.946875 0.61796875 0.0453125 0.11953125
3 0.953125 0.80546875 0.08203125 0.10546875
3 0.50625 0.21796875 0.04921875 0.090625
1 0.98046875 0.81484375 0.02578125 0.059375
1 0.96015625 0.58671875 0.01796875 0.05625
1 0.321875 0.03203125 0.01328125 0.02578125
1 0.3140625 0.05546875 0.015625 0.0296875
1 0.29453125 0.09296875 0.01328125 0.03203125
1 0.32578125 0.10546875 0.015625 0.03046875
1 0.35390625 0.04453125 0.01484375 0.0296875
1 0.38203125 0.090625 0.01796875 0.034375
1 0.38828125 0.0484375 0.01484375 0.03046875
1 0.42265625 0.0171875 0.01484375 0.025
1 0.428125 0.046875 0.0140625 0.03046875
1 0.45078125 0.01328125 0.0125 0.02421875
1 0.46953125 0.03125 0.01484375 0.03046875
1 0.459375 0.06875 0.01640625 0.034375
1 0.496875 0.01796875 0.0140625 0.0265625
1 0.50390625 0.04296875 0.015625 0.03046875
1 0.5171875 0.02578125 0.0125 0.02578125
1 0.55390625 0.03046875 0.01171875 0.025
1 0.58671875 0.040625 0.0140625 0.02890625
1 0.5421875 0.0921875 0.015625 0.02890625
1 0.61328125 0.05078125 0.01484375 0.03125
1 0.56953125 0.05390625 0.015625 0.0296875
1 0.584375 0.08671875 0.01484375 0.03046875
1 0.65078125 0.0703125 0.01328125 0.028125
1 0.62890625 0.10625 0.01640625 0.03203125
1 0.6734375 0.11875 0.015625 0.0296875
1 0.66171875 0.15625 0.0171875 0.034375
1 0.6125 0.14921875 0.0171875 0.03359375
1 0.5734375 0.14140625 0.01796875 0.040625
1 0.51875 0.14453125 0.01796875 0.04296875
1 0.44375 0.1359375 0.01796875 0.04453125
1 0.3953125 0.153125 0.01875 0.03671875
1 0.34453125 0.1359375 0.01796875 0.04140625
1 0.29765625 0.13046875 0.01796875 0.03671875
1 0.25625 0.21015625 0.02109375 0.04296875
1 0.30703125 0.20625 0.02109375 0.04140625
1 0.38828125 0.20703125 0.01953125 0.0453125
1 0.453125 0.20625 0.0203125 0.04140625
1 0.51328125 0.19375 0.01953125 0.0453125
2 0.56875 0.19296875 0.0203125 0.0453125
2 0.60703125 0.19375 0.01953125 0.04609375
1 0.73125 0.34375 0.02109375 0.04609375
1 0.69453125 0.33125 0.02109375 0.0484375
1 0.63359375 0.31015625 0.0234375 0.04453125
1 0.5859375 0.303125 0.02421875 0.04921875
1 0.503125 0.29765625 0.0265625 0.05625
1 0.44453125 0.28671875 0.02734375 0.05625
1 0.31796875 0.275 0.0234375 0.05546875
1 0.26640625 0.25546875 0.02578125 0.0515625
1 0.209375 0.31796875 0.02265625 0.046875
1 0.48203125 0.39375 0.02890625 0.06328125
1 0.5859375 0.43359375 0.03359375 0.06484375
2 0.64609375 0.4109375 0.02890625 0.06875
2 0.71875 0.39921875 0.02578125 0.06875
1 0.76875 0.4390625 0.02421875 0.06171875
2 0.78515625 0.60546875 0.03046875 0.0796875
2 0.59140625 0.53046875 0.02890625 0.071875
1 0.48125 0.53984375 0.0328125 0.07578125
2 0.3921875 0.546875 0.03046875 0.08125
1 0.3171875 0.53046875 0.028125 0.078125
1 0.24453125 0.51640625 0.02734375 0.06328125
1 0.9234375 0.59609375 0.02109375 0.04921875
1 0.890625 0.4015625 0.01953125 0.04609375
1 0.84375 0.37734375 0.0203125 0.046875
1 0.85078125 0.32890625 0.01953125 0.0390625
1 0.81640625 0.30859375 0.02109375 0.04453125
1 0.82578125 0.240625 0.01796875 0.03828125
1 0.7875 0.23046875 0.0171875 0.03515625
1 0.78828125 0.1921875 0.01484375 0.034375
1 0.76484375 0.17265625 0.01640625 0.03046875
1 0.76484375 0.1515625 0.0171875 0.02421875
1 0.73828125 0.1 0.0125 0.03125
1 0.71875 0.07109375 0.01328125 0.0265625
1 0.68828125 0.0640625 0.01171875 0.02421875