1 0.0171875 0.49765625 0.034375 0.0609375
3 0.03671875 0.5328125 0.0734375 0.153125
1 0.1953125 0.18515625 0.0234375 0.046875
3 0.19453125 0.21015625 0.0546875 0.0859375
1 0.23359375 0.15 0.0203125 0.0375
3 0.23828125 0.159375 0.0484375 0.0609375
1 0.25234375 0.0921875 0.0171875 0.0328125
3 0.24921875 0.10546875 0.0453125 0.06875
1 0.3171875 0.0484375 0.021875 0.0328125
3 0.3203125 0.05859375 0.0421875 0.059375
3 0.24375 0.53125 0.090625 0.1765625
3 0.31171875 0.54296875 0.0953125 0.1796875
3 0.378125 0.58203125 0.10625 0.2015625
3 0.46484375 0.59453125 0.0984375 0.203125
3 0.575 0.603125 0.121875 0.2078125
3 0.7734375 0.68359375 0.115625 0.16875
3 0.7609375 0.5171875 0.0859375 0.153125
3 0.71171875 0.4765625 0.084375 0.1765625
3 0.6484375 0.46328125 0.084375 0.1390625
3 0.578125 0.4671875 0.09375 0.14375
3 0.496875 0.43046875 0.1 0.1484375
0 0.24296875 0.28515625 0.078125 0.1015625
3 0.30546875 0.26328125 0.06875 0.13125
3 0.35390625 0.2828125 0.0859375 0.134375
3 0.41953125 0.2921875 0.0640625 0.1203125
3 0.4671875 0.3125 0.0765625 0.1328125
3 0.52734375 0.3203125 0.078125 0.1140625
3 0.59921875 0.33046875 0.0703125 0.0875
3 0.65546875 0.359375 0.0671875 0.109375
3 0.7046875 0.3703125 0.0578125 0.08125
0 0.74921875 0.3890625 0.06875 0.0921875
3 0.64453125 0.2359375 0.05625 0.1015625
3 0.603125 0.23046875 0.0546875 0.0984375
3 0.49296875 0.2125 0.071875 0.0890625
0 0.42734375 0.20546875 0.0765625 0.0875
3 0.34765625 0.19765625 0.06875 0.0890625
3 0.29453125 0.2 0.0625 0.090625
3 0.34921875 0.12421875 0.0546875 0.0859375
3 0.39375 0.134375 0.0578125 0.08125
0 0.4375 0.14296875 0.05 0.0578125
3 0.49140625 0.14375 0.0625 0.075
0 0.5578125 0.1609375 0.0640625 0.0734375
3 0.61328125 0.16796875 0.0578125 0.078125
3 0.6546875 0.18671875 0.0515625 0.0765625
3 0.69609375 0.19296875 0.053125 0.075
0 0.71640625 0.15546875 0.0484375 0.053125
0 0.675 0.1375 0.0546875 0.065625
3 0.6359375 0.1203125 0.046875 0.0734375
3 0.59453125 0.10390625 0.0484375 0.0609375
3 0.5578125 0.096875 0.0453125 0.065625
3 0.51796875 0.084375 0.05 0.075
3 0.434375 0.0890625 0.053125 0.065625
0 0.38828125 0.09375 0.05 0.0546875
3 0.34765625 0.08125 0.046875 0.0640625
3 0.378125 0.046875 0.040625 0.0546875
3 0.41328125 0.0421875 0.0453125 0.059375
3 0.45 0.0453125 0.0453125 0.0578125
3 0.38828125 0.0234375 0.0453125 0.046875
3 0.4859375 0.025 0.0375 0.05
0 0.4921875 0.05 0.040625 0.0546875
3 0.5296875 0.0484375 0.0421875 0.0703125
3 0.515625 0.0265625 0.03125 0.053125
3 0.5546875 0.034375 0.0359375 0.053125
3 0.56328125 0.06015625 0.0421875 0.059375
3 0.5875 0.0390625 0.03125 0.0453125
3 0.6125 0.05 0.0390625 0.0515625
3 0.63046875 0.08125 0.04375 0.0625
3 0.646875 0.06015625 0.034375 0.04375
3 0.66796875 0.0875 0.0421875 0.06875
3 0.7109375 0.1078125 0.040625 0.05625
3 0.74140625 0.10546875 0.0359375 0.053125
3 0.76875 0.1140625 0.0328125 0.0484375
3 0.78515625 0.146875 0.040625 0.059375
0 0.80078125 0.19453125 0.05 0.05
3 0.79921875 0.22734375 0.05 0.06875
3 0.8234375 0.240625 0.03125 0.0578125
3 0.809375 0.28359375 0.05 0.0703125
3 0.84609375 0.3015625 0.05 0.0765625
3 0.8234375 0.36171875 0.0625 0.090625
0 0.86328125 0.38125 0.0578125 0.0703125
3 0.8421875 0.4484375 0.0625 0.1046875
3 0.8890625 0.4703125 0.05625 0.0859375
3 0.88125 0.66015625 0.08125 0.1
3 0.92578125 0.67890625 0.0609375 0.125
3 0.90625 0.865625 0.0953125 0.115625
3 0.5453125 0.221875 0.0609375 0.096875
1 0.93203125 0.87890625 0.034375 0.0625
1 0.94375 0.65 0.025 0.0578125
1 0.38828125 0.0125 0.0171875 0.025
1 0.378125 0.03359375 0.0203125 0.03125
1 0.353125 0.06796875 0.0171875 0.0328125
1 0.38203125 0.08515625 0.0203125 0.0328125
1 0.41875 0.02890625 0.01875 0.03125
1 0.43984375 0.078125 0.021875 0.0359375
1 0.45234375 0.0375 0.01875 0.0328125
1 0.490625 0.01171875 0.01875 0.0234375
1 0.4921875 0.04140625 0.01875 0.0328125
1 0.51875 0.01171875 0.015625 0.0234375
1 0.53515625 0.03125 0.01875 0.0328125
1 0.51953125 0.0671875 0.0203125 0.0359375
1 0.5640625 0.021875 0.0171875 0.028125
1 0.5671875 0.04765625 0.0203125 0.0328125
1 0.5828125 0.0328125 0.015625 0.0265625
1 0.61875 0.0421875 0.015625 0.0265625
1 0.65 0.05703125 0.0171875 0.03125
1 0.5984375 0.10234375 0.01875 0.03125
1 0.675 0.07109375 0.01875 0.0328125
1 0.63125 0.06796875 0.0203125 0.03125
1 0.64140625 0.10234375 0.01875 0.0328125
1 0.709375 0.0953125 0.0171875 0.0296875
1 0.6828125 0.128125 0.0203125 0.034375
1 0.725 0.146875 0.0203125 0.03125
1 0.7078125 0.18203125 0.021875 0.0359375
1 0.66015625 0.16796875 0.021875 0.0359375
1 0.62265625 0.15546875 0.0234375 0.0421875
1 0.56796875 0.15078125 0.0234375 0.0453125
1 0.4953125 0.13203125 0.0234375 0.046875
1 0.44453125 0.1421875 0.0234375 0.0390625
1 0.396875 0.11796875 0.0234375 0.04375
1 0.35078125 0.10625 0.0234375 0.0390625
1 0.29921875 0.17890625 0.0265625 0.0453125
1 0.35 0.18203125 0.0265625 0.04375
1 0.43046875 0.19453125 0.025 0.046875
1 0.49453125 0.20234375 0.0265625 0.04375
1 0.55546875 0.1984375 0.025 0.046875
2 0.6109375 0.20546875 0.0265625 0.0484375
2 0.6484375 0.21171875 0.025 0.0484375
1 0.75078125 0.37734375 0.0265625 0.0484375
1 0.71640625 0.36015625 0.028125 0.0515625
1 0.65859375 0.33046875 0.0296875 0.046875
1 0.6125 0.3171875 0.03125 0.0515625
1 0.53125 0.3 0.034375 0.059375
1 0.475 0.28125 0.034375 0.059375
1 0.35078125 0.2515625 0.03125 0.0578125
1 0.30234375 0.225 0.0328125 0.0546875
1 0.2375 0.27890625 0.0296875 0.05
1 0.496875 0.3921875 0.0375 0.0671875
1 0.59453125 0.44609375 0.0421875 0.06875
2 0.65703125 0.43203125 0.0375 0.071875
2 0.73046875 0.43046875 0.034375 0.071875
1 0.775 0.47734375 0.0328125 0.0640625
2 0.76796875 0.64375 0.040625 0.0828125
2 0.5859375 0.54296875 0.0390625 0.075
1 0.47578125 0.53671875 0.04375 0.0796875
2 0.38671875 0.53125 0.0421875 0.084375
1 0.31484375 0.5046875 0.0390625 0.08125
1 0.24453125 0.48046875 0.0359375 0.0671875
1 0.90625 0.65390625 0.028125 0.0515625
1 0.90078125 0.45703125 0.025 0.0484375
1 0.8578125 0.4265625 0.0265625 0.05
1 0.87109375 0.3796875 0.025 0.040625
1 0.83984375 0.3546875 0.0265625 0.046875
1 0.85859375 0.28828125 0.0234375 0.040625
1 0.821875 0.2734375 0.021875 0.0375
1 0.828125 0.23515625 0.01875 0.0359375
1 0.8078125 0.2125 0.0203125 0.0328125
1 0.8109375 0.1921875 0.0203125 0.0265625
1 0.79140625 0.13671875 0.0171875 0.0328125
1 0.7765625 0.10546875 0.0171875 0.028125
1 0.746875 0.09453125 0.015625 0.025