1 0.02109375 0.55 0.0359375 0.0578125
3 0.0390625 0.58671875 0.0765625 0.146875
1 0.1640625 0.21875 0.01875 0.0453125
3 0.16796875 0.2390625 0.0484375 0.08125
1 0.1921875 0.1875 0.0171875 0.03125
0 0.19609375 0.1953125 0.0359375 0.05625
1 0.2109375 0.1203125 0.0140625 0.03125
3 0.209375 0.134375 0.0390625 0.065625
1 0.27109375 0.06796875 0.01875 0.03125
3 0.275 0.0765625 0.0390625 0.0578125
3 0.2453125 0.55859375 0.065625 0.171875
3 0.30546875 0.59921875 0.0921875 0.2
3 0.39375 0.58046875 0.078125 0.159375
3 0.4703125 0.5703125 0.0796875 0.1640625
3 0.584375 0.60859375 0.1015625 0.1984375
3 0.790625 0.65390625 0.1 0.1609375
3 0.7671875 0.48984375 0.0609375 0.146875
3 0.70859375 0.46640625 0.0765625 0.134375
3 0.64375 0.44921875 0.071875 0.1765625
3 0.5734375 0.453125 0.0828125 0.140625
3 0.48984375 0.43046875 0.0875 0.140625
0 0.221875 0.31796875 0.0703125 0.096875
3 0.28125 0.28515625 0.05625 0.1265625
3 0.33203125 0.3 0.0734375 0.128125
3 0.40078125 0.3015625 0.053125 0.1171875
3 0.44765625 0.3171875 0.065625 0.1234375
3 0.51015625 0.321875 0.065625 0.1078125
3 0.58125 0.32421875 0.0625 0.0828125
3 0.640625 0.346875 0.059375 0.090625
3 0.68984375 0.34921875 0.05 0.0765625
0 0.73359375 0.3625 0.053125 0.0875
3 0.61328125 0.21015625 0.04375 0.1125
3 0.575 0.2203125 0.0453125 0.090625
3 0.46328125 0.21484375 0.0640625 0.0828125
0 0.39765625 0.21484375 0.06875 0.08125
3 0.315625 0.215625 0.0609375 0.0828125
3 0.2640625 0.22265625 0.053125 0.0859375
3 0.309375 0.1421875 0.05 0.08125
3 0.35625 0.14765625 0.0515625 0.078125
0 0.4 0.1515625 0.0453125 0.053125
3 0.4546875 0.146875 0.0546875 0.0703125
0 0.52265625 0.15703125 0.0578125 0.0671875
3 0.57734375 0.1578125 0.0515625 0.0734375
3 0.621875 0.171875 0.04375 0.071875
3 0.66328125 0.1734375 0.046875 0.0703125
0 0.67890625 0.134375 0.046875 0.0515625
0 0.6359375 0.12109375 0.0484375 0.0609375
3 0.59609375 0.1078125 0.040625 0.0703125
3 0.55234375 0.0984375 0.04375 0.0578125
3 0.515625 0.09296875 0.0390625 0.0625
3 0.475 0.0875 0.04375 0.0703125
3 0.3921875 0.0984375 0.046875 0.0609375
0 0.34296875 0.10859375 0.0390625 0.0484375
3 0.30390625 0.1 0.04375 0.05625
3 0.33125 0.06171875 0.0359375 0.0515625
3 0.36640625 0.05546875 0.0390625 0.05625
3 0.403125 0.05703125 0.040625 0.05625
3 0.3390625 0.03671875 0.040625 0.0453125
3 0.4359375 0.0265625 0.0328125 0.0515625
0 0.4453125 0.053125 0.0359375 0.05
3 0.47890625 0.05546875 0.040625 0.0484375
3 0.46640625 0.021875 0.0296875 0.04375
3 0.50546875 0.03125 0.03125 0.05
3 0.5171875 0.05546875 0.0359375 0.05625
3 0.5390625 0.03203125 0.0265625 0.0421875
3 0.56484375 0.04140625 0.0359375 0.0484375
3 0.58515625 0.059375 0.040625 0.0625
3 0.6046875 0.046875 0.021875 0.0453125
3 0.6234375 0.071875 0.0359375 0.065625
3 0.66796875 0.08671875 0.0375 0.0515625
3 0.7 0.0828125 0.03125 0.0515625
3 0.72734375 0.08828125 0.028125 0.0453125
3 0.7453125 0.11953125 0.034375 0.05625
0 0.7671875 0.16484375 0.0453125 0.0453125
3 0.76953125 0.19765625 0.04375 0.065625
3 0.79453125 0.203125 0.0265625 0.046875
3 0.78515625 0.253125 0.04375 0.0671875
3 0.82421875 0.26640625 0.0421875 0.0734375
3 0.80703125 0.32890625 0.053125 0.0859375
0 0.8484375 0.34296875 0.0515625 0.065625
3 0.83515625 0.41328125 0.053125 0.1
3 0.88046875 0.4296875 0.0453125 0.1
3 0.89609375 0.61171875 0.071875 0.096875
3 0.9421875 0.63359375 0.05 0.1203125
3 0.94609375 0.81640625 0.0859375 0.109375
3 0.51640625 0.2125 0.0515625 0.0828125
1 0.975 0.81484375 0.028125 0.0578125
1 0.95625 0.60625 0.0203125 0.0515625
1 0.33828125 0.02578125 0.015625 0.0265625
1 0.334375 0.053125 0.015625 0.03125
1 0.30859375 0.08671875 0.015625 0.03125
1 0.33984375 0.1 0.0171875 0.0296875
1 0.3703125 0.04375 0.015625 0.03125
1 0.39609375 0.08671875 0.0171875 0.03125
1 0.403125 0.04921875 0.015625 0.0265625
1 0.44609375 0.04375 0.0140625 0.025
1 0.43984375 0.0140625 0.0140625 0.0265625
1 0.46796875 0.0125 0.0125 0.025
1 0.48046875 0.0453125 0.0140625 0.0265625
1 0.47421875 0.07109375 0.015625 0.03125
1 0.51875 0.04375 0.015625 0.0296875
1 0.5125 0.01796875 0.015625 0.0265625
1 0.55546875 0.0921875 0.0171875 0.03125
1 0.5703125 0.0328125 0.0140625 0.025
1 0.5375 0.02890625 0.0140625 0.0265625
1 0.59609375 0.0890625 0.0171875 0.03125
2 0.59140625 0.046875 0.0140625 0.03125
1 0.60234375 0.04375 0.0125 0.0296875
1 0.62890625 0.0546875 0.015625 0.03125
1 0.64140625 0.1109375 0.0171875 0.0296875
1 0.665625 0.07578125 0.0140625 0.028125
1 0.6859375 0.125 0.0171875 0.0296875
1 0.67421875 0.1625 0.01875 0.034375
1 0.62578125 0.153125 0.0171875 0.03125
1 0.5859375 0.14453125 0.0203125 0.0390625
1 0.53203125 0.1453125 0.0203125 0.0421875
1 0.45703125 0.13828125 0.0203125 0.040625
1 0.4078125 0.14921875 0.0203125 0.0359375
1 0.35703125 0.13046875 0.01875 0.0421875
1 0.31015625 0.1234375 0.01875 0.0359375
1 0.26953125 0.19921875 0.021875 0.040625
1 0.31640625 0.1984375 0.021875 0.040625
1 0.3984375 0.20546875 0.0234375 0.0453125
1 0.4609375 0.20390625 0.021875 0.040625
1 0.525 0.19453125 0.01875 0.04375
2 0.58046875 0.19609375 0.021875 0.04375
2 0.615625 0.18125 0.021875 0.0453125
1 0.73125 0.34921875 0.0234375 0.046875
1 0.7 0.3421875 0.0234375 0.0453125
1 0.6484375 0.32890625 0.021875 0.0453125
1 0.5875 0.30859375 0.025 0.0484375
1 0.5046875 0.36796875 0.0140625 0.021875
1 0.51328125 0.30546875 0.025 0.053125
1 0.4515625 0.2875 0.0296875 0.05625
1 0.4078125 0.27734375 0.028125 0.05625
1 0.3265625 0.26796875 0.0265625 0.0578125
1 0.275 0.24765625 0.0265625 0.0515625
1 0.21640625 0.30703125 0.0265625 0.046875
1 0.48828125 0.3921875 0.03125 0.065625
1 0.5890625 0.41875 0.0375 0.0671875
2 0.65390625 0.39921875 0.03125 0.065625
2 0.728125 0.43671875 0.03125 0.0671875
1 0.77109375 0.45 0.0265625 0.0609375
1 0.24375 0.5078125 0.0296875 0.0625
2 0.3890625 0.546875 0.0359375 0.08125
1 0.47109375 0.53046875 0.0375 0.0765625
1 0.5828125 0.54609375 0.0328125 0.071875
2 0.78125 0.61484375 0.034375 0.0796875
1 0.91953125 0.58828125 0.0234375 0.053125
2 0.846875 0.38515625 0.01875 0.04375
1 0.89296875 0.40234375 0.01875 0.0453125
1 0.82265625 0.31796875 0.021875 0.0453125
1 0.85546875 0.340625 0.0203125 0.040625
1 0.796875 0.240625 0.01875 0.034375
1 0.83359375 0.253125 0.01875 0.0390625
1 0.77578125 0.18203125 0.015625 0.03125
1 0.7984375 0.203125 0.0171875 0.034375
1 0.775 0.16171875 0.0203125 0.025
1 0.75234375 0.109375 0.0125 0.03125
1 0.73359375 0.07734375 0.0140625 0.0265625
1 0.7046875 0.07109375 0.0125 0.025