1 0.01640625 0.5234375 0.0328125 0.059375
3 0.03671875 0.5578125 0.0734375 0.15
1 0.1796875 0.2015625 0.021875 0.0453125
3 0.1796875 0.2265625 0.0515625 0.084375
1 0.215625 0.16484375 0.01875 0.0359375
3 0.22109375 0.1734375 0.0453125 0.059375
1 0.23125 0.10546875 0.015625 0.0328125
3 0.22890625 0.11953125 0.0421875 0.0671875
1 0.29375 0.05859375 0.0203125 0.0328125
3 0.29765625 0.06796875 0.0390625 0.0578125
3 0.24609375 0.54453125 0.0828125 0.175
3 0.3140625 0.553125 0.0875 0.178125
3 0.3828125 0.58828125 0.096875 0.2
3 0.46953125 0.59609375 0.0890625 0.2
3 0.5796875 0.5984375 0.1125 0.203125
3 0.7828125 0.66875 0.109375 0.1640625
3 0.76171875 0.503125 0.078125 0.15
3 0.71015625 0.465625 0.075 0.1734375
3 0.646875 0.45546875 0.078125 0.1359375
3 0.57578125 0.46328125 0.0875 0.140625
3 0.49375 0.43046875 0.09375 0.1453125
0 0.23203125 0.2984375 0.075 0.0984375
3 0.29296875 0.27421875 0.0625 0.1296875
3 0.34296875 0.290625 0.0796875 0.13125
3 0.40859375 0.296875 0.059375 0.11875
3 0.4578125 0.3140625 0.0703125 0.13125
3 0.51796875 0.31875 0.0734375 0.1109375
3 0.590625 0.325 0.0671875 0.0859375
3 0.64765625 0.3515625 0.0625 0.1078125
3 0.69765625 0.359375 0.0546875 0.078125
0 0.74296875 0.3765625 0.0640625 0.0890625
3 0.63046875 0.22890625 0.0515625 0.1
3 0.5890625 0.22578125 0.05 0.096875
3 0.478125 0.21328125 0.06875 0.0859375
0 0.41171875 0.21015625 0.0734375 0.0859375
3 0.33203125 0.20625 0.065625 0.0859375
3 0.27890625 0.2109375 0.0578125 0.0890625
3 0.3296875 0.1328125 0.0515625 0.084375
3 0.37421875 0.140625 0.0546875 0.0796875
0 0.41875 0.146875 0.046875 0.0546875
3 0.4734375 0.14453125 0.059375 0.0734375
0 0.53984375 0.15859375 0.0609375 0.0703125
3 0.5953125 0.1625 0.0546875 0.0765625
3 0.63828125 0.17890625 0.046875 0.075
3 0.6796875 0.18359375 0.05 0.0734375
0 0.6984375 0.14453125 0.046875 0.05
0 0.65546875 0.12890625 0.0515625 0.0625
3 0.61640625 0.11328125 0.04375 0.071875
3 0.5734375 0.09921875 0.046875 0.059375
3 0.53671875 0.09453125 0.0421875 0.0640625
3 0.49609375 0.084375 0.046875 0.0734375
3 0.41328125 0.09296875 0.05 0.0640625
0 0.3671875 0.1 0.0484375 0.053125
3 0.32578125 0.08984375 0.0453125 0.0625
3 0.3546875 0.05390625 0.0390625 0.053125
3 0.38984375 0.04765625 0.0421875 0.0578125
3 0.4265625 0.04921875 0.04375 0.05625
3 0.36328125 0.02890625 0.04375 0.046875
3 0.46015625 0.025 0.0359375 0.05
0 0.46875 0.05078125 0.0375 0.053125
3 0.50625 0.046875 0.0390625 0.06875
3 0.490625 0.02578125 0.028125 0.0515625
3 0.5296875 0.03203125 0.0328125 0.0515625
3 0.540625 0.05703125 0.0390625 0.0578125
3 0.56328125 0.03515625 0.0296875 0.04375
3 0.58828125 0.0453125 0.0375 0.05
3 0.60859375 0.075 0.040625 0.0609375
3 0.6234375 0.053125 0.0328125 0.04375
3 0.64609375 0.07890625 0.0390625 0.0671875
3 0.68984375 0.096875 0.0375 0.0546875
3 0.7203125 0.09375 0.0328125 0.0515625
3 0.7484375 0.10078125 0.03125 0.046875
3 0.76640625 0.1328125 0.0375 0.0578125
0 0.784375 0.17890625 0.0484375 0.046875
3 0.78515625 0.21171875 0.046875 0.0671875
3 0.809375 0.22421875 0.0296875 0.0578125
3 0.79765625 0.26796875 0.046875 0.06875
3 0.83515625 0.28359375 0.0453125 0.075
3 0.815625 0.34453125 0.0578125 0.0890625
0 0.85625 0.3625 0.0546875 0.06875
3 0.8390625 0.43125 0.0578125 0.103125
3 0.88671875 0.45 0.053125 0.0828125
3 0.8890625 0.63984375 0.0765625 0.096875
3 0.93515625 0.65625 0.05625 0.1234375
3 0.925 0.84375 0.090625 0.1125
3 0.53046875 0.21953125 0.05625 0.0953125
1 0.9515625 0.85546875 0.03125 0.0609375
1 0.95078125 0.6265625 0.0234375 0.0578125
1 0.36328125 0.01796875 0.015625 0.0265625
1 0.353125 0.040625 0.01875 0.03125
1 0.33046875 0.0765625 0.015625 0.0328125
1 0.3609375 0.09140625 0.01875 0.03125
1 0.39453125 0.03359375 0.0171875 0.03125
1 0.41796875 0.08203125 0.0203125 0.0359375
1 0.428125 0.040625 0.0171875 0.03125
1 0.46484375 0.0125 0.0171875 0.025
1 0.46796875 0.0421875 0.0171875 0.03125
1 0.49296875 0.01171875 0.0140625 0.0234375
1 0.51015625 0.03046875 0.0171875 0.03125
1 0.496875 0.0671875 0.01875 0.0359375
1 0.5390625 0.01953125 0.015625 0.028125
1 0.54375 0.0453125 0.01875 0.03125
1 0.55859375 0.02890625 0.0140625 0.0265625
1 0.59453125 0.03671875 0.0140625 0.0265625
1 0.6265625 0.05 0.0171875 0.0296875
1 0.57734375 0.09765625 0.01875 0.0296875
1 0.65234375 0.0625 0.0171875 0.0328125
1 0.6078125 0.06171875 0.01875 0.03125
1 0.6203125 0.0953125 0.0171875 0.03125
1 0.6875 0.08515625 0.015625 0.0296875
1 0.6625 0.11875 0.01875 0.0328125
1 0.70625 0.13515625 0.01875 0.03125
1 0.69140625 0.171875 0.0203125 0.0359375
1 0.64296875 0.16015625 0.0203125 0.034375
1 0.6046875 0.14921875 0.021875 0.0421875
1 0.55 0.14765625 0.021875 0.04375
1 0.47578125 0.13203125 0.021875 0.0453125
1 0.42578125 0.1453125 0.021875 0.0375
1 0.3765625 0.1234375 0.021875 0.0421875
1 0.33046875 0.1140625 0.021875 0.0375
1 0.2828125 0.18984375 0.025 0.0453125
1 0.33359375 0.190625 0.025 0.04375
1 0.4140625 0.1984375 0.0234375 0.046875
1 0.47890625 0.203125 0.0234375 0.04375
1 0.53984375 0.19609375 0.0234375 0.046875
2 0.5953125 0.2 0.0234375 0.046875
2 0.63359375 0.20390625 0.0234375 0.046875
1 0.74375 0.36484375 0.025 0.0484375
1 0.70859375 0.34921875 0.025 0.05
1 0.65 0.32265625 0.0265625 0.046875
1 0.603125 0.31171875 0.028125 0.0515625
1 0.52109375 0.2984375 0.03125 0.0578125
1 0.46328125 0.2828125 0.0328125 0.0578125
1 0.33828125 0.26015625 0.028125 0.0578125
1 0.28828125 0.2359375 0.0296875 0.053125
1 0.2265625 0.29296875 0.0265625 0.0484375
1 0.49140625 0.39296875 0.034375 0.065625
1 0.59140625 0.44140625 0.0390625 0.0671875
2 0.653125 0.42421875 0.034375 0.0703125
2 0.7265625 0.41875 0.03125 0.0703125
1 0.77265625 0.4625 0.0296875 0.0640625
2 0.775 0.6296875 0.0375 0.0828125
2 0.58828125 0.53828125 0.034375 0.0734375
1 0.478125 0.53828125 0.0390625 0.078125
2 0.38828125 0.5375 0.0375 0.084375
1 0.31484375 0.5140625 0.034375 0.0796875
1 0.24375 0.49375 0.0328125 0.065625
1 0.91328125 0.6328125 0.025 0.0515625
1 0.89765625 0.4359375 0.0234375 0.046875
1 0.853125 0.4078125 0.025 0.0484375
1 0.8640625 0.36015625 0.0234375 0.040625
1 0.83203125 0.33671875 0.025 0.046875
1 0.846875 0.2703125 0.021875 0.0390625
1 0.81015625 0.25625 0.0203125 0.0359375
1 0.8140625 0.21875 0.0171875 0.0359375
1 0.7921875 0.196875 0.01875 0.03125
1 0.79453125 0.17578125 0.01875 0.025
1 0.771875 0.12265625 0.015625 0.0328125
1 0.75546875 0.09140625 0.015625 0.028125
1 0.72578125 0.08203125 0.0140625 0.025