1 0.01875 0.5609375 0.02890625 0.05546875
3 0.03828125 0.603125 0.07109375 0.140625
1 0.15703125 0.23046875 0.01640625 0.04453125
3 0.1578125 0.253125 0.04765625 0.08828125
1 0.18203125 0.19296875 0.015625 0.0359375
0 0.19453125 0.20234375 0.040625 0.05078125
1 0.19765625 0.13046875 0.01328125 0.0296875
3 0.196875 0.14375 0.0359375 0.06328125
1 0.25625 0.075 0.01484375 0.03125
3 0.2609375 0.0828125 0.03359375 0.05078125
1 0.32265625 0.03125 0.0125 0.0265625
1 0.35625 0.03125 0.0140625 0.025
1 0.38125 0.02890625 0.01328125 0.028125
1 0.315625 0.05625 0.0140625 0.03125
1 0.35078125 0.06640625 0.01484375 0.03046875
1 0.290625 0.09296875 0.01484375 0.03515625
1 0.32578125 0.10390625 0.01640625 0.03125
1 0.38203125 0.090625 0.01796875 0.03046875
1 0.38515625 0.046875 0.015625 0.03046875
3 0.32265625 0.04296875 0.040625 0.04375
3 0.31484375 0.06875 0.0359375 0.05546875
3 0.35703125 0.03828125 0.02734375 0.03828125
3 0.38828125 0.059375 0.03671875 0.05625
3 0.37734375 0.103125 0.04296875 0.05859375
0 0.32578125 0.1109375 0.03203125 0.05546875
3 0.28828125 0.10546875 0.03984375 0.06484375
1 0.421875 0.02734375 0.0140625 0.0265625
1 0.45078125 0.01328125 0.01171875 0.025
1 0.49453125 0.01796875 0.01484375 0.02890625
1 0.459375 0.040625 0.01484375 0.03125
1 0.428125 0.046875 0.015625 0.03046875
1 0.4984375 0.03515625 0.01640625 0.03125
1 0.51875 0.02578125 0.0140625 0.02578125
0 0.4296875 0.05546875 0.03359375 0.0515625
3 0.46171875 0.05390625 0.0359375 0.05703125
3 0.4484375 0.02890625 0.02421875 0.05625
3 0.48828125 0.03046875 0.028125 0.05
3 0.5015625 0.05390625 0.03515625 0.06484375
3 0.521875 0.03125 0.0296875 0.04375
1 0.55390625 0.03046875 0.01171875 0.02578125
1 0.5875 0.040625 0.0140625 0.0296875
1 0.56953125 0.05625 0.01484375 0.03046875
1 0.615625 0.05546875 0.01328125 0.0296875
3 0.5484375 0.03984375 0.03203125 0.04609375
3 0.5859375 0.04375 0.02734375 0.04609375
3 0.60703125 0.06796875 0.03515625 0.06015625
3 0.56875 0.06875 0.0390625 0.05703125
1 0.6578125 0.071875 0.01328125 0.03125
3 0.65 0.08125 0.03515625 0.046875
1 0.67265625 0.11640625 0.01640625 0.0296875
1 0.63203125 0.10625 0.015625 0.03203125
0 0.6671875 0.1265625 0.04296875 0.05
0 0.62421875 0.115625 0.0453125 0.05546875
1 0.5421875 0.08828125 0.01328125 0.03125
3 0.53828125 0.0984375 0.040625 0.05546875
1 0.58203125 0.0859375 0.01328125 0.03359375
3 0.58203125 0.0984375 0.0375 0.065625
1 0.459375 0.06796875 0.01484375 0.034375
3 0.49921875 0.09375 0.0359375 0.06484375
3 0.4625 0.08671875 0.0390625 0.06875
1 0.29921875 0.1296875 0.0171875 0.0390625
3 0.29921875 0.15234375 0.0421875 0.084375
1 0.34453125 0.13359375 0.01796875 0.0390625
3 0.34296875 0.153125 0.0484375 0.075
1 0.384375 0.1484375 0.01953125 0.03359375
0 0.3875 0.15546875 0.04140625 0.05390625
1 0.43671875 0.1140625 0.0171875 0.03828125
3 0.43984375 0.1390625 0.0484375 0.08671875
1 0.51953125 0.14296875 0.02109375 0.04140625
3 0.51015625 0.15625 0.05390625 0.0640625
2 0.575 0.14375 0.01640625 0.040625
3 0.56328125 0.16484375 0.04765625 0.08359375
1 0.6171875 0.153125 0.01875 0.034375
3 0.6078125 0.16796875 0.04296875 0.06953125
1 0.66328125 0.16328125 0.01875 0.03125
3 0.6515625 0.17421875 0.04453125 0.05546875
1 0.56953125 0.20078125 0.02109375 0.04453125
2 0.6109375 0.1875 0.01875 0.04375
3 0.565625 0.21875 0.04296875 0.084375
3 0.61015625 0.21875 0.04609375 0.115625
1 0.45078125 0.20546875 0.02109375 0.0453125
1 0.50390625 0.18671875 0.02109375 0.04453125
3 0.50703125 0.20546875 0.04921875 0.08515625
0 0.453125 0.2125 0.0609375 0.08046875
1 0.38828125 0.2109375 0.02265625 0.04375
0 0.38828125 0.2203125 0.06640625 0.078125
1 0.25703125 0.20703125 0.02109375 0.0390625
1 0.31015625 0.19921875 0.021875 0.04375
3 0.2546875 0.23046875 0.05078125 0.08125
3 0.30625 0.21796875 0.05703125 0.08203125
1 0.21015625 0.315625 0.02421875 0.0484375
0 0.21640625 0.32890625 0.065625 0.096875
2 0.2671875 0.25546875 0.025 0.05
3 0.275 0.29296875 0.0515625 0.1234375
1 0.32734375 0.2921875 0.0234375 0.05625
3 0.32265625 0.31796875 0.06640625 0.11171875
1 0.38828125 0.27421875 0.02578125 0.05546875
3 0.390625 0.30390625 0.0484375 0.115625
3 0.4421875 0.315625 0.06171875 0.13046875
1 0.503125 0.30625 0.02578125 0.053125
0 0.50390625 0.32109375 0.06328125 0.1
1 0.58515625 0.30546875 0.02265625 0.04609375
3 0.5734375 0.32421875 0.059375 0.08125
1 0.6359375 0.3109375 0.02265625 0.0453125
3 0.6328125 0.33046875 0.05 0.0859375
1 0.69453125 0.33359375 0.02109375 0.046875
0 0.6828125 0.34140625 0.05078125 0.06328125
1 0.73046875 0.34296875 0.01953125 0.04921875
0 0.73203125 0.35625 0.05390625 0.084375
1 0.76953125 0.4375 0.02265625 0.05625
2 0.71640625 0.39453125 0.02421875 0.06796875
3 0.7609375 0.478125 0.065625 0.140625
3 0.721875 0.5265625 0.05078125 0.06328125
3 0.70546875 0.44609375 0.0609375 0.171875
2 0.64765625 0.40234375 0.02890625 0.065625
3 0.640625 0.43671875 0.06796875 0.140625
1 0.58671875 0.4296875 0.0359375 0.06484375
3 0.56953125 0.4609375 0.078125 0.13359375
1 0.48671875 0.39375 0.02890625 0.06328125
3 0.4890625 0.43046875 0.078125 0.140625
1 0.24453125 0.51796875 0.02578125 0.06171875
2 0.32265625 0.52578125 0.02734375 0.08046875
3 0.3171875 0.57109375 0.0875 0.17578125
3 0.25078125 0.56875 0.06796875 0.16484375
1 0.390625 0.5515625 0.0328125 0.06953125
3 0.39921875 0.58359375 0.07734375 0.13828125
1 0.4703125 0.55546875 0.03203125 0.07421875
3 0.4765625 0.584375 0.06953125 0.13828125
1 0.5875 0.54609375 0.0296875 0.06484375
3 0.58046875 0.5859375 0.07265625 0.14375
1 0.815625 0.65625 0.0359375 0.06953125
0 0.79765625 0.6484375 0.09921875 0.115625
1 0.98125 0.815625 0.02578125 0.06171875
3 0.95390625 0.8109375 0.08125 0.10546875
1 0.9234375 0.58671875 0.021875 0.046875
3 0.90078125 0.60625 0.06640625 0.09296875
3 0.94765625 0.62109375 0.04375 0.11953125
1 0.88515625 0.38984375 0.01796875 0.040625
1 0.84296875 0.378125 0.01875 0.046875
3 0.83359375 0.40546875 0.0484375 0.10390625
3 0.878125 0.41171875 0.04296875 0.09296875
1 0.8125 0.2984375 0.02109375 0.04453125
1 0.83828125 0.30234375 0.021875 0.03984375
3 0.7984375 0.3171875 0.05 0.08828125
3 0.8375 0.321875 0.0359375 0.08046875
1 0.7859375 0.23359375 0.01796875 0.0359375
1 0.825 0.24140625 0.01796875 0.03984375
3 0.7765625 0.24609375 0.04296875 0.06484375
3 0.815625 0.2546875 0.03984375 0.06875
1 0.7640625 0.17109375 0.01640625 0.03671875
3 0.75703125 0.18671875 0.04296875 0.06953125
1 0.790625 0.19296875 0.0140625 0.03203125
3 0.784375 0.19765625 0.02578125 0.04921875
1 0.75625 0.14296875 0.01484375 0.03203125
0 0.759375 0.15234375 0.0390625 0.05078125
1 0.7390625 0.103125 0.0125 0.028125
3 0.73515625 0.1125 0.03125 0.046875
1 0.71953125 0.07578125 0.01328125 0.02578125
3 0.7125 0.08359375 0.02734375 0.0453125
1 0.68984375 0.06171875 0.01171875 0.0265625
3 0.68515625 0.07421875 0.028125 0.05390625