1 0.01484375 0.55625 0.0296875 0.05625
3 0.0359375 0.5796875 0.071875 0.1375
1 0.16875 0.2125 0.01875 0.04375
3 0.1703125 0.23515625 0.046875 0.084375
1 0.19609375 0.1890625 0.01875 0.0375
0 0.20625 0.18984375 0.0421875 0.0515625
1 0.21640625 0.115625 0.015625 0.0328125
3 0.21640625 0.12734375 0.0390625 0.071875
3 0.27734375 0.0671875 0.015625 0.0296875
3 0.28203125 0.07734375 0.0390625 0.05
1 0.3125 0.0828125 0.0171875 0.03125
1 0.346875 0.09609375 0.0171875 0.034375
1 0.3390625 0.04609375 0.0171875 0.03125
1 0.37734375 0.0484375 0.0171875 0.03125
1 0.378125 0.0234375 0.015625 0.025
1 0.34765625 0.021875 0.0140625 0.0265625
1 0.403125 0.084375 0.01875 0.034375
1 0.4125 0.03828125 0.0171875 0.03125
1 0.31640625 0.12890625 0.01875 0.0375
1 0.365625 0.13203125 0.021875 0.040625
1 0.403125 0.1375 0.0203125 0.03125
3 0.34609375 0.03359375 0.0421875 0.0453125
3 0.30859375 0.09453125 0.04375 0.0578125
3 0.33828125 0.05859375 0.0390625 0.0578125
3 0.3984375 0.0953125 0.0453125 0.0625
3 0.38046875 0.034375 0.028125 0.0375
3 0.371875 0.06171875 0.0375 0.046875
0 0.34765625 0.10546875 0.0390625 0.0546875
3 0.41171875 0.05 0.0390625 0.0578125
1 0.446875 0.01484375 0.015625 0.025
1 0.478125 0.0125 0.015625 0.0234375
1 0.48984375 0.0390625 0.015625 0.028125
2 0.528125 0.0421875 0.015625 0.0296875
1 0.4828125 0.0671875 0.0171875 0.0359375
1 0.45234375 0.03984375 0.015625 0.03125
3 0.44375 0.02578125 0.034375 0.05
0 0.453125 0.053125 0.034375 0.0515625
3 0.48359375 0.07890625 0.04375 0.0703125
3 0.521875 0.09375 0.0375 0.0625
3 0.51328125 0.03046875 0.03125 0.053125
1 0.56484375 0.08515625 0.0171875 0.03125
1 0.59375 0.059375 0.0171875 0.03125
1 0.578125 0.03359375 0.0125 0.0265625
1 0.54375 0.02734375 0.015625 0.025
1 0.61015625 0.04609375 0.0140625 0.0296875
1 0.64140625 0.07109375 0.01875 0.0265625
1 0.64609375 0.11015625 0.01875 0.034375
3 0.546875 0.0328125 0.0296875 0.0453125
3 0.571875 0.03359375 0.034375 0.046875
3 0.60859375 0.0484375 0.028125 0.0453125
3 0.5921875 0.071875 0.040625 0.0546875
3 0.5609375 0.0953125 0.0421875 0.0578125
3 0.5984375 0.0984375 0.0421875 0.071875
3 0.640625 0.12421875 0.0421875 0.0640625
3 0.63203125 0.075 0.0359375 0.0578125
1 0.67265625 0.08828125 0.0140625 0.0265625
3 0.6734375 0.0921875 0.0390625 0.046875
1 0.69140625 0.128125 0.01875 0.03125
0 0.6875 0.13984375 0.05 0.053125
1 0.63046875 0.1578125 0.01875 0.0375
1 0.68046875 0.175 0.0203125 0.034375
2 0.59296875 0.1484375 0.01875 0.040625
3 0.58203125 0.1609375 0.053125 0.084375
3 0.6265625 0.1734375 0.04375 0.0703125
3 0.66953125 0.1796875 0.0484375 0.0578125
1 0.54140625 0.13203125 0.021875 0.0453125
1 0.45546875 0.1109375 0.0203125 0.0390625
3 0.53359375 0.14453125 0.059375 0.0828125
3 0.459375 0.13828125 0.05625 0.0890625
0 0.40546875 0.15 0.04375 0.053125
3 0.31640625 0.14609375 0.046875 0.0734375
3 0.3625 0.146875 0.053125 0.08125
1 0.259375 0.21328125 0.0234375 0.040625
1 0.3234375 0.18671875 0.0234375 0.0453125
3 0.321875 0.20859375 0.059375 0.0828125
1 0.4046875 0.20546875 0.025 0.0453125
1 0.46328125 0.20390625 0.0234375 0.040625
0 0.40234375 0.21328125 0.071875 0.08125
0 0.46875 0.215625 0.0625 0.0890625
1 0.5265625 0.20625 0.0234375 0.0375
3 0.52109375 0.21875 0.0515625 0.078125
1 0.63203125 0.19921875 0.021875 0.046875
3 0.58046875 0.21796875 0.05 0.090625
3 0.62734375 0.22421875 0.053125 0.109375
1 0.7390625 0.35625 0.021875 0.0453125
1 0.70390625 0.340625 0.025 0.0453125
0 0.73828125 0.36796875 0.0609375 0.0828125
1 0.5921875 0.31015625 0.0265625 0.05
3 0.58359375 0.321875 0.0640625 0.0828125
1 0.64453125 0.31328125 0.0265625 0.0484375
3 0.640625 0.33515625 0.0546875 0.0875
1 0.503125 0.33125 0.028125 0.059375
0 0.5078125 0.34375 0.0734375 0.096875
1 0.415625 0.2640625 0.0265625 0.05625
1 0.4515625 0.28203125 0.0328125 0.05625
3 0.40078125 0.30078125 0.065625 0.1421875
3 0.4515625 0.31484375 0.0640625 0.1265625
2 0.3375 0.2703125 0.0296875 0.05625
2 0.28203125 0.24375 0.028125 0.05
3 0.284375 0.28203125 0.0578125 0.125
1 0.21953125 0.30234375 0.025 0.0453125
0 0.2234375 0.303125 0.065625 0.096875
1 0.49375 0.39296875 0.03125 0.0703125
3 0.4953125 0.43046875 0.0890625 0.15
1 0.5890625 0.4328125 0.0375 0.071875
3 0.575 0.46328125 0.08125 0.134375
2 0.65546875 0.40078125 0.0328125 0.0703125
2 0.721875 0.4046875 0.0296875 0.0703125
1 0.77265625 0.44453125 0.0296875 0.0625
3 0.64375 0.45078125 0.0765625 0.1734375
3 0.70859375 0.45703125 0.0703125 0.171875
3 0.7640625 0.49453125 0.06875 0.1515625
2 0.81171875 0.584375 0.034375 0.078125
3 0.7875 0.64375 0.1046875 0.2
2 0.58671875 0.54765625 0.034375 0.0671875
3 0.575 0.584375 0.0828125 0.153125
1 0.471875 0.54453125 0.0359375 0.071875
3 0.47421875 0.57890625 0.0765625 0.1484375
1 0.39140625 0.52578125 0.0328125 0.0703125
3 0.39375 0.57109375 0.078125 0.165625
1 0.24296875 0.5046875 0.03125 0.0625
3 0.246875 0.5546875 0.0796875 0.159375
3 0.31796875 0.57109375 0.084375 0.1484375
1 0.9640625 0.8390625 0.0296875 0.0625
3 0.934375 0.8296875 0.0859375 0.1109375
1 0.91796875 0.60234375 0.025 0.05625
1 0.9515625 0.61171875 0.0234375 0.0515625
3 0.9015625 0.625 0.05625 0.096875
3 0.940625 0.64140625 0.05 0.125
1 0.84921875 0.39609375 0.0203125 0.046875
1 0.89140625 0.4046875 0.01875 0.0453125
3 0.83828125 0.4234375 0.053125 0.1046875
3 0.8828125 0.434375 0.0484375 0.103125
1 0.82421875 0.3125 0.0234375 0.0453125
1 0.86015625 0.325 0.021875 0.0453125
3 0.84765625 0.340625 0.04375 0.071875
3 0.81171875 0.33515625 0.05 0.090625
1 0.7984375 0.246875 0.0203125 0.040625
1 0.8390625 0.25703125 0.0203125 0.040625
3 0.78984375 0.2578125 0.046875 0.071875
3 0.828125 0.271875 0.040625 0.071875
1 0.78046875 0.1828125 0.0171875 0.0375
1 0.80546875 0.20859375 0.01875 0.034375
1 0.77578125 0.22890625 0.01875 0.0234375
3 0.7734375 0.2 0.04375 0.071875
3 0.8 0.215625 0.0296875 0.0515625
1 0.77890625 0.1546875 0.015625 0.0296875
0 0.775 0.16171875 0.04375 0.0578125
1 0.75859375 0.11640625 0.0140625 0.0296875
3 0.7515625 0.12578125 0.0375 0.0515625
1 0.74296875 0.08984375 0.0140625 0.025
3 0.734375 0.09296875 0.03125 0.040625
1 0.71328125 0.075 0.0125 0.0265625
3 0.70703125 0.0859375 0.028125 0.0515625
3 0.4734375 0.02421875 0.028125 0.0484375
3 0.525 0.05703125 0.0390625 0.065625
3 0.4859375 0.0515625 0.040625 0.0578125
1 0.51953125 0.01875 0.015625 0.028125
1 0.596875 0.0859375 0.0171875 0.034375
3 0.3328125 0.30625 0.075 0.13125
0 0.6890625 0.35078125 0.05625 0.0765625