1 0.01875 0.58125 0.02890625 0.05078125
3 0.03828125 0.6046875 0.07109375 0.13515625
1 0.1546875 0.23125 0.01796875 0.0453125
3 0.159375 0.253125 0.04609375 0.09140625
1 0.184375 0.1890625 0.01640625 0.0359375
3 0.196875 0.196875 0.04140625 0.05546875
1 0.19765625 0.13046875 0.01328125 0.03203125
3 0.19453125 0.14296875 0.0375 0.0640625
1 0.25390625 0.08125 0.01484375 0.03046875
0 0.26015625 0.0890625 0.03515625 0.046875
1 0.321875 0.03046875 0.01328125 0.02578125
1 0.3171875 0.05546875 0.01484375 0.03125
1 0.29140625 0.09453125 0.015625 0.03046875
1 0.35078125 0.065625 0.01484375 0.03203125
1 0.353125 0.03125 0.01328125 0.0265625
1 0.38203125 0.08671875 0.01796875 0.03125
1 0.3265625 0.1 0.01640625 0.03125
1 0.38515625 0.04453125 0.01484375 0.03046875
3 0.32265625 0.04375 0.03984375 0.040625
3 0.31484375 0.06875 0.0359375 0.05546875
3 0.28828125 0.10546875 0.04296875 0.0609375
0 0.328125 0.109375 0.0328125 0.05625
0 0.35078125 0.06796875 0.03671875 0.04375
3 0.378125 0.10390625 0.0421875 0.06328125
3 0.38828125 0.05625 0.03515625 0.05859375
1 0.41953125 0.02578125 0.01171875 0.02578125
1 0.45078125 0.0140625 0.01015625 0.025
1 0.465625 0.03984375 0.0140625 0.0296875
1 0.46015625 0.06796875 0.01484375 0.034375
2 0.50390625 0.040625 0.01484375 0.0296875
2 0.49453125 0.01875 0.01484375 0.028125
3 0.41875 0.03125 0.03203125 0.04375
3 0.44765625 0.028125 0.02578125 0.053125
3 0.46328125 0.05390625 0.03828125 0.05703125
3 0.4625 0.08515625 0.0390625 0.06875
3 0.50390625 0.05625 0.0375 0.065625
3 0.4875 0.03046875 0.0296875 0.04921875
3 0.49921875 0.09375 0.0359375 0.06328125
1 0.51875 0.01796875 0.01328125 0.0265625
3 0.52265625 0.03046875 0.02578125 0.046875
1 0.54375 0.08671875 0.01484375 0.03046875
3 0.53828125 0.096875 0.04296875 0.05546875
1 0.5546875 0.03125 0.01171875 0.0265625
1 0.56953125 0.05546875 0.01484375 0.03125
1 0.58671875 0.04140625 0.01171875 0.02890625
2 0.5828125 0.07578125 0.01484375 0.03046875
1 0.61640625 0.05546875 0.01484375 0.0296875
1 0.6265625 0.10546875 0.01484375 0.03359375
3 0.5484375 0.040625 0.03359375 0.04609375
3 0.565625 0.06796875 0.03203125 0.0546875
3 0.584375 0.04609375 0.02890625 0.04375
3 0.5796875 0.09375 0.03828125 0.06875
3 0.60859375 0.06796875 0.03515625 0.06171875
1 0.65078125 0.06171875 0.01328125 0.03046875
3 0.6515625 0.07421875 0.04296875 0.05546875
1 0.671875 0.11796875 0.01640625 0.02890625
0 0.66953125 0.13046875 0.04609375 0.05
0 0.62265625 0.11796875 0.04609375 0.06015625
1 0.29921875 0.13125 0.0171875 0.03828125
1 0.34140625 0.13203125 0.01875 0.03828125
1 0.384375 0.14765625 0.0203125 0.03046875
3 0.2984375 0.15546875 0.04140625 0.08515625
3 0.34296875 0.1546875 0.0453125 0.07578125
0 0.38828125 0.15546875 0.040625 0.0515625
1 0.4375 0.11015625 0.0171875 0.04453125
3 0.43828125 0.13515625 0.046875 0.09453125
1 0.51953125 0.14296875 0.01953125 0.04140625
3 0.51171875 0.15546875 0.05390625 0.06640625
2 0.575 0.14296875 0.01484375 0.04140625
3 0.5625 0.16171875 0.05078125 0.08046875
1 0.6125 0.1484375 0.0171875 0.03125
3 0.609375 0.1671875 0.04140625 0.06796875
1 0.66328125 0.16171875 0.01796875 0.03125
3 0.65078125 0.1765625 0.04609375 0.06015625
2 0.5578125 0.18984375 0.02109375 0.0484375
2 0.6125 0.184375 0.02109375 0.04375
3 0.5609375 0.2109375 0.04453125 0.09453125
3 0.6109375 0.21796875 0.04609375 0.11171875
1 0.51328125 0.20546875 0.01953125 0.040625
3 0.50546875 0.21796875 0.04765625 0.075
1 0.45078125 0.20546875 0.021875 0.040625
0 0.4546875 0.2171875 0.05859375 0.0859375
1 0.38828125 0.2109375 0.02265625 0.04375
0 0.38828125 0.21875 0.06796875 0.07578125
1 0.25703125 0.209375 0.02109375 0.04453125
1 0.30625 0.20390625 0.02109375 0.04453125
3 0.25625 0.23046875 0.04921875 0.08125
3 0.30703125 0.21796875 0.05546875 0.08046875
1 0.209375 0.3171875 0.0234375 0.0453125
0 0.21640625 0.32421875 0.06484375 0.09453125
2 0.2671875 0.25546875 0.025 0.0515625
3 0.275 0.29296875 0.0515625 0.125
1 0.325 0.28046875 0.02578125 0.059375
3 0.32265625 0.31171875 0.06640625 0.11875
1 0.403125 0.26796875 0.02421875 0.05859375
3 0.390625 0.30546875 0.05859375 0.14296875
3 0.4421875 0.32265625 0.05859375 0.13046875
1 0.50625 0.28125 0.0265625 0.05625
3 0.50078125 0.31875 0.06171875 0.13125
1 0.58203125 0.30546875 0.021875 0.04609375
3 0.5734375 0.32265625 0.05859375 0.08046875
1 0.64453125 0.3046875 0.021875 0.0484375
3 0.63359375 0.33125 0.0546875 0.10625
1 0.6953125 0.33125 0.02265625 0.04609375
1 0.73125 0.34296875 0.0203125 0.046875
0 0.68203125 0.34296875 0.05078125 0.07578125
0 0.73125 0.35625 0.05546875 0.08203125
2 0.7671875 0.43125 0.02265625 0.06015625
2 0.71640625 0.39296875 0.02578125 0.06796875
3 0.7609375 0.478125 0.065625 0.15078125
3 0.70625 0.44453125 0.0609375 0.1734375
1 0.646875 0.42734375 0.0296875 0.06171875
3 0.640625 0.44765625 0.06640625 0.11953125
1 0.58515625 0.42890625 0.03359375 0.06796875
3 0.57109375 0.4640625 0.07734375 0.13671875
1 0.4859375 0.39296875 0.02890625 0.0640625
3 0.490625 0.43046875 0.0796875 0.14453125
1 0.471875 0.55625 0.03359375 0.075
1 0.38828125 0.55546875 0.03359375 0.06875
3 0.4 0.58828125 0.07734375 0.13125
3 0.475 0.5859375 0.0765625 0.14375
1 0.24453125 0.51875 0.02890625 0.0609375
3 0.2515625 0.56875 0.07109375 0.1609375
1 0.31953125 0.54453125 0.03203125 0.078125
3 0.325 0.58046875 0.071875 0.15703125
1 0.98125 0.80703125 0.02578125 0.06328125
3 0.95390625 0.80625 0.08046875 0.103125
1 0.59140625 0.55 0.03046875 0.06875
3 0.590625 0.5984375 0.06640625 0.1703125
1 0.803125 0.60546875 0.0296875 0.06953125
3 0.796875 0.64375 0.09375 0.1484375
1 0.92265625 0.5859375 0.02109375 0.05390625
1 0.95703125 0.58671875 0.02109375 0.05546875
3 0.9 0.6125 0.06640625 0.10625
3 0.946875 0.61796875 0.04453125 0.11796875
1 0.84375 0.38046875 0.01796875 0.04375
2 0.88125 0.38125 0.01484375 0.0453125
3 0.83203125 0.40546875 0.04765625 0.1015625
3 0.87578125 0.40546875 0.03984375 0.09609375
1 0.815625 0.30078125 0.01953125 0.04453125
1 0.8359375 0.31484375 0.02109375 0.0390625
3 0.8 0.32265625 0.04765625 0.09375
0 0.8375 0.32578125 0.0390625 0.06875
1 0.78515625 0.23203125 0.01640625 0.03828125
1 0.825 0.2390625 0.01796875 0.03984375
3 0.7765625 0.246875 0.04140625 0.06953125
3 0.815625 0.25546875 0.03984375 0.07421875
1 0.76484375 0.16953125 0.0140625 0.0359375
3 0.75703125 0.1859375 0.040625 0.06875
1 0.7875 0.19375 0.01640625 0.03359375
3 0.784375 0.1984375 0.0265625 0.0546875
1 0.76015625 0.140625 0.01484375 0.03125
0 0.75703125 0.14921875 0.040625 0.05546875
1 0.73828125 0.103125 0.0125 0.028125
3 0.734375 0.11328125 0.0328125 0.05
1 0.690625 0.0640625 0.0109375 0.02578125
3 0.68515625 0.0734375 0.02734375 0.046875
1 0.71953125 0.0765625 0.01328125 0.0265625
3 0.7125 0.08203125 0.02734375 0.04453125