1 0.034375 0.64765625 0.0359375 0.0578125
3 0.059375 0.66796875 0.0859375 0.14375
1 0.121875 0.28203125 0.0265625 0.046875
3 0.13046875 0.3046875 0.0515625 0.1046875
1 0.14296875 0.253125 0.021875 0.0375
0 0.15234375 0.2515625 0.046875 0.0546875
1 0.14921875 0.17578125 0.0171875 0.034375
3 0.15 0.18828125 0.0453125 0.071875
3 0.196875 0.11875 0.01875 0.03125
3 0.2046875 0.1234375 0.0421875 0.0484375
1 0.2359375 0.12734375 0.01875 0.0328125
1 0.2765625 0.13125 0.0203125 0.0359375
1 0.2546875 0.0859375 0.01875 0.0328125
1 0.2921875 0.09296875 0.01875 0.0328125
1 0.2890625 0.05625 0.0171875 0.028125
1 0.25859375 0.0609375 0.0171875 0.028125
1 0.325 0.11015625 0.021875 0.0359375
1 0.32265625 0.06484375 0.01875 0.0328125
1 0.2453125 0.1625 0.0234375 0.040625
1 0.2984375 0.16484375 0.025 0.040625
1 0.33671875 0.16640625 0.021875 0.0328125
3 0.2609375 0.0703125 0.0453125 0.0484375
3 0.23515625 0.140625 0.0484375 0.0609375
3 0.25703125 0.09765625 0.04375 0.0609375
3 0.3234375 0.12265625 0.05 0.065625
3 0.29375 0.0640625 0.03125 0.0421875
0 0.2921875 0.09375 0.040625 0.046875
0 0.27734375 0.13671875 0.046875 0.05
3 0.32734375 0.0765625 0.04375 0.059375
1 0.35078125 0.034375 0.0171875 0.0265625
1 0.38359375 0.0296875 0.0171875 0.0265625
1 0.4015625 0.0453125 0.0171875 0.03125
1 0.4390625 0.0453125 0.0203125 0.03125
2 0.40546875 0.07578125 0.021875 0.0359375
2 0.44375 0.071875 0.01875 0.03125
2 0.36484375 0.05 0.01875 0.0328125
3 0.3515625 0.0453125 0.0296875 0.053125
3 0.3671875 0.06796875 0.040625 0.0625
3 0.4046875 0.090625 0.05 0.078125
3 0.446875 0.0921875 0.04375 0.075
3 0.44140625 0.059375 0.040625 0.0640625
2 0.41953125 0.01640625 0.015625 0.0203125
3 0.421875 0.034375 0.0375 0.0578125
1 0.48359375 0.08203125 0.01875 0.0328125
1 0.528125 0.0859375 0.0203125 0.03125
1 0.5078125 0.05 0.0203125 0.03125
1 0.48828125 0.02734375 0.015625 0.028125
1 0.4546875 0.02421875 0.01875 0.0328125
1 0.51953125 0.03359375 0.0171875 0.03125
1 0.5546875 0.04921875 0.0203125 0.0328125
1 0.56953125 0.08984375 0.0203125 0.0359375
3 0.4578125 0.03203125 0.0296875 0.0453125
3 0.4828125 0.034375 0.0375 0.0484375
3 0.521875 0.03828125 0.03125 0.046875
3 0.50859375 0.0625 0.0453125 0.0578125
3 0.48203125 0.09453125 0.046875 0.0609375
3 0.52578125 0.09765625 0.046875 0.0640625
3 0.56640625 0.10390625 0.046875 0.0671875
3 0.54921875 0.0609375 0.0421875 0.059375
1 0.59140625 0.05546875 0.0171875 0.03125
3 0.5921875 0.0640625 0.04375 0.0546875
1 0.6171875 0.0984375 0.021875 0.03125
0 0.615625 0.1109375 0.0546875 0.05625
1 0.56328125 0.1390625 0.021875 0.0375
1 0.61484375 0.14609375 0.0234375 0.0359375
2 0.52421875 0.13671875 0.021875 0.040625
3 0.515625 0.15625 0.059375 0.0859375
3 0.56328125 0.15703125 0.05 0.0765625
3 0.6046875 0.15546875 0.053125 0.0625
1 0.4703125 0.13125 0.0265625 0.046875
1 0.38203125 0.1265625 0.0234375 0.040625
3 0.4640625 0.14609375 0.0671875 0.0875
3 0.390625 0.1484375 0.065625 0.1
0 0.340625 0.17421875 0.0484375 0.05625
3 0.2484375 0.18828125 0.0578125 0.0875
3 0.29765625 0.1796875 0.059375 0.084375
1 0.21328125 0.25625 0.0265625 0.0421875
1 0.26640625 0.2234375 0.0265625 0.046875
3 0.2671875 0.2484375 0.06875 0.0984375
1 0.35234375 0.234375 0.028125 0.0453125
1 0.40703125 0.21640625 0.0265625 0.0421875
0 0.35 0.2359375 0.078125 0.084375
0 0.415625 0.2265625 0.0703125 0.09375
1 0.46953125 0.20703125 0.0265625 0.04375
3 0.46953125 0.2203125 0.0578125 0.078125
1 0.534375 0.19765625 0.0265625 0.04375
1 0.55234375 0.18671875 0.025 0.046875
3 0.525 0.215625 0.053125 0.075
3 0.56796875 0.21484375 0.0609375 0.1046875
1 0.7109375 0.3171875 0.0265625 0.046875
1 0.6703125 0.31015625 0.028125 0.046875
0 0.7109375 0.325 0.0671875 0.0875
0 0.65703125 0.31640625 0.0609375 0.0734375
1 0.55390625 0.29609375 0.0296875 0.0515625
3 0.5484375 0.3125 0.0671875 0.0875
1 0.60625 0.30078125 0.03125 0.05
3 0.60625 0.3140625 0.0609375 0.0859375
1 0.47109375 0.33359375 0.034375 0.0609375
0 0.4796875 0.3453125 0.0796875 0.0984375
1 0.37109375 0.284375 0.03125 0.0578125
1 0.409375 0.3015625 0.0359375 0.0578125
3 0.36484375 0.32265625 0.078125 0.14375
3 0.4171875 0.32890625 0.071875 0.128125
1 0.2921875 0.3375 0.03125 0.0578125
0 0.29765625 0.3578125 0.08125 0.1
2 0.23515625 0.29140625 0.03125 0.0515625
3 0.2484375 0.3265625 0.06875 0.1296875
1 0.18671875 0.359375 0.0296875 0.046875
0 0.1921875 0.36875 0.075 0.103125
1 0.475 0.425 0.0359375 0.059375
0 0.48359375 0.44453125 0.0984375 0.140625
1 0.57265625 0.4125 0.04375 0.0734375
3 0.565625 0.446875 0.0921875 0.14375
2 0.628125 0.375 0.0375 0.071875
2 0.7 0.3703125 0.034375 0.071875
1 0.75859375 0.403125 0.034375 0.0640625
3 0.62890625 0.42421875 0.09375 0.18125
3 0.69765625 0.41953125 0.0828125 0.1765625
3 0.7578125 0.44453125 0.08125 0.15625
2 0.840625 0.54609375 0.040625 0.0796875
3 0.8140625 0.5859375 0.1125 0.1609375
1 0.58515625 0.53515625 0.040625 0.0734375
3 0.58984375 0.57265625 0.09375 0.153125
1 0.47890625 0.55546875 0.0421875 0.075
3 0.4890625 0.5859375 0.0890625 0.153125
1 0.3953125 0.5390625 0.0390625 0.0734375
3 0.4078125 0.58125 0.0953125 0.16875
1 0.25078125 0.540625 0.034375 0.0703125
1 0.31796875 0.5453125 0.0390625 0.084375
3 0.25859375 0.590625 0.09375 0.1890625
3 0.328125 0.59296875 0.10625 0.1890625
3 0.971875 0.7453125 0.05625 0.11875
1 0.93203125 0.52109375 0.028125 0.053125
1 0.9640625 0.5171875 0.028125 0.053125
3 0.921875 0.55703125 0.0625 0.1171875
3 0.95859375 0.5546875 0.059375 0.128125
1 0.82265625 0.33125 0.0234375 0.0484375
1 0.865625 0.32890625 0.021875 0.046875
3 0.815625 0.359375 0.0640625 0.1046875
3 0.8625 0.36171875 0.05625 0.10625
1 0.78515625 0.25546875 0.028125 0.046875
1 0.8265625 0.2828125 0.025 0.040625
0 0.8140625 0.28515625 0.053125 0.0609375
3 0.775 0.2703125 0.05625 0.0875
1 0.74921875 0.1921875 0.0234375 0.040625
1 0.78671875 0.196875 0.0234375 0.040625
3 0.74296875 0.20625 0.0515625 0.071875
3 0.77890625 0.21484375 0.046875 0.078125
1 0.71484375 0.13515625 0.0203125 0.0390625
1 0.7421875 0.140625 0.0203125 0.0359375
1 0.71875 0.18125 0.0203125 0.0234375
3 0.7109375 0.1515625 0.05 0.0734375
3 0.7375 0.1484375 0.034375 0.059375
1 0.70859375 0.11015625 0.01875 0.03125
0 0.70546875 0.11484375 0.04375 0.0484375
1 0.6796875 0.0734375 0.0171875 0.03125
3 0.67734375 0.07734375 0.040625 0.053125
1 0.6578125 0.0453125 0.0171875 0.0328125
3 0.65234375 0.0546875 0.0328125 0.0484375
1 0.628125 0.04140625 0.0140625 0.0265625
3 0.62421875 0.05390625 0.0328125 0.053125