1 0.0140625 0.50078125 0.028125 0.0578125
3 0.0375 0.51640625 0.075 0.1421875
3 0.2125 0.19609375 0.0640625 0.1125
1 0.2421875 0.14921875 0.025 0.0375
0 0.25390625 0.153125 0.0515625 0.0546875
1 0.2734375 0.08046875 0.0203125 0.0359375
3 0.2703125 0.0921875 0.05 0.075
1 0.3375 0.04140625 0.021875 0.0328125
3 0.34296875 0.05078125 0.0453125 0.0546875
3 0.4125 0.02109375 0.05 0.0421875
3 0.4 0.04140625 0.0484375 0.0625
3 0.3671875 0.07421875 0.0546875 0.06875
3 0.4734375 0.04609375 0.046875 0.0625
3 0.45625 0.08828125 0.05625 0.06875
3 0.5109375 0.02578125 0.04375 0.0515625
0 0.5125 0.05 0.040625 0.0578125
1 0.50546875 0.0484375 0.025 0.034375
3 0.540625 0.03046875 0.0328125 0.053125
3 0.54921875 0.05625 0.0515625 0.0671875
3 0.54140625 0.0828125 0.053125 0.0796875
3 0.5765625 0.034375 0.0390625 0.0578125
3 0.58203125 0.0984375 0.0484375 0.071875
3 0.5875 0.0640625 0.0484375 0.071875
3 0.61171875 0.04453125 0.0359375 0.05
3 0.61640625 0.11171875 0.0515625 0.0625
3 0.634375 0.05703125 0.04375 0.0546875
3 0.65 0.0890625 0.05 0.065625
3 0.6703125 0.06953125 0.0375 0.053125
3 0.6546875 0.12890625 0.05 0.0671875
3 0.6890625 0.10234375 0.046875 0.0625
3 0.69296875 0.14609375 0.053125 0.0671875
3 0.72890625 0.11875 0.046875 0.05625
0 0.7359375 0.16953125 0.0578125 0.0625
3 0.71015625 0.2125 0.059375 0.0703125
3 0.67265625 0.18984375 0.05 0.075
3 0.6265625 0.184375 0.065625 0.096875
3 0.5828125 0.16484375 0.071875 0.0890625
3 0.5109375 0.134375 0.0703125 0.096875
3 0.45625 0.14140625 0.053125 0.0625
3 0.4125 0.1328125 0.0640625 0.084375
3 0.3640625 0.12265625 0.059375 0.0765625
3 0.3078125 0.19609375 0.0625 0.084375
3 0.3609375 0.18671875 0.0703125 0.09375
0 0.44453125 0.2015625 0.0828125 0.09375
0 0.51015625 0.2125 0.078125 0.096875
3 0.559375 0.22578125 0.0609375 0.0828125
3 0.61796875 0.2375 0.0609375 0.084375
3 0.6578125 0.24921875 0.059375 0.0890625
0 0.7578125 0.403125 0.0734375 0.096875
3 0.71015625 0.38046875 0.0734375 0.0953125
0 0.65625 0.37109375 0.0671875 0.078125
3 0.60625 0.3390625 0.0734375 0.090625
0 0.53125 0.34609375 0.0859375 0.1046875
3 0.478125 0.31015625 0.08125 0.1359375
3 0.43046875 0.28828125 0.0875 0.153125
3 0.38203125 0.2609375 0.08125 0.1453125
3 0.31875 0.2546875 0.0796875 0.134375
1 0.24921875 0.265625 0.0328125 0.05
0 0.25390625 0.2765625 0.0796875 0.109375
3 0.50078125 0.43828125 0.1109375 0.15
3 0.58046875 0.47109375 0.1046875 0.1609375
3 0.6484375 0.47265625 0.10625 0.190625
3 0.71328125 0.48671875 0.09375 0.178125
3 0.76171875 0.53203125 0.090625 0.15625
3 0.76875 0.68515625 0.121875 0.165625
3 0.5609375 0.5953125 0.103125 0.1578125
3 0.3859375 0.55546875 0.109375 0.1765625
3 0.46328125 0.5765625 0.096875 0.1546875
3 0.309375 0.53203125 0.1078125 0.190625
3 0.2484375 0.52109375 0.0953125 0.165625
1 0.91171875 0.90234375 0.0359375 0.065625
3 0.8859375 0.88984375 0.0984375 0.11875
3 0.915625 0.70078125 0.06875 0.1328125
3 0.87421875 0.68203125 0.0859375 0.115625
3 0.84453125 0.46875 0.0703125 0.1046875
3 0.88828125 0.48046875 0.0609375 0.1109375
3 0.8296875 0.38203125 0.0703125 0.1015625
0 0.8703125 0.40078125 0.0609375 0.0703125
3 0.8234375 0.296875 0.053125 0.0796875
3 0.85546875 0.3203125 0.05625 0.08125
3 0.81328125 0.240625 0.0546875 0.0765625
3 0.83828125 0.25390625 0.0328125 0.046875
0 0.81953125 0.209375 0.0484375 0.0578125
3 0.80234375 0.1609375 0.04375 0.0625
3 0.78828125 0.12890625 0.0375 0.05
3 0.76328125 0.1140625 0.0375 0.059375
1 0.2125 0.16875 0.0296875 0.0515625
1 0.4140625 0.01015625 0.01875 0.0203125
1 0.40234375 0.028125 0.021875 0.034375
1 0.37265625 0.0640625 0.021875 0.0328125
1 0.40859375 0.0734375 0.0234375 0.0328125
3 0.40625 0.0796875 0.046875 0.0578125
1 0.4453125 0.0125 0.01875 0.025
3 0.44765625 0.02109375 0.03125 0.0390625
1 0.4359375 0.0484375 0.0203125 0.0328125
0 0.4359375 0.0484375 0.0453125 0.05
1 0.46171875 0.07578125 0.025 0.034375
1 0.4734375 0.03359375 0.021875 0.034375
1 0.51484375 0.0140625 0.0203125 0.028125
1 0.54296875 0.0171875 0.01875 0.028125
1 0.553125 0.03984375 0.021875 0.034375
1 0.54296875 0.06875 0.0234375 0.0390625
1 0.5828125 0.01796875 0.0171875 0.021875
1 0.59140625 0.0515625 0.0234375 0.0328125
1 0.61015625 0.03671875 0.01875 0.0328125
2 0.5890625 0.078125 0.0203125 0.028125
1 0.64296875 0.05 0.0171875 0.028125
1 0.61953125 0.1015625 0.021875 0.034375
1 0.66171875 0.1171875 0.021875 0.0328125
1 0.653125 0.0765625 0.021875 0.0359375
1 0.671875 0.06484375 0.01875 0.03125
1 0.7 0.09296875 0.0234375 0.0328125
1 0.728125 0.1109375 0.0203125 0.0328125
1 0.7 0.1359375 0.0234375 0.0359375
1 0.74140625 0.1609375 0.0234375 0.0328125
1 0.725 0.20390625 0.025 0.0375
1 0.68046875 0.17890625 0.025 0.0421875
1 0.64140625 0.1640625 0.025 0.0421875
1 0.5859375 0.14609375 0.028125 0.046875
1 0.51015625 0.10859375 0.025 0.040625
1 0.45234375 0.1359375 0.0265625 0.0421875
1 0.41875 0.11484375 0.028125 0.046875
1 0.36484375 0.11015625 0.0265625 0.040625
1 0.30859375 0.17734375 0.0296875 0.04375
1 0.37109375 0.1671875 0.0296875 0.046875
1 0.45 0.19921875 0.028125 0.0421875
1 0.50625 0.20234375 0.0296875 0.0453125
1 0.5625 0.21640625 0.0296875 0.046875
1 0.628125 0.225 0.0296875 0.04375
1 0.66015625 0.2296875 0.0296875 0.046875
1 0.7578125 0.4015625 0.03125 0.0546875
1 0.72265625 0.37109375 0.0328125 0.053125
1 0.6640625 0.36015625 0.0328125 0.0484375
1 0.6171875 0.32578125 0.03125 0.053125
1 0.52578125 0.3375 0.0359375 0.059375
1 0.48046875 0.2796875 0.0421875 0.0609375
1 0.45 0.253125 0.0359375 0.0625
1 0.3859375 0.21953125 0.034375 0.059375
1 0.503125 0.4046875 0.040625 0.065625
1 0.59765625 0.44296875 0.046875 0.0734375
2 0.6625 0.4234375 0.0453125 0.0734375
2 0.7328125 0.44140625 0.0421875 0.0734375
1 0.77578125 0.4921875 0.0375 0.0671875
2 0.80625 0.65390625 0.0453125 0.0828125
1 0.56953125 0.5609375 0.046875 0.075
1 0.46484375 0.546875 0.0453125 0.0765625
1 0.3875 0.5109375 0.046875 0.0765625
1 0.3125 0.48671875 0.05 0.0859375
1 0.259375 0.48359375 0.0453125 0.075
1 0.9015625 0.66328125 0.0328125 0.059375
1 0.93125 0.671875 0.034375 0.059375
1 0.90078125 0.45703125 0.028125 0.0484375
1 0.859375 0.44765625 0.028125 0.046875
1 0.878125 0.40078125 0.028125 0.04375
1 0.84765625 0.3703125 0.0296875 0.046875
1 0.86875 0.30703125 0.028125 0.04375
1 0.8328125 0.28046875 0.0265625 0.040625
1 0.84296875 0.25390625 0.0234375 0.034375
1 0.8203125 0.22890625 0.021875 0.034375
1 0.82421875 0.20078125 0.0234375 0.0359375
1 0.81015625 0.153125 0.0203125 0.0328125
1 0.79609375 0.1265625 0.01875 0.0296875
1 0.7703125 0.10625 0.01875 0.03125