1 0.015625 0.465625 0.03125 0.05625
3 0.03828125 0.50703125 0.0765625 0.1515625
1 0.2171875 0.1640625 0.0265625 0.046875
3 0.21796875 0.18828125 0.059375 0.0828125
1 0.25234375 0.134375 0.021875 0.0375
0 0.26328125 0.14453125 0.053125 0.0578125
1 0.28125 0.07578125 0.01875 0.0328125
3 0.27734375 0.08828125 0.05 0.0703125
1 0.34765625 0.03671875 0.0234375 0.0328125
0 0.35234375 0.04609375 0.0453125 0.0578125
3 0.24140625 0.515625 0.1015625 0.175
3 0.309375 0.52890625 0.109375 0.190625
3 0.38671875 0.5453125 0.1109375 0.178125
3 0.459375 0.57421875 0.0984375 0.15625
3 0.55859375 0.59453125 0.1078125 0.15625
0 0.76015625 0.70546875 0.1234375 0.1375
3 0.759375 0.5359375 0.09375 0.15625
3 0.7125 0.48828125 0.0953125 0.178125
3 0.65078125 0.46875 0.09375 0.146875
3 0.58046875 0.471875 0.1015625 0.1484375
3 0.50390625 0.4296875 0.1109375 0.159375
0 0.25859375 0.2671875 0.084375 0.10625
3 0.32265625 0.25078125 0.075 0.1296875
3 0.3640625 0.28515625 0.0890625 0.11875
3 0.43359375 0.28515625 0.071875 0.1234375
3 0.48125 0.30703125 0.0875 0.1453125
3 0.540625 0.32265625 0.0828125 0.1125
3 0.609375 0.3375 0.075 0.090625
3 0.66640625 0.3625 0.06875 0.090625
3 0.71328125 0.384375 0.0625 0.0828125
0 0.75625 0.40703125 0.0734375 0.0953125
3 0.6625 0.246875 0.0625 0.103125
3 0.62109375 0.2375 0.059375 0.0875
3 0.5671875 0.20234375 0.0703125 0.1140625
3 0.51484375 0.20625 0.0765625 0.0921875
0 0.44609375 0.20078125 0.078125 0.090625
3 0.36796875 0.184375 0.071875 0.0859375
3 0.31640625 0.18515625 0.065625 0.0890625
3 0.3765625 0.11875 0.059375 0.0921875
3 0.41953125 0.128125 0.0625 0.084375
0 0.4625 0.13984375 0.0515625 0.059375
3 0.51484375 0.14140625 0.065625 0.078125
0 0.58125 0.16484375 0.0671875 0.075
3 0.63125 0.1859375 0.065625 0.0953125
3 0.67578125 0.19765625 0.0546875 0.078125
3 0.7171875 0.21171875 0.059375 0.065625
0 0.73984375 0.17109375 0.0546875 0.0578125
0 0.7 0.15 0.0578125 0.0671875
3 0.66484375 0.1203125 0.0515625 0.0765625
3 0.62109375 0.1125 0.0515625 0.0640625
3 0.584375 0.1015625 0.0484375 0.06875
3 0.546875 0.08671875 0.0546875 0.0765625
3 0.46328125 0.0859375 0.05625 0.06875
0 0.41640625 0.0875 0.053125 0.0578125
3 0.37734375 0.07109375 0.053125 0.06875
3 0.409375 0.03984375 0.046875 0.0625
3 0.44453125 0.0390625 0.0453125 0.0609375
3 0.48203125 0.0421875 0.0484375 0.0625
3 0.42109375 0.02109375 0.0484375 0.0421875
3 0.5171875 0.02578125 0.040625 0.0515625
0 0.5234375 0.05078125 0.04375 0.05625
3 0.55703125 0.05390625 0.0421875 0.065625
3 0.546875 0.028125 0.034375 0.05625
3 0.58671875 0.0390625 0.0390625 0.0546875
3 0.59375 0.06484375 0.046875 0.06875
3 0.6203125 0.04609375 0.0359375 0.046875
3 0.64296875 0.059375 0.04375 0.053125
3 0.65703125 0.09140625 0.05 0.065625
3 0.67890625 0.071875 0.0375 0.053125
3 0.696875 0.1 0.0484375 0.065625
3 0.73359375 0.1265625 0.0421875 0.0609375
3 0.76953125 0.12109375 0.0390625 0.0609375
3 0.79453125 0.134375 0.0375 0.0515625
3 0.80859375 0.17109375 0.04375 0.059375
0 0.8265625 0.2125 0.0484375 0.0578125
3 0.81796875 0.25078125 0.0546875 0.071875
3 0.8421875 0.2625 0.0359375 0.059375
3 0.82421875 0.30625 0.053125 0.075
3 0.85859375 0.3265625 0.0546875 0.08125
3 0.83359375 0.3859375 0.0671875 0.0953125
0 0.86640625 0.40546875 0.0515625 0.071875
3 0.846875 0.478125 0.06875 0.1125
3 0.88671875 0.4890625 0.0578125 0.1
3 0.86953125 0.68671875 0.0859375 0.103125
3 0.9125 0.70859375 0.06875 0.1265625
3 0.8796875 0.89609375 0.1015625 0.1203125
1 0.4234375 0.009375 0.01875 0.01875
1 0.4125 0.0296875 0.0203125 0.034375
1 0.38046875 0.05859375 0.0203125 0.0359375
1 0.453125 0.03046875 0.0203125 0.0328125
1 0.4140625 0.084375 0.025 0.034375
1 0.46953125 0.075 0.0234375 0.0328125
1 0.4828125 0.0328125 0.0203125 0.0328125
1 0.5171875 0.0125 0.01875 0.025
1 0.5234375 0.04140625 0.0203125 0.0328125
1 0.553125 0.0140625 0.0171875 0.0265625
1 0.55390625 0.03515625 0.0203125 0.0328125
1 0.55 0.06875 0.0234375 0.0375
1 0.596875 0.02890625 0.01875 0.028125
1 0.5984375 0.0515625 0.0203125 0.0328125
1 0.61796875 0.03671875 0.01875 0.0328125
1 0.6265625 0.10703125 0.0203125 0.03125
1 0.65 0.0515625 0.01875 0.0296875
1 0.68125 0.06875 0.01875 0.03125
1 0.66484375 0.08046875 0.0203125 0.0328125
1 0.665625 0.10703125 0.0234375 0.0375
1 0.709375 0.1421875 0.021875 0.034375
1 0.70546875 0.08984375 0.021875 0.0328125
1 0.7390625 0.11484375 0.01875 0.0328125
1 0.7484375 0.16328125 0.0234375 0.0328125
1 0.73125 0.203125 0.025 0.034375
1 0.68515625 0.1828125 0.0265625 0.0390625
2 0.64609375 0.16640625 0.0234375 0.04375
1 0.59375 0.153125 0.028125 0.0390625
1 0.515625 0.1328125 0.028125 0.046875
1 0.46015625 0.13203125 0.025 0.034375
1 0.4234375 0.11171875 0.028125 0.046875
1 0.3796875 0.096875 0.025 0.0421875
1 0.3234375 0.16328125 0.0296875 0.0421875
1 0.37578125 0.1703125 0.0296875 0.046875
1 0.45078125 0.1890625 0.0296875 0.0484375
1 0.51796875 0.1953125 0.0328125 0.0484375
2 0.58203125 0.17890625 0.0296875 0.0484375
1 0.6296875 0.225 0.0296875 0.04375
2 0.67109375 0.2234375 0.03125 0.0515625
1 0.75859375 0.39453125 0.0296875 0.0484375
1 0.72578125 0.375 0.03125 0.0515625
1 0.67734375 0.35 0.034375 0.053125
1 0.62265625 0.328125 0.0328125 0.05
1 0.540625 0.309375 0.0375 0.059375
1 0.440625 0.25546875 0.0390625 0.0609375
1 0.36875 0.26015625 0.034375 0.059375
1 0.321875 0.21328125 0.0359375 0.05625
1 0.2546875 0.26171875 0.0328125 0.0515625
1 0.2484375 0.46484375 0.0453125 0.0671875
1 0.31015625 0.48984375 0.0453125 0.0859375
1 0.390625 0.496875 0.0453125 0.075
1 0.459375 0.54296875 0.046875 0.075
1 0.57578125 0.5609375 0.04375 0.0703125
1 0.509375 0.3921875 0.0421875 0.071875
1 0.60234375 0.4484375 0.0484375 0.075
2 0.6671875 0.43828125 0.0421875 0.0703125
2 0.7328125 0.44609375 0.040625 0.0734375
1 0.7765625 0.49375 0.0359375 0.0609375
1 0.775 0.71875 0.0484375 0.0703125
1 0.90546875 0.90703125 0.0359375 0.0640625
1 0.89609375 0.67265625 0.0328125 0.059375
1 0.92890625 0.6796875 0.0328125 0.059375
1 0.85859375 0.453125 0.028125 0.0484375
1 0.9 0.46796875 0.0296875 0.046875
1 0.8765625 0.39453125 0.028125 0.0421875
1 0.84765625 0.3859375 0.0296875 0.04375
1 0.83671875 0.29609375 0.0234375 0.0375
1 0.87265625 0.3140625 0.0265625 0.0421875
1 0.82890625 0.23828125 0.021875 0.0328125
1 0.8484375 0.26015625 0.021875 0.0359375
1 0.825 0.20390625 0.0203125 0.0328125
1 0.815625 0.1609375 0.0171875 0.028125
1 0.7765625 0.11015625 0.0171875 0.03125
1 0.803125 0.13046875 0.01875 0.028125