1 0.0171875 0.56875 0.02890625 0.05703125
3 0.03828125 0.60546875 0.071875 0.13984375
1 0.15390625 0.23046875 0.01796875 0.04453125
3 0.15859375 0.2484375 0.0453125 0.08125
1 0.18203125 0.19375 0.015625 0.03515625
0 0.19453125 0.2015625 0.04296875 0.05
1 0.19765625 0.13046875 0.01328125 0.03125
3 0.196875 0.14375 0.03671875 0.06484375
3 0.2609375 0.08359375 0.03515625 0.05546875
3 0.25 0.56875 0.06875 0.16484375
3 0.31953125 0.56796875 0.07265625 0.16953125
3 0.396875 0.58359375 0.07578125 0.13046875
3 0.478125 0.57890625 0.0703125 0.15625
3 0.57578125 0.571875 0.08203125 0.15546875
3 0.803125 0.64375 0.10078125 0.16953125
3 0.7609375 0.48046875 0.065625 0.1453125
3 0.70625 0.4484375 0.0609375 0.16875
3 0.64140625 0.43671875 0.06640625 0.13046875
3 0.56953125 0.45546875 0.07578125 0.13515625
3 0.4875 0.43125 0.08203125 0.13828125
0 0.215625 0.3234375 0.06640625 0.09375
3 0.27421875 0.29296875 0.0515625 0.125
0 0.328125 0.3359375 0.07734375 0.08046875
3 0.39453125 0.30546875 0.05 0.11640625
3 0.44140625 0.31875 0.06015625 0.12578125
3 0.50234375 0.31796875 0.0640625 0.10625
3 0.575 0.31796875 0.06015625 0.08046875
3 0.634375 0.34140625 0.053125 0.09453125
3 0.684375 0.34296875 0.04765625 0.075
0 0.73125 0.35546875 0.05703125 0.08515625
3 0.60625 0.21875 0.04296875 0.09609375
3 0.56484375 0.21796875 0.0421875 0.08046875
3 0.453125 0.21015625 0.06171875 0.08125
0 0.38671875 0.21875 0.06640625 0.0796875
3 0.30546875 0.21875 0.0578125 0.0796875
3 0.2546875 0.23125 0.05078125 0.084375
3 0.29921875 0.146875 0.04453125 0.08125
3 0.34375 0.153125 0.0484375 0.07578125
0 0.38828125 0.15546875 0.04140625 0.0515625
3 0.44140625 0.14296875 0.05546875 0.07109375
0 0.51015625 0.15546875 0.05546875 0.065625
3 0.5625 0.159375 0.05078125 0.09453125
3 0.609375 0.16796875 0.04140625 0.07109375
3 0.65078125 0.16875 0.04375 0.06875
0 0.66640625 0.128125 0.04453125 0.05
0 0.62265625 0.11640625 0.04609375 0.059375
3 0.58203125 0.1046875 0.03828125 0.06875
3 0.53828125 0.09296875 0.04140625 0.05625
3 0.5 0.09296875 0.03671875 0.06171875
3 0.46015625 0.08359375 0.04140625 0.06875
3 0.378125 0.10234375 0.04453125 0.06015625
0 0.3328125 0.1140625 0.04375 0.04921875
3 0.290625 0.10625 0.04140625 0.06171875
3 0.31640625 0.06796875 0.034375 0.05078125
3 0.353125 0.059375 0.03515625 0.05546875
3 0.38515625 0.05546875 0.03828125 0.05546875
3 0.32265625 0.04296875 0.03984375 0.04375
3 0.41875 0.02890625 0.03203125 0.0515625
0 0.4296875 0.05546875 0.03359375 0.05
3 0.46328125 0.04375 0.034375 0.0609375
3 0.44765625 0.028125 0.02421875 0.05390625
3 0.4890625 0.03125 0.02890625 0.04921875
3 0.5015625 0.05546875 0.034375 0.05546875
3 0.5234375 0.03125 0.028125 0.04140625
3 0.5484375 0.0390625 0.03359375 0.046875
3 0.56875 0.06875 0.0390625 0.05546875
3 0.58515625 0.04375 0.02890625 0.04375
3 0.609375 0.06796875 0.0359375 0.06015625
3 0.6546875 0.08046875 0.03359375 0.059375
3 0.68515625 0.071875 0.02734375 0.05546875
3 0.7125 0.08125 0.02890625 0.046875
3 0.73359375 0.1140625 0.0328125 0.053125
0 0.75703125 0.1515625 0.040625 0.05
3 0.759375 0.18984375 0.0421875 0.06484375
3 0.78515625 0.19375 0.025 0.05625
3 0.7765625 0.24296875 0.040625 0.06796875
3 0.81484375 0.25546875 0.03984375 0.07421875
3 0.80078125 0.31875 0.05078125 0.08671875
0 0.8421875 0.33046875 0.04921875 0.06484375
3 0.834375 0.40625 0.0484375 0.1046875
3 0.878125 0.40625 0.03984375 0.10078125
3 0.9 0.60546875 0.06875 0.090625
3 0.946875 0.61796875 0.0453125 0.11953125
3 0.95390625 0.80546875 0.08203125 0.10546875
3 0.50703125 0.21875 0.04921875 0.078125
1 0.321875 0.03046875 0.0140625 0.028125
1 0.29453125 0.09296875 0.015625 0.034375
1 0.315625 0.05625 0.01484375 0.03125
1 0.32578125 0.10546875 0.01796875 0.0296875
2 0.35390625 0.04375 0.01328125 0.028125
2 0.3765625 0.1234375 0.01484375 0.01953125
1 0.38125 0.090625 0.0171875 0.03046875
1 0.38203125 0.046875 0.01484375 0.03125
1 0.42265625 0.01640625 0.01484375 0.0265625
2 0.45078125 0.01015625 0.01328125 0.01875
1 0.4578125 0.03046875 0.01328125 0.03125
1 0.459375 0.06796875 0.01640625 0.034375
1 0.50390625 0.04375 0.01484375 0.0296875
1 0.496875 0.01796875 0.0140625 0.0265625
1 0.51875 0.021875 0.01328125 0.03125
1 0.5421875 0.08515625 0.01484375 0.03125
1 0.553125 0.0296875 0.01171875 0.02578125
1 0.5859375 0.040625 0.01328125 0.028125
1 0.56953125 0.05625 0.01484375 0.03046875
1 0.584375 0.08359375 0.015625 0.03125
1 0.63046875 0.10546875 0.0171875 0.0296875
1 0.61640625 0.05546875 0.01640625 0.03125
1 0.65234375 0.06796875 0.0140625 0.03046875
1 0.67265625 0.11796875 0.01796875 0.03203125
2 0.56875 0.134375 0.01640625 0.04375
1 0.61328125 0.15390625 0.01640625 0.03359375
1 0.66015625 0.15546875 0.02109375 0.0359375
1 0.60859375 0.19296875 0.01796875 0.0453125
1 0.571875 0.20546875 0.02109375 0.04140625
1 0.51328125 0.20390625 0.02109375 0.04453125
1 0.515625 0.14140625 0.01953125 0.03671875
1 0.440625 0.13125 0.01953125 0.03984375
1 0.38828125 0.2109375 0.021875 0.04453125
1 0.384375 0.14765625 0.01796875 0.03046875
1 0.34375 0.13359375 0.01953125 0.04453125
1 0.30390625 0.128125 0.01640625 0.03984375
1 0.309375 0.20390625 0.0203125 0.04375
1 0.25625 0.20703125 0.02109375 0.04453125
1 0.21015625 0.31875 0.02421875 0.04453125
1 0.26640625 0.25625 0.02578125 0.05078125
1 0.31953125 0.31953125 0.025 0.05625
1 0.44453125 0.28515625 0.02890625 0.05546875
1 0.503125 0.29765625 0.0265625 0.05625
1 0.5796875 0.30546875 0.025 0.04609375
1 0.64296875 0.31796875 0.0203125 0.0453125
1 0.69375 0.33125 0.02265625 0.04921875
1 0.68515625 0.37265625 0.021875 0.03046875
1 0.73203125 0.34296875 0.02109375 0.04921875
1 0.76875 0.434375 0.02421875 0.05625
2 0.71640625 0.39921875 0.02578125 0.06875
2 0.65 0.40625 0.0296875 0.06796875
1 0.58828125 0.42890625 0.03671875 0.065625
2 0.5859375 0.53046875 0.03359375 0.06875
1 0.484375 0.39296875 0.02890625 0.0640625
1 0.24765625 0.51875 0.03046875 0.06484375
1 0.3140625 0.53046875 0.02890625 0.078125
1 0.38984375 0.5546875 0.02890625 0.06640625
1 0.475 0.53203125 0.0328125 0.06875
1 0.81328125 0.6015625 0.03046875 0.071875
1 0.98125 0.81640625 0.0234375 0.0609375
1 0.92265625 0.58125 0.02109375 0.05078125
1 0.959375 0.5859375 0.0203125 0.05625
1 0.88515625 0.38046875 0.01796875 0.04609375
1 0.84375 0.38046875 0.01953125 0.04375
1 0.81640625 0.315625 0.01875 0.04140625
1 0.8546875 0.33046875 0.01953125 0.0390625
1 0.78671875 0.23125 0.0171875 0.0359375
1 0.82578125 0.240625 0.01875 0.0390625
1 0.76640625 0.17421875 0.01640625 0.03125
1 0.78828125 0.19296875 0.015625 0.034375
1 0.7625 0.14296875 0.015625 0.034375
1 0.7390625 0.103125 0.01328125 0.02890625
1 0.71796875 0.06796875 0.0140625 0.025
1 0.6890625 0.05703125 0.01171875 0.025