1 0.03125 0.63515625 0.0359375 0.0609375
3 0.0578125 0.66875 0.090625 0.1484375
1 0.11953125 0.28125 0.0234375 0.046875
3 0.1265625 0.2984375 0.05625 0.0875
1 0.1421875 0.240625 0.0203125 0.0375
0 0.15625 0.246875 0.05 0.05625
1 0.14921875 0.17578125 0.0171875 0.0328125
3 0.15 0.1890625 0.0453125 0.06875
3 0.20546875 0.12109375 0.0421875 0.059375
3 0.26171875 0.603125 0.090625 0.1734375
3 0.33046875 0.5921875 0.0953125 0.178125
3 0.409375 0.596875 0.09375 0.1390625
3 0.4890625 0.58125 0.090625 0.1640625
3 0.58515625 0.5609375 0.103125 0.165625
3 0.8203125 0.6 0.1234375 0.18125
3 0.75546875 0.44453125 0.0859375 0.153125
3 0.696875 0.4203125 0.084375 0.175
3 0.63125 0.41796875 0.084375 0.1390625
3 0.5625 0.44609375 0.09375 0.14375
3 0.478125 0.43359375 0.1 0.1484375
0 0.19375 0.36484375 0.078125 0.1015625
3 0.24765625 0.3265625 0.06875 0.13125
0 0.30703125 0.36171875 0.0875 0.090625
3 0.36875 0.321875 0.065625 0.121875
3 0.41640625 0.32890625 0.0765625 0.1328125
3 0.47734375 0.31953125 0.078125 0.1140625
3 0.54921875 0.309375 0.0703125 0.0875
3 0.6109375 0.32421875 0.065625 0.1015625
3 0.6609375 0.31875 0.0578125 0.08125
0 0.70859375 0.325 0.06875 0.0921875
3 0.56640625 0.20703125 0.05625 0.1015625
3 0.525 0.21171875 0.053125 0.0859375
3 0.41328125 0.21953125 0.071875 0.0890625
0 0.3484375 0.2375 0.0765625 0.0875
3 0.26796875 0.2484375 0.06875 0.0875
3 0.21953125 0.26796875 0.0625 0.090625
3 0.25234375 0.178125 0.0546875 0.0859375
3 0.296875 0.178125 0.0578125 0.08125
0 0.34140625 0.17421875 0.0484375 0.05625
3 0.3921875 0.1546875 0.0640625 0.078125
0 0.46171875 0.15703125 0.0640625 0.0734375
3 0.51484375 0.15390625 0.0640625 0.1
3 0.56171875 0.15625 0.0515625 0.0765625
3 0.603125 0.15078125 0.053125 0.0734375
0 0.61328125 0.10859375 0.0515625 0.05625
0 0.56796875 0.103125 0.0546875 0.065625
3 0.5265625 0.096875 0.046875 0.0734375
3 0.48125 0.09140625 0.0484375 0.0609375
3 0.44296875 0.096875 0.0453125 0.065625
3 0.40234375 0.09296875 0.05 0.0734375
3 0.32421875 0.1234375 0.053125 0.065625
0 0.28046875 0.14140625 0.05 0.0546875
3 0.2375 0.1390625 0.05 0.0671875
3 0.2578125 0.09765625 0.040625 0.0546875
3 0.29296875 0.084375 0.0421875 0.059375
3 0.32421875 0.07578125 0.0453125 0.0609375
3 0.2609375 0.071875 0.0453125 0.0484375
3 0.35390625 0.04453125 0.0390625 0.05625
0 0.36875 0.06953125 0.040625 0.0546875
3 0.4 0.053125 0.0421875 0.065625
3 0.3828125 0.03984375 0.03125 0.05625
3 0.42421875 0.0375 0.0359375 0.053125
3 0.43984375 0.059375 0.0421875 0.059375
3 0.4578125 0.0328125 0.034375 0.0453125
3 0.48359375 0.03671875 0.0390625 0.0515625
3 0.5078125 0.06328125 0.046875 0.0609375
3 0.52109375 0.03671875 0.034375 0.046875
3 0.5484375 0.05703125 0.04375 0.0640625
3 0.59453125 0.06328125 0.0421875 0.0640625
3 0.6234375 0.05 0.034375 0.059375
3 0.65234375 0.05546875 0.034375 0.05
3 0.67734375 0.08515625 0.040625 0.0578125
0 0.70625 0.11953125 0.046875 0.0546875
3 0.7140625 0.15703125 0.0515625 0.0703125
3 0.73984375 0.15703125 0.0328125 0.059375
3 0.73828125 0.20703125 0.05 0.0734375
3 0.778125 0.2140625 0.05 0.0796875
3 0.77265625 0.27890625 0.0625 0.0921875
0 0.815625 0.284375 0.0578125 0.0703125
3 0.81796875 0.3609375 0.0625 0.1109375
3 0.86171875 0.3546875 0.053125 0.1046875
3 0.9109375 0.5484375 0.08125 0.1
3 0.95859375 0.5546875 0.0609375 0.125
3 0.971875 0.7390625 0.05625 0.115625
3 0.46796875 0.2203125 0.059375 0.084375
1 0.25859375 0.06015625 0.0171875 0.0296875
1 0.23984375 0.12578125 0.0203125 0.0359375
1 0.25546875 0.0859375 0.01875 0.0328125
1 0.27265625 0.13359375 0.021875 0.03125
2 0.2921875 0.06875 0.0171875 0.0296875
2 0.325 0.14453125 0.0171875 0.021875
1 0.32578125 0.1109375 0.021875 0.0328125
1 0.3203125 0.06796875 0.01875 0.0328125
1 0.35625 0.03203125 0.01875 0.028125
2 0.3828125 0.021875 0.015625 0.0203125
1 0.39296875 0.040625 0.0171875 0.0328125
1 0.4 0.078125 0.0203125 0.0359375
1 0.440625 0.04765625 0.01875 0.03125
1 0.4296875 0.0234375 0.0171875 0.028125
1 0.45234375 0.02421875 0.0171875 0.0328125
1 0.484375 0.08359375 0.01875 0.0328125
1 0.4875 0.0265625 0.015625 0.0265625
1 0.52109375 0.0328125 0.0171875 0.0296875
1 0.50703125 0.05078125 0.01875 0.0328125
1 0.52578125 0.07578125 0.0203125 0.0328125
1 0.57421875 0.09140625 0.021875 0.03125
1 0.553125 0.04375 0.0203125 0.0328125
1 0.590625 0.05078125 0.01875 0.0328125
1 0.61796875 0.09765625 0.021875 0.034375
2 0.5171875 0.128125 0.021875 0.0453125
1 0.5640625 0.14140625 0.0203125 0.0359375
1 0.6109375 0.13671875 0.0265625 0.0390625
1 0.56484375 0.18046875 0.0234375 0.046875
1 0.53046875 0.1984375 0.0265625 0.04375
1 0.471875 0.2046875 0.0265625 0.046875
1 0.465625 0.14296875 0.025 0.0390625
1 0.38984375 0.14296875 0.025 0.0421875
1 0.34921875 0.2296875 0.028125 0.046875
1 0.33671875 0.1671875 0.021875 0.0328125
1 0.29453125 0.15859375 0.025 0.046875
1 0.25390625 0.159375 0.021875 0.0421875
1 0.2703125 0.23359375 0.0265625 0.046875
1 0.21796875 0.24375 0.0265625 0.046875
1 0.1875 0.3609375 0.0296875 0.046875
1 0.234375 0.29140625 0.0328125 0.053125
1 0.29609375 0.34609375 0.0328125 0.059375
1 0.41484375 0.2953125 0.0359375 0.059375
1 0.475 0.29921875 0.034375 0.059375
1 0.5515625 0.29609375 0.03125 0.0484375
1 0.61640625 0.3 0.0265625 0.0484375
1 0.66875 0.30625 0.0296875 0.0515625
1 0.665625 0.3484375 0.0265625 0.0328125
1 0.7078125 0.3125 0.028125 0.0515625
1 0.75703125 0.39765625 0.03125 0.059375
2 0.7 0.3703125 0.034375 0.071875
2 0.63515625 0.3859375 0.0390625 0.071875
1 0.57734375 0.4171875 0.0453125 0.0703125
2 0.5890625 0.51796875 0.0421875 0.0734375
1 0.46953125 0.39609375 0.0375 0.0671875
1 0.25234375 0.55390625 0.0390625 0.06875
1 0.3203125 0.55625 0.0390625 0.08125
1 0.3984375 0.56953125 0.0375 0.0703125
1 0.4796875 0.53515625 0.0421875 0.071875
1 0.82421875 0.55703125 0.040625 0.075
1 0.9296875 0.521875 0.028125 0.053125
1 0.9671875 0.52109375 0.028125 0.0578125
1 0.86484375 0.328125 0.0234375 0.0484375
1 0.8234375 0.33359375 0.025 0.0453125
1 0.7875 0.2734375 0.025 0.04375
1 0.82734375 0.2828125 0.025 0.040625
1 0.746875 0.19375 0.021875 0.0375
1 0.78671875 0.19765625 0.0234375 0.040625
1 0.71875 0.140625 0.0203125 0.0328125
1 0.74296875 0.15546875 0.0203125 0.0359375
1 0.71015625 0.11015625 0.0203125 0.0359375
1 0.68125 0.0734375 0.0171875 0.03125
1 0.65546875 0.0421875 0.0171875 0.0265625
1 0.62578125 0.03515625 0.015625 0.0265625