1 0.02421875 0.61015625 0.0328125 0.053125
3 0.04921875 0.64609375 0.084375 0.1453125
1 0.13203125 0.26171875 0.021875 0.0453125
3 0.13828125 0.27890625 0.0515625 0.084375
1 0.15625 0.22265625 0.01875 0.0359375
0 0.16953125 0.2296875 0.046875 0.053125
1 0.16640625 0.15859375 0.015625 0.0328125
3 0.1671875 0.171875 0.0421875 0.0671875
1 0.21953125 0.09921875 0.0203125 0.03125
3 0.2265625 0.10703125 0.0390625 0.0546875
3 0.25703125 0.590625 0.0828125 0.1703125
3 0.32578125 0.58359375 0.0875 0.175
3 0.4046875 0.5765625 0.0921875 0.171875
3 0.4859375 0.58203125 0.08125 0.15
3 0.584375 0.5734375 0.0921875 0.15
3 0.8125 0.6296875 0.11875 0.1671875
3 0.75859375 0.4578125 0.078125 0.15
3 0.69921875 0.42890625 0.0765625 0.1734375
3 0.6359375 0.43125 0.075 0.1265625
3 0.565625 0.44921875 0.0875 0.140625
3 0.4828125 0.43203125 0.09375 0.140625
0 0.2015625 0.34921875 0.075 0.0984375
3 0.2578125 0.31328125 0.0609375 0.125
3 0.30703125 0.33515625 0.075 0.10625
3 0.38125 0.31328125 0.0671875 0.11875
3 0.4265625 0.32265625 0.071875 0.1359375
3 0.4859375 0.31875 0.071875 0.1109375
3 0.55859375 0.3125 0.0671875 0.0859375
3 0.61875 0.31953125 0.059375 0.0859375
3 0.66953125 0.3265625 0.0546875 0.078125
0 0.71796875 0.3359375 0.0640625 0.0890625
3 0.58125 0.2109375 0.0515625 0.1
3 0.53984375 0.21328125 0.0484375 0.084375
3 0.42890625 0.22109375 0.06875 0.0859375
0 0.36328125 0.2296875 0.0734375 0.0859375
3 0.28203125 0.23671875 0.0640625 0.08125
3 0.23203125 0.253125 0.0578125 0.084375
3 0.2703125 0.171875 0.05 0.0890625
3 0.3140625 0.16796875 0.0546875 0.0796875
0 0.35859375 0.16640625 0.0453125 0.0546875
3 0.409375 0.14921875 0.0609375 0.0734375
0 0.48046875 0.15625 0.0609375 0.0703125
3 0.53359375 0.16171875 0.05625 0.090625
3 0.5796875 0.159375 0.046875 0.075
3 0.62421875 0.159375 0.053125 0.059375
0 0.63359375 0.11484375 0.0484375 0.053125
0 0.5890625 0.10703125 0.0515625 0.0625
3 0.54609375 0.0875 0.04375 0.071875
3 0.50234375 0.09140625 0.046875 0.059375
3 0.46484375 0.09453125 0.0421875 0.0640625
3 0.42421875 0.08828125 0.046875 0.071875
3 0.34375 0.11484375 0.05 0.0640625
0 0.3 0.13046875 0.0484375 0.053125
3 0.25703125 0.12578125 0.046875 0.065625
3 0.278125 0.0859375 0.040625 0.05625
3 0.3125 0.07421875 0.040625 0.0578125
3 0.34921875 0.0671875 0.04375 0.059375
3 0.28359375 0.06015625 0.04375 0.05
3 0.37734375 0.03828125 0.0375 0.05625
0 0.39140625 0.06328125 0.0375 0.053125
3 0.42578125 0.05625 0.040625 0.0625
3 0.40703125 0.034375 0.028125 0.05625
3 0.4484375 0.034375 0.0328125 0.0515625
3 0.4625 0.05703125 0.0390625 0.0625
3 0.4828125 0.03125 0.03125 0.04375
3 0.5078125 0.03671875 0.0390625 0.05
3 0.53125 0.0640625 0.04375 0.059375
3 0.5453125 0.03828125 0.0328125 0.046875
3 0.57109375 0.06015625 0.040625 0.0625
3 0.61640625 0.06875 0.0328125 0.046875
3 0.64609375 0.0578125 0.034375 0.0578125
3 0.67421875 0.0640625 0.0328125 0.04375
3 0.69921875 0.0953125 0.0375 0.05625
0 0.72578125 0.12578125 0.046875 0.059375
3 0.73125 0.16875 0.0484375 0.06875
3 0.75703125 0.1703125 0.0296875 0.0578125
3 0.753125 0.21953125 0.046875 0.071875
3 0.7921875 0.22890625 0.046875 0.078125
3 0.78359375 0.29296875 0.0578125 0.0875
0 0.82265625 0.3015625 0.05 0.078125
3 0.825 0.37734375 0.0578125 0.1078125
3 0.86875 0.3734375 0.0484375 0.103125
3 0.9078125 0.5703125 0.0765625 0.096875
3 0.95546875 0.57890625 0.05625 0.1234375
3 0.96640625 0.7640625 0.0671875 0.1125
3 0.4828125 0.21953125 0.05625 0.0828125
1 0.28203125 0.04765625 0.015625 0.0296875
1 0.278125 0.07421875 0.0171875 0.0328125
1 0.259375 0.1125 0.0171875 0.0359375
1 0.315625 0.06953125 0.0171875 0.03125
1 0.2921875 0.121875 0.01875 0.028125
1 0.3453125 0.09765625 0.0203125 0.0328125
1 0.3484375 0.05859375 0.0171875 0.03125
2 0.37734375 0.025 0.015625 0.0265625
2 0.41015625 0.01640625 0.015625 0.0203125
1 0.41796875 0.03984375 0.0171875 0.0328125
1 0.38828125 0.0515625 0.0171875 0.03125
1 0.421875 0.0734375 0.01875 0.0359375
1 0.46328125 0.04375 0.01875 0.03125
1 0.45234375 0.02109375 0.0171875 0.0265625
1 0.47734375 0.021875 0.015625 0.03125
1 0.5125 0.02734375 0.0125 0.0265625
1 0.50546875 0.08203125 0.01875 0.03125
1 0.5484375 0.075 0.01875 0.0328125
1 0.53203125 0.05078125 0.0171875 0.03125
1 0.546875 0.034375 0.015625 0.0296875
1 0.57734375 0.046875 0.0171875 0.03125
1 0.5953125 0.0953125 0.01875 0.034375
1 0.621875 0.06484375 0.015625 0.0265625
1 0.63984375 0.1046875 0.01875 0.0296875
1 0.634375 0.146875 0.0203125 0.0328125
1 0.5828125 0.14453125 0.01875 0.0359375
1 0.48828125 0.14296875 0.025 0.04375
2 0.53671875 0.134375 0.01875 0.040625
1 0.40546875 0.14140625 0.0203125 0.0453125
1 0.3546875 0.159375 0.0203125 0.03125
1 0.3140625 0.14921875 0.021875 0.0453125
1 0.27265625 0.146875 0.0203125 0.040625
1 0.23203125 0.22890625 0.025 0.0421875
1 0.28515625 0.221875 0.025 0.04375
1 0.36484375 0.221875 0.0265625 0.046875
1 0.42734375 0.20859375 0.025 0.0453125
1 0.48984375 0.203125 0.0234375 0.0453125
1 0.54375 0.2 0.025 0.0453125
2 0.58203125 0.184375 0.0234375 0.046875
1 0.71640625 0.32421875 0.025 0.05
1 0.67890625 0.3140625 0.025 0.0484375
1 0.675 0.3578125 0.0234375 0.0328125
1 0.621875 0.3046875 0.0296875 0.0484375
1 0.5671875 0.3 0.0265625 0.0484375
1 0.48515625 0.2984375 0.0328125 0.0578125
1 0.42578125 0.2859375 0.03125 0.059375
2 0.2875 0.3109375 0.0328125 0.0515625
1 0.24609375 0.27734375 0.0296875 0.0515625
1 0.19453125 0.34296875 0.028125 0.0484375
1 0.47734375 0.3953125 0.034375 0.065625
1 0.5828125 0.4203125 0.040625 0.0703125
1 0.640625 0.40625 0.0359375 0.06875
2 0.7046875 0.38203125 0.034375 0.0703125
1 0.76328125 0.41328125 0.0296875 0.0578125
1 0.25 0.53984375 0.0359375 0.0671875
2 0.31953125 0.54375 0.0359375 0.0796875
1 0.39765625 0.52890625 0.0375 0.071875
1 0.47890625 0.54921875 0.0390625 0.071875
1 0.5890625 0.53515625 0.0390625 0.0703125
1 0.83828125 0.5890625 0.040625 0.0640625
1 0.92890625 0.54765625 0.0265625 0.0578125
1 0.9625 0.54609375 0.0265625 0.0578125
1 0.99609375 0.77265625 0.0078125 0.0609375
1 0.83203125 0.35 0.0234375 0.0453125
2 0.8671875 0.3484375 0.0203125 0.0484375
1 0.79765625 0.278125 0.025 0.0421875
1 0.821875 0.28359375 0.0234375 0.0453125
1 0.7609375 0.20703125 0.0203125 0.0375
1 0.8015625 0.21328125 0.021875 0.0421875
1 0.7375 0.15546875 0.01875 0.0359375
1 0.76171875 0.16875 0.0171875 0.0359375
1 0.73046875 0.12109375 0.01875 0.0328125
1 0.703125 0.08359375 0.015625 0.0296875
1 0.68125 0.05234375 0.015625 0.0265625
1 0.65 0.0421875 0.0140625 0.0265625